4	9.87039878e-01	1.29601145e-02	7.20776160e-09	2.38134103e-20	2.44428127e-39	1.09496092e-58	1.43428378e-78	1.18379315e-98	1.42773615e-118	1.22953509e-138	3.10042387e-159	3.38226828e-179	2.75788347e-199	1.77859117e-219	
4.1	9.14729410e-01	8.52674533e-02	3.13672031e-06	1.23391373e-14	1.49946984e-33	7.83831592e-53	1.06477157e-72	1.04012071e-92	1.39194999e-112	1.15122818e-132	3.33689327e-153	4.21926900e-173	3.97481771e-193	2.95196265e-213	
4.2	6.69390094e-01	3.30338896e-01	2.71009497e-04	3.14067567e-10	4.51337290e-29	2.74719880e-48	3.84438678e-68	4.38341537e-88	6.25630191e-108	4.98430681e-128	1.69620787e-148	2.49024850e-168	2.71336882e-188	2.32229444e-208	
4.3	3.24704724e-01	6.69148400e-01	6.14618557e-03	6.91277220e-07	1.17442317e-25	8.27933145e-45	1.20874976e-64	1.59748071e-84	2.37367119e-104	1.83210188e-124	7.46182494e-145	1.27419698e-164	1.60751527e-184	1.58657252e-204	
4.4	1.17026275e-01	8.28861991e-01	5.38685216e-02	2.43212831e-04	4.89066621e-23	3.97098588e-42	6.21233379e-62	9.49157964e-82	1.45921035e-101	1.10621663e-121	5.45660053e-142	1.08569620e-161	1.58755366e-181	1.80818887e-201	
4.5	3.43453249e-02	7.10872946e-01	2.33793372e-01	2.09883579e-02	4.79444898e-19	4.47159950e-38	7.74396810e-58	1.36040477e-77	2.16304639e-97	1.64502730e-117	9.80174758e-138	2.27635281e-157	3.86208720e-177	5.07962173e-197	
4.6	5.21635283e-03	2.76453987e-01	3.55523042e-01	3.62806618e-01	9.50043798e-14	5.13840959e-31	1.01391298e-50	2.02196227e-70	3.30548025e-90	2.57797555e-110	1.81573148e-130	4.93043548e-150	9.71552669e-170	1.47661358e-189	
4.7	2.30831914e-04	2.80772219e-02	1.15269057e-01	8.56422889e-01	3.95329165e-10	2.77864477e-23	2.04228273e-41	4.54345435e-61	7.55454484e-81	6.14390439e-101	4.93605237e-121	1.56994128e-140	3.59682294e-160	6.32141680e-180	
4.8	8.99489635e-06	2.30094541e-03	2.56504157e-02	9.72039472e-01	1.72116545e-07	2.31151000e-17	1.88450765e-31	8.93314225e-50	1.49681511e-69	1.28031401e-89	1.13101944e-109	4.22069427e-129	1.12539843e-148	2.28883734e-168	
4.9	5.13519703e-07	2.57911803e-04	6.85951678e-03	9.92863336e-01	1.87219884e-05	1.00008279e-12	1.32834545e-23	7.10517615e-38	2.81817971e-55	2.53456220e-75	2.40083565e-95	1.05309047e-114	3.27138166e-134	7.70516442e-154	
5	4.39256085e-08	4.09275965e-05	2.34184502e-03	9.96933544e-01	6.83635981e-04	3.91609080e-09	1.81494692e-17	1.61642637e-28	3.69946719e-42	1.34493544e-58	1.35593205e-78	7.00269613e-98	2.53702490e-117	6.92551771e-137	
5.1	5.72209432e-09	9.39728230e-06	1.06442029e-03	9.88295107e-01	1.06288147e-02	2.25458211e-06	1.08807677e-12	3.49181726e-21	7.87031879e-32	8.81595347e-45	1.07163517e-60	5.72224194e-78	2.42047373e-97	7.66433529e-117	
5.2	1.10237755e-09	3.05850017e-06	6.40743209e-04	9.15218115e-01	8.38426134e-02	2.95462628e-04	5.85157185e-09	2.02231578e-15	1.11127205e-23	7.61217299e-34	2.18084873e-46	6.71209099e-60	3.31838186e-79	1.21994848e-98	
5.3	2.34196577e-10	1.06183712e-06	3.89371101e-04	6.57036173e-01	3.31714958e-01	1.08541181e-02	4.31725844e-06	6.29477189e-11	2.82870979e-17	3.32443744e-25	4.86813615e-35	1.54208117e-45	8.92149938e-65	3.81146639e-84	
5.4	3.65056073e-11	2.62933003e-07	1.61317156e-04	2.91941224e-01	5.90743406e-01	1.16618607e-01	5.35022612e-04	1.59578298e-07	2.50347750e-12	1.86533503e-18	4.17386402e-26	3.46233658e-34	2.34671044e-53	1.16629911e-72	
5.5	3.53637180e-12	3.95369963e-08	3.91088360e-05	7.67039939e-02	4.90068114e-01	4.18841643e-01	1.42976310e-02	4.94555225e-05	1.39026938e-08	3.00868145e-13	3.95543850e-19	2.89551420e-25	2.30222963e-44	1.33254016e-63	
5.6	2.26872456e-13	3.87325568e-09	5.99212823e-06	1.33839085e-02	2.25480664e-01	6.43436470e-01	1.14764682e-01	2.91962677e-03	8.64956979e-06	2.93770212e-09	1.06097148e-13	2.88715725e-18	2.69651373e-37	1.81987833e-56	
5.7	1.05671458e-14	2.71646501e-10	6.41162545e-07	1.72359050e-03	6.68505457e-02	5.20453984e-01	3.63112303e-01	4.69031128e-02	9.52709568e-04	3.11139725e-06	1.67803745e-09	8.53611722e-13	9.37787531e-32	7.38939037e-51	
5.8	3.41463948e-16	1.29932431e-11	4.58198717e-08	1.55621740e-04	1.25518772e-02	2.28599956e-01	4.94169673e-01	2.40430874e-01	2.35895188e-02	4.99961455e-04	2.45784656e-06	1.35302730e-08	3.02176856e-25	3.66676513e-44	
5.9	7.43689705e-18	4.10749226e-13	2.12519203e-09	9.47112741e-06	1.47031688e-03	5.58356309e-02	3.11617979e-01	4.52571292e-01	1.61797643e-01	1.61935454e-02	4.85402293e-04	1.87169243e-05	1.47619841e-18	1.43299206e-33	
6	1.08876490e-19	8.57256664e-15	6.40579713e-11	3.84977410e-07	1.08305465e-04	7.87076829e-03	9.87077994e-02	3.59038102e-01	3.75362336e-01	1.37307149e-01	1.81399254e-02	3.46522986e-03	1.90622370e-13	2.46705937e-25	
6.1	9.17937255e-22	1.01611017e-16	1.08172934e-12	8.93078202e-09	4.34007415e-06	5.65635955e-04	1.43592535e-02	1.14799422e-01	2.96779993e-01	3.23390965e-01	1.45555039e-01	1.04545341e-01	1.10580114e-09	4.59637659e-19	
6.2	3.30510652e-24	5.09106903e-19	7.63132584e-15	8.75172400e-11	7.06654107e-08	1.57197227e-05	7.46383585e-04	1.19005703e-02	6.70519644e-02	1.85125759e-01	2.32411429e-01	5.02747736e-01	3.67252272e-07	1.58278654e-14	
6.3	8.57111132e-27	1.82066976e-21	3.80388234e-17	6.08897318e-13	7.90607116e-10	2.88739533e-07	2.41061864e-05	7.11966818e-04	7.94886246e-03	4.89754844e-02	1.46998166e-01	7.95323378e-01	1.77467607e-05	3.23037850e-11	
6.4	3.07221422e-29	8.91798938e-24	2.57383734e-19	5.75073207e-15	1.16704043e-11	6.78163673e-09	9.47553269e-07	4.89169982e-05	1.00591545e-03	1.25140205e-02	7.96239086e-02	9.06485394e-01	3.20877798e-04	1.20886254e-08	
6.5	1.78996658e-31	7.02966246e-26	2.78085437e-21	8.64671417e-17	2.67502633e-13	2.41019209e-10	5.41786313e-08	4.66297326e-06	1.66643137e-04	3.86147784e-03	4.72208355e-02	9.45637201e-01	3.10774926e-03	1.37576359e-06	
6.6	1.67030297e-33	8.78212073e-28	4.72847885e-23	2.03581597e-18	9.39004223e-15	1.28355478e-11	4.49583343e-09	6.20927434e-07	3.67957422e-05	1.48386321e-03	3.20528852e-02	9.47838331e-01	1.85259896e-02	6.15101972e-05	
6.7	2.25334605e-35	1.57100815e-29	1.14388660e-24	6.77858724e-20	4.57023180e-16	9.29961599e-13	4.94496633e-10	1.06223666e-07	1.00493827e-05	6.66099927e-04	2.35842223e-02	9.01692744e-01	7.27773676e-02	1.26940962e-03	
6.8	3.76325482e-37	3.45368789e-31	3.38079705e-26	2.73917723e-21	2.65303707e-17	7.89756935e-14	6.23532497e-11	2.03013637e-08	2.97376525e-06	3.08938001e-04	1.68126616e-02	7.74982261e-01	1.94447330e-01	1.34458158e-02	
6.9	6.59533198e-39	7.92398761e-33	1.03724634e-27	1.14094017e-22	1.56374220e-18	6.70150110e-15	7.70849453e-12	3.72118526e-09	8.22826469e-07	1.28916947e-04	1.02473180e-02	5.58283619e-01	3.53771095e-01	7.75682244e-02	
7	1.05402083e-40	1.64968408e-34	2.87306484e-29	4.26016521e-24	8.15694213e-20	4.96147164e-16	8.17876249e-13	5.74412375e-10	1.87622462e-07	4.29843097e-05	4.81106496e-03	3.12148873e-01	4.31666265e-01	2.51330624e-01	
7.1	1.47254549e-42	2.98600674e-36	6.88741563e-31	1.36703341e-25	3.61620783e-21	3.08302206e-17	7.17953296e-14	7.21619094e-11	3.41790085e-08	1.11754267e-05	1.71968142e-03	1.35337264e-01	3.68448896e-01	4.94482949e-01	
7.2	1.95278763e-44	5.09983865e-38	1.55116894e-32	4.09318972e-27	1.48159176e-22	1.75054385e-18	5.68919101e-15	8.06718145e-12	5.45209512e-09	2.49687587e-06	5.20757916e-04	5.07335253e-02	2.52324194e-01	6.96419021e-01	
7.3	2.71489572e-46	9.07482670e-40	3.62545580e-34	1.26394325e-28	6.20749641e-24	1.00598676e-19	4.51553909e-16	8.92354617e-13	8.48632825e-10	5.36559895e-07	1.50479161e-04	1.84877383e-02	1.58850671e-01	8.22510574e-01	
7.4	4.16252462e-48	1.76989574e-41	9.25473335e-36	4.23790069e-30	2.80340145e-25	6.17469335e-21	3.79436555e-17	1.03427423e-13	1.36759227e-10	1.18059126e-07	4.43304570e-05	6.97422954e-03	9.90904141e-02	8.93890908e-01	
7.5	7.13735372e-50	3.83723768e-43	2.61764949e-37	1.56585811e-31	1.38620626e-26	4.11685843e-22	3.43661134e-18	1.28088301e-14	2.33160903e-11	2.72539852e-08	1.36716096e-05	2.78699984e-03	6.31440565e-02	9.34055245e-01	
7.6	1.36709365e-51	9.24208625e-45	8.20193337e-39	6.37768845e-33	7.51153535e-28	2.98699687e-23	3.36360692e-19	1.70104917e-15	4.22608215e-12	6.64667451e-09	4.44713472e-06	1.18447352e-03	4.14895730e-02	9.57321500e-01	
7.7	2.90328566e-53	2.45455314e-46	2.82669140e-40	2.84415849e-34	4.43341538e-29	2.34663267e-24	3.54264545e-20	2.41434355e-16	8.12572680e-13	1.71080590e-09	1.52481346e-06	5.33577252e-04	2.81268152e-02	9.71338081e-01	
7.8	6.78302015e-55	7.13468095e-48	1.06383892e-41	1.37963261e-35	2.83278851e-30	1.98583769e-25	3.99679525e-21	3.64802222e-17	1.65185956e-13	4.63454713e-10	5.49441724e-07	2.53461347e-04	1.96290075e-02	9.80116981e-01	
7.9	1.72939439e-56	2.25137095e-49	4.33804463e-43	7.22542847e-37	1.94604635e-31	1.79852152e-26	4.80177398e-22	5.83692950e-18	3.53473990e-14	1.31610659e-10	2.07180924e-07	1.26156160e-04	1.40517403e-02	9.85821896e-01	
8	4.76778585e-58	7.64405057e-51	1.90035783e-44	4.05332872e-38	1.42678047e-32	1.73107158e-27	6.10361072e-23	9.83213029e-19	7.91832487e-15	3.89780016e-11	8.13091569e-08	6.53586616e-05	1.02787224e-02	9.89655838e-01	
