4	9.99567076e-01	4.32923777e-04	4.48649119e-14	2.41573869e-31	3.99573041e-50	3.59943286e-70	8.84838088e-91	1.54494803e-110	3.98059372e-130	5.56921122e-150	4.02894540e-170	1.93792467e-190	4.42731580e-211	9.52582095e-232	8.02241953e-253	1.96080059e-273	9.21298966e-294	1.00000000e-300	1.00000000e-300	
4.1	9.76282767e-01	2.37172303e-02	2.37914314e-09	2.99104141e-22	5.88023711e-41	5.52757766e-61	1.48762754e-81	2.56717668e-101	7.74225429e-121	1.23868141e-140	9.78730572e-161	5.37852707e-181	1.44041968e-201	3.05568569e-222	2.69770079e-243	7.11944683e-264	3.85689736e-284	1.00000000e-300	1.00000000e-300	
4.2	6.17577696e-01	3.82412702e-01	9.60174289e-06	3.87512180e-15	1.98424092e-31	1.95858347e-51	5.88357558e-72	9.98960147e-92	3.53251581e-111	6.42567679e-131	5.53842164e-151	3.46541211e-171	1.09995623e-191	2.36336263e-212	2.27159038e-233	6.55279056e-254	4.09959369e-274	2.04102046e-294	1.00000000e-300	
4.3	1.06321144e-01	8.91766239e-01	1.91261663e-03	4.94550976e-10	2.72368308e-22	4.17394990e-40	1.42217789e-60	2.38652486e-80	9.91205240e-100	2.04296393e-119	1.91593729e-139	1.34103541e-159	5.05841126e-180	1.13305512e-200	1.22868356e-221	3.88197389e-242	2.80956350e-262	1.61432056e-282	1.00000000e-300	
4.4	1.34026389e-02	9.16631882e-01	6.99629535e-02	2.52511491e-06	2.00455962e-15	3.12238363e-29	9.45072454e-47	1.54706727e-66	7.55957620e-86	1.76902539e-105	1.81063375e-125	1.38374762e-145	6.16396105e-166	1.47593828e-186	1.85580249e-207	6.42146192e-228	5.38532533e-248	3.57520104e-268	1.96785614e-288	
4.5	1.25985451e-03	4.59701064e-01	5.38498269e-01	5.40812400e-04	8.28281477e-11	2.05789308e-21	4.56103353e-35	4.76803166e-54	2.74529691e-73	7.34960219e-93	8.30698184e-113	6.81738354e-133	3.55016588e-153	9.28633503e-174	1.37677317e-194	5.24205441e-215	5.10324611e-235	3.91894188e-255	2.48632272e-275	
4.6	1.00181037e-04	1.28298026e-01	8.63291539e-01	8.31020348e-03	5.05490481e-08	4.25505449e-16	1.11191843e-26	1.26602180e-41	1.10273631e-58	3.41499584e-78	4.34212674e-98	3.82465141e-118	2.31250463e-138	6.74179945e-159	1.18756376e-179	5.02311038e-200	5.68572475e-220	5.05577516e-240	3.69952814e-260	
4.7	1.73586502e-05	4.94187293e-02	9.00880925e-01	4.96779423e-02	5.04458795e-06	3.90662610e-12	2.73543854e-20	4.61566720e-32	2.88747035e-45	1.04622282e-64	1.52706506e-84	1.46172592e-104	1.02642084e-124	3.39739454e-145	7.13198955e-166	3.37672911e-186	4.45179247e-206	4.58853069e-226	3.87544821e-246	
4.8	4.98216209e-06	2.19078430e-02	7.93992950e-01	1.83911075e-01	1.83145523e-04	4.68554554e-09	2.68412028e-15	1.47035399e-24	1.12636273e-34	4.81084326e-54	8.17836812e-74	8.62806275e-94	7.06986459e-114	2.69646615e-134	6.76314559e-155	3.57970973e-175	5.50631390e-195	6.58579089e-215	6.42390839e-235	
4.9	1.50681999e-06	8.65291083e-03	5.56402060e-01	4.32075091e-01	2.86728301e-03	1.14770248e-06	2.13700017e-11	1.19909162e-18	2.75690528e-26	1.38649430e-45	2.74662105e-65	3.20044401e-85	3.06233280e-105	1.35819967e-125	4.07745323e-146	2.38754727e-166	4.29214265e-186	5.96321415e-206	6.72282630e-226	
5	3.92030569e-07	2.83032385e-03	3.05845164e-01	6.69290265e-01	2.19536729e-02	8.01585070e-05	2.40465568e-08	5.68144267e-14	1.28207024e-19	7.50143492e-39	1.70258856e-58	2.15861825e-78	2.38292277e-98	1.23186661e-118	4.41181366e-139	2.82356074e-159	5.94258690e-179	9.60061213e-199	1.25180746e-218	
5.1	8.75321129e-08	8.04873640e-04	1.40997521e-01	7.58870514e-01	9.71526814e-02	2.16815707e-03	6.16497075e-06	3.06203766e-10	2.78783696e-14	7.79556651e-30	3.24535867e-48	4.37273798e-68	5.43136541e-88	3.25582389e-108	1.37446128e-128	9.56612809e-149	2.36107416e-168	4.44019589e-188	6.70076646e-208	
5.2	1.64327195e-08	1.97185507e-04	5.45972163e-02	6.49037406e-01	2.68667217e-01	2.70147947e-02	4.85870569e-04	2.93495703e-07	5.31620310e-10	5.58354881e-22	2.47670152e-36	4.11471024e-53	1.56192024e-72	1.07237916e-92	5.24211349e-113	3.99064669e-133	1.15711166e-152	2.53569053e-172	4.43232801e-192	
5.3	2.27920002e-09	3.65488968e-05	1.57190246e-02	3.78995601e-01	4.36086764e-01	1.56096427e-01	1.30023730e-02	6.19847433e-05	1.27484589e-06	9.33368592e-16	6.69385004e-27	4.35122762e-40	2.20936777e-55	6.95729279e-73	1.58063142e-92	1.33600830e-112	4.55882174e-132	1.16537277e-151	2.36134862e-171	
5.4	1.94953412e-10	4.26529301e-06	2.81201676e-03	1.28388299e-01	3.63344265e-01	3.85213936e-01	1.16650381e-01	3.12041282e-03	4.66423607e-04	6.10960865e-11	1.58382120e-19	7.63488993e-30	7.62716634e-42	1.10283009e-55	2.69458759e-71	5.88719754e-89	1.26058827e-107	3.76317473e-127	8.84641089e-147	
5.5	9.40220928e-12	2.84762758e-07	2.83057387e-04	2.31480635e-02	1.45901752e-01	3.96581310e-01	3.61362771e-01	4.16676365e-02	3.10548813e-02	2.44302257e-07	6.96076349e-14	6.69118413e-22	2.88979683e-31	3.54800197e-42	1.46351863e-54	1.39846793e-68	2.44027604e-83	8.51694836e-103	2.32493881e-122	
5.6	2.04334930e-13	8.63523774e-09	1.27285125e-05	1.78202555e-03	2.30656032e-02	1.43497391e-01	3.39441286e-01	1.38157277e-01	3.53972941e-01	7.07382556e-05	8.62648147e-10	5.86380873e-16	3.29283168e-23	9.08061479e-32	1.46601958e-41	1.17863494e-52	2.78723176e-64	1.13866809e-83	3.61286955e-103	
5.7	1.90514806e-15	1.12892584e-10	2.44223759e-07	5.63928048e-05	1.40267765e-03	1.82571016e-02	9.99346949e-02	1.23385440e-01	7.55014422e-01	1.94854505e-03	4.81425503e-07	1.01892936e-11	2.86173172e-17	6.20798754e-24	1.23533120e-31	2.26117231e-40	1.74248153e-49	8.34282071e-69	3.08000912e-88	
5.8	1.82208195e-17	1.51861044e-12	4.80031615e-09	1.77144312e-06	8.02340791e-05	2.03412682e-03	2.35468142e-02	7.80584486e-02	8.79186282e-01	1.70455972e-02	4.67046260e-05	1.59382592e-08	1.04185545e-12	7.71991586e-18	7.57521910e-24	1.11715262e-30	9.03999437e-38	5.07921922e-57	2.18423464e-76	
5.9	2.29961862e-19	2.69734372e-14	1.24133803e-10	7.12443398e-08	5.61975414e-06	2.62027768e-04	5.96930736e-03	4.76856849e-02	8.63002588e-01	8.15556613e-02	1.51418560e-03	4.85036168e-06	3.96128353e-09	5.11390971e-13	1.19331306e-17	6.17805407e-23	2.13416805e-28	1.40906381e-47	7.06687303e-67	
6	3.44709671e-21	5.68293097e-16	3.78433442e-12	3.29794704e-09	4.36154608e-07	3.56616755e-05	1.50616730e-03	2.62225141e-02	7.14913970e-01	2.36869564e-01	2.00643175e-02	3.85007101e-04	2.35508724e-06	3.05117575e-09	9.43761998e-13	8.76331926e-17	6.31790905e-21	4.90940170e-40	2.87536705e-59	
6.1	5.19319794e-23	1.19945554e-17	1.14652349e-13	1.48495279e-10	3.18553464e-08	4.38499556e-06	3.26068881e-04	1.12896003e-02	4.49138064e-01	4.11881588e-01	1.17658703e-01	9.41383797e-03	2.85354742e-04	2.36085973e-06	6.03975816e-09	5.81106284e-12	4.94991004e-15	4.17527949e-32	6.99092623e-51	
6.2	6.64860353e-25	2.13936321e-19	2.90558427e-15	5.48993097e-12	1.85519873e-09	4.14854636e-07	5.19016905e-05	3.29851601e-03	1.88475427e-01	4.05787299e-01	3.13921616e-01	7.94606311e-02	8.68009744e-03	3.19448564e-04	4.61612162e-06	2.94115696e-08	1.88242007e-10	5.18837617e-24	5.02394994e-39	
6.3	6.37972974e-27	2.83771434e-21	5.41571992e-17	1.46903517e-13	7.61785727e-11	2.68117701e-08	5.42312480e-06	5.91549909e-04	4.82120317e-02	2.17114823e-01	3.89132414e-01	2.55036915e-01	7.94510968e-02	9.84606538e-03	5.91606631e-04	1.74620068e-05	5.85662055e-07	1.05858066e-17	1.05618884e-29	
6.4	4.24073050e-29	2.58608278e-23	6.86944302e-19	2.63831072e-15	2.05187985e-12	1.10527526e-09	3.49141551e-07	6.19115652e-05	7.17937281e-03	6.22000502e-02	2.30862470e-01	3.39514132e-01	2.54837720e-01	8.64048920e-02	1.69504679e-02	1.75686231e-03	2.31770430e-04	7.67109662e-13	2.00322269e-22	
6.5	1.77057475e-31	1.46936546e-25	5.39547905e-21	2.89862579e-17	3.31359898e-14	2.66579304e-11	1.27661403e-08	3.52441769e-06	5.81338490e-04	9.09999831e-03	6.44106027e-02	1.91648834e-01	3.06645391e-01	2.44098089e-01	1.29554382e-01	3.82077632e-02	1.57500604e-02	3.46347686e-09	7.97044437e-17	
6.6	3.64973444e-34	4.09493120e-28	2.06832491e-23	1.53782829e-19	2.53966775e-16	2.98762556e-13	2.11492707e-10	8.78605310e-08	2.06074119e-05	5.54909722e-04	7.03356432e-03	3.92068783e-02	1.22122475e-01	2.03726999e-01	2.53095529e-01	1.81143189e-01	1.93094501e-01	1.25877382e-06	1.07528983e-12	
6.7	3.84280536e-37	5.79645380e-31	4.00764784e-26	4.08583882e-22	9.60077440e-19	1.62188471e-15	1.66139135e-12	1.01114937e-09	3.36812930e-07	1.49915596e-05	3.23708450e-04	3.18593418e-03	1.80255727e-02	5.78446308e-02	1.50362309e-01	2.30885832e-01	5.39302036e-01	5.46467120e-05	8.72023907e-10	
6.8	3.98425069e-40	8.03878238e-34	7.57136828e-29	1.04989226e-24	3.46435023e-21	8.27590636e-18	1.20513138e-14	1.05225690e-11	4.96676202e-09	3.53428431e-07	1.24760834e-05	2.06593562e-04	2.01000906e-03	1.16120469e-02	5.77967957e-02	1.72381059e-01	7.55273872e-01	7.06667359e-04	1.22185716e-07	
6.9	5.89479346e-43	1.58344779e-36	2.02170248e-31	3.78598241e-27	1.73487688e-23	5.78456925e-20	1.18005900e-16	1.45460446e-13	9.70152780e-11	1.07291006e-08	5.98597182e-07	1.60313684e-05	2.56497687e-04	2.53039094e-03	2.24311394e-02	1.19500664e-01	8.50446494e-01	4.81232054e-03	5.85256128e-06	
7	1.29652950e-45	4.61511818e-39	7.94566676e-34	1.99672374e-29	1.25869901e-25	5.79377747e-22	1.63628168e-18	2.81164742e-15	2.64036323e-12	4.42639093e-10	3.79656600e-08	1.59237710e-06	4.03950769e-05	6.51829651e-04	9.68309327e-03	8.57654417e-02	8.82256174e-01	2.14710028e-02	1.30432435e-04	
7.1	3.93182587e-48	1.84631342e-41	4.26173901e-36	1.42873203e-31	1.22896088e-27	7.73669617e-24	2.99556814e-20	7.10418824e-17	9.35056735e-14	2.32507124e-11	2.99538375e-09	1.91662761e-07	7.48242553e-06	1.90682658e-04	4.51229418e-03	6.25881440e-02	8.62074404e-01	6.90287655e-02	1.59803294e-03	
7.2	1.47258045e-50	9.08591641e-44	2.79613605e-38	1.24385665e-33	1.44962889e-29	1.23799150e-25	6.51735308e-22	2.11577373e-18	3.88238908e-15	1.40491584e-12	2.66449938e-10	2.54360160e-08	1.49095417e-06	5.83130347e-05	2.10963902e-03	4.37162426e-02	7.75645865e-01	1.66610221e-01	1.18582030e-02	
7.3	6.06887507e-53	4.90237992e-46	2.00129164e-40	1.17534519e-35	1.84415114e-31	2.12126970e-27	1.50768901e-23	6.65306547e-20	1.69189716e-16	8.76370007e-14	2.40445976e-11	3.35891031e-09	2.89488657e-07	1.69622626e-05	9.08019811e-04	2.71519951e-02	6.12667423e-01	3.03294166e-01	5.59611407e-02	
7.4	2.48979433e-55	2.62461441e-48	1.41508425e-42	1.09223987e-37	2.29372952e-33	3.53088562e-29	3.36701980e-25	2.00737490e-21	7.03076430e-18	5.13477230e-15	2.00700358e-12	4.03414304e-10	5.02115939e-08	4.31754083e-06	3.33353405e-04	1.40379958e-02	4.03311352e-01	4.10843731e-01	1.71469200e-01	
7.5	9.69794816e-58	1.33076375e-50	9.44004355e-45	9.53673101e-40	2.66630472e-35	5.46038881e-31	6.94716762e-27	5.56444477e-23	2.66747123e-19	2.71068303e-16	1.48907502e-13	4.24299324e-11	7.50960633e-09	9.30866064e-07	1.01622492e-04	5.92896747e-03	2.18407934e-01	4.20194518e-01	3.55366019e-01	
7.6	3.68414426e-60	6.56521000e-53	6.10694562e-47	8.04651969e-42	2.98059173e-37	8.07716448e-33	1.36404294e-28	1.46019968e-24	9.52359448e-21	1.33117807e-17	1.01593264e-14	4.05084885e-12	1.00584721e-09	1.76989587e-07	2.69047116e-05	2.15113329e-03	1.02472662e-01	3.48618156e-01	5.46730966e-01	
7.7	1.44954052e-62	3.34869014e-55	4.07226921e-49	6.97681981e-44	3.40967443e-39	1.21682242e-34	2.71492070e-30	3.86504950e-26	3.41058790e-22	6.49170487e-19	6.81484642e-16	3.76052631e-13	1.29497439e-10	3.19180510e-08	6.67559045e-06	7.25971197e-04	4.50703005e-02	2.57362331e-01	6.96834690e-01	
7.8	6.18923274e-65	1.85071533e-57	2.93353030e-51	6.51706651e-46	4.18644270e-41	1.95927833e-36	5.75176269e-32	1.08398910e-27	1.28731889e-23	3.30802529e-20	4.73628859e-17	3.58363677e-14	1.69482047e-11	5.78517931e-09	1.64888034e-06	2.42553186e-04	1.97427950e-02	1.81222232e-01	7.98790765e-01	
7.9	2.92477385e-67	1.13067508e-59	2.32950064e-53	6.69551093e-48	5.63507385e-43	3.44623749e-38	1.32631777e-33	3.29525552e-29	5.24029851e-25	1.80535315e-21	3.49960360e-18	3.60202381e-15	2.32019570e-12	1.08633494e-09	4.18838041e-07	8.29755253e-05	8.88994064e-03	1.26484533e-01	8.64542131e-01	
8	1.53580487e-69	7.66874038e-62	2.04826420e-55	7.60140485e-50	8.35745422e-45	6.65826789e-40	3.34888803e-35	1.09273637e-30	2.31604023e-26	1.06379940e-22	2.77413090e-19	3.85679689e-16	3.35917272e-13	2.13960562e-10	1.10916165e-07	2.94810944e-05	4.16683161e-03	8.90606163e-02	9.06742960e-01	
