4	4.25227034e-01	5.74772966e-01	1.05935422e-10	1.98440951e-27	1.94226242e-46	1.07491417e-65	
4.1	9.68911608e-02	9.03108797e-01	4.18045476e-08	8.89888645e-21	1.01474257e-39	6.50559412e-59	
4.2	3.15988713e-02	9.68397614e-01	3.51441510e-06	1.32320743e-15	1.75944397e-34	1.30774786e-53	
4.3	1.55861517e-02	9.84294026e-01	1.19822621e-04	1.82090489e-11	2.82600008e-30	2.43725751e-49	
4.4	9.14968486e-03	9.88739206e-01	2.11106896e-03	4.00477341e-08	7.26133850e-27	7.27319381e-46	
4.5	5.58516105e-03	9.72448632e-01	2.19457502e-02	2.04565571e-05	4.33778432e-24	5.05086551e-43	
4.6	3.10953771e-03	8.56834753e-01	1.37063418e-01	2.99229140e-03	7.42854298e-22	1.00657764e-40	
4.7	1.11676172e-03	4.84813311e-01	4.00499613e-01	1.13570315e-01	3.30453662e-20	5.21656372e-39	
4.8	1.22412549e-04	8.36278864e-02	2.77301787e-01	6.38947914e-01	2.18167758e-19	4.01730455e-38	
4.9	6.12353830e-06	6.57478564e-03	7.15784504e-02	9.21840640e-01	1.42335154e-15	3.06123438e-34	
5	3.58715674e-07	6.03681374e-04	1.83736975e-02	9.81022262e-01	4.86273604e-12	4.88487831e-28	
5.1	2.90368663e-08	7.62392851e-05	5.70392035e-03	9.94219808e-01	3.19354951e-09	1.42047441e-21	
5.2	3.14730544e-09	1.28051492e-05	2.12425237e-03	9.97862356e-01	5.83378286e-07	2.16630319e-16	
5.3	4.36007967e-10	2.72586092e-06	9.23042851e-04	9.99035423e-01	3.88074310e-05	3.19791162e-12	
5.4	7.51293730e-11	7.14422697e-07	4.62048712e-04	9.98380255e-01	1.15697402e-03	7.38564838e-09	
5.5	1.62559205e-11	2.32448574e-07	2.71970977e-04	9.81938165e-01	1.77858192e-02	3.81265632e-06	
5.6	4.25434508e-12	9.03818553e-08	1.83016218e-04	8.59587374e-01	1.39712012e-01	5.17507373e-04	
5.7	1.03745771e-12	3.23579576e-08	1.09238149e-04	5.26282993e-01	4.56385116e-01	1.72226209e-02	
5.8	1.96944864e-13	8.90823758e-09	4.85163705e-05	2.15300728e-01	6.26481872e-01	1.58168875e-01	
5.9	2.66212726e-14	1.72505025e-09	1.46989216e-05	6.05271947e-02	4.25432601e-01	5.14025503e-01	
6	2.68360802e-15	2.46460526e-10	3.19631796e-06	1.29172809e-02	1.81920161e-01	8.05159361e-01	
6.1	2.63303497e-16	3.39513599e-11	6.54247732e-07	2.76931625e-03	7.07116230e-02	9.26518407e-01	
6.2	2.86781781e-17	5.14822841e-12	1.44221313e-07	6.77632250e-04	2.96283370e-02	9.69693886e-01	
6.3	3.52545037e-18	8.75093554e-13	3.49951061e-08	1.91630563e-04	1.38123136e-02	9.85996021e-01	
6.4	4.82115884e-19	1.64748386e-13	9.26874701e-09	6.14923506e-05	7.10141837e-03	9.92837080e-01	
6.5	7.23309827e-20	3.39302433e-14	2.65221548e-09	2.19429842e-05	3.96168152e-03	9.96016373e-01	
6.6	1.17993167e-20	7.57948939e-15	8.13280996e-10	8.57087701e-06	2.36410062e-03	9.97627328e-01	
6.7	2.07387316e-21	1.81907000e-15	2.65021837e-10	3.61323940e-06	1.49055817e-03	9.98505828e-01	
6.8	3.89176002e-22	4.64485417e-16	9.10470986e-11	1.62225742e-06	9.82288990e-04	9.99016089e-01	
6.9	7.75697584e-23	1.25469004e-16	3.28485413e-11	7.68884193e-07	6.71654301e-04	9.99327577e-01	
7	1.63251491e-23	3.56364816e-17	1.23882425e-11	3.81817105e-07	4.73368902e-04	9.99526249e-01	
7.1	3.59832077e-24	1.05548955e-17	4.84970478e-12	1.97023898e-07	3.41729854e-04	9.99658073e-01	
7.2	8.24896896e-25	3.23803259e-18	1.95898508e-12	1.04950516e-07	2.51423741e-04	9.99748471e-01	
7.3	1.96003034e-25	1.02578886e-18	8.13864857e-13	5.75008386e-08	1.88149056e-04	9.99811793e-01	
7.4	4.80612604e-26	3.34223425e-19	3.46262982e-13	3.22567855e-08	1.42895531e-04	9.99857072e-01	
7.5	1.20945965e-26	1.11425824e-19	1.50144850e-13	1.84311606e-08	1.09878552e-04	9.99890103e-01	
7.6	3.11186858e-27	3.78774829e-20	6.61460740e-14	1.06834724e-08	8.53235102e-05	9.99914666e-01	
7.7	8.16500714e-28	1.30981132e-20	2.95505146e-14	6.26612875e-09	6.67542535e-05	9.99933239e-01	
7.8	2.17852949e-28	4.59397761e-21	1.33548319e-14	3.70878677e-09	5.24656837e-05	9.99947531e-01	
7.9	5.89731177e-29	1.63049706e-21	6.09305175e-15	2.21062451e-09	4.13305191e-05	9.99958667e-01	
8	1.61705617e-29	5.84621897e-22	2.80311901e-15	1.32572547e-09	3.26036370e-05	9.99967395e-01	
