4	9.57745708e-01	4.22541801e-02	1.12286925e-07	2.11037880e-26	1.93950813e-45	
4.1	7.85143995e-01	2.14797042e-01	5.89622752e-05	1.29277720e-23	1.37846242e-42	
4.2	4.38676353e-01	5.54884343e-01	6.43930432e-03	1.64852521e-21	2.04128977e-40	
4.3	1.46815099e-01	6.87426534e-01	1.65758367e-01	4.95970699e-20	7.13873423e-39	
4.4	1.75269049e-02	2.55376056e-01	7.27097039e-01	2.54532325e-19	4.26309458e-38	
4.5	1.12637228e-03	4.45281942e-02	9.54345434e-01	3.91269498e-19	7.63422888e-38	
4.6	9.15383922e-05	8.79858954e-03	9.91109872e-01	5.16732090e-18	1.17596798e-36	
4.7	1.05008289e-05	2.24583878e-03	9.97743660e-01	6.95622308e-14	1.84897748e-32	
4.8	1.62167043e-06	7.17664529e-04	9.99280714e-01	1.39803853e-10	2.09266800e-26	
4.9	3.19496185e-07	2.75433106e-04	9.99724185e-01	6.22206726e-08	4.60995426e-20	
5	7.68464933e-08	1.22612872e-04	9.99868944e-01	8.36589536e-06	5.64401147e-15	
5.1	2.18146776e-08	6.16643652e-05	9.99503689e-01	4.34624913e-04	6.95587698e-11	
5.2	7.17614668e-09	3.45949901e-05	9.89475436e-01	1.04898255e-02	1.36835422e-07	
5.3	2.57273367e-09	2.04533864e-05	8.77314485e-01	1.22609266e-01	5.57931314e-05	
5.4	7.39015536e-10	9.40248332e-06	4.80498707e-01	5.15322901e-01	4.16898872e-03	
5.5	1.62534069e-10	3.22164384e-06	1.59823902e-01	7.74882252e-01	6.52906240e-02	
5.6	3.31634620e-11	9.99257624e-07	4.43669597e-02	6.07105827e-01	3.48526214e-01	
5.7	5.08678983e-12	2.27833232e-07	9.21599898e-03	2.61107554e-01	7.29676219e-01	
5.8	6.83548366e-13	4.46058629e-08	1.74137362e-03	8.73802826e-02	9.10878299e-01	
5.9	9.91720796e-14	9.26733984e-09	3.72011860e-04	3.07769789e-02	9.68851000e-01	
6	1.61829175e-14	2.13533580e-09	9.33472197e-05	1.22880831e-02	9.87618568e-01	
6.1	2.93821427e-15	5.41473410e-10	2.70202487e-05	5.54283240e-03	9.94430147e-01	
6.2	5.84081281e-16	1.49062442e-10	8.80786353e-06	2.77503962e-03	9.97216152e-01	
6.3	1.25350527e-16	4.40050764e-11	3.16693995e-06	1.51338038e-03	9.98483453e-01	
6.4	2.87200885e-17	1.38006192e-11	1.23582292e-06	8.84806931e-04	9.99113957e-01	
6.5	6.97232382e-18	4.56933222e-12	5.16981262e-07	5.47889942e-04	9.99451593e-01	
6.6	1.78401016e-18	1.58997765e-12	2.29563411e-07	3.55722303e-04	9.99644048e-01	
6.7	4.78908701e-19	5.78802468e-13	1.07340517e-07	2.40224369e-04	9.99759668e-01	
6.8	1.34275632e-19	2.19351666e-13	5.24840709e-08	1.67637595e-04	9.99832310e-01	
6.9	3.91363643e-20	8.61092402e-14	2.66610900e-08	1.20204587e-04	9.99879769e-01	
7	1.18002756e-20	3.48429783e-14	1.39875056e-08	8.81214657e-05	9.99911865e-01	
7.1	3.66484396e-21	1.44688667e-14	7.54008039e-09	6.57637508e-05	9.99934229e-01	
7.2	1.16767574e-21	6.14080256e-15	4.15604268e-09	4.97794849e-05	9.99950216e-01	
7.3	3.80591150e-22	2.65654582e-15	2.33344871e-09	3.81035356e-05	9.99961894e-01	
7.4	1.26475257e-22	1.16791469e-15	1.32966188e-09	2.94134741e-05	9.99970585e-01	
7.5	4.27402231e-23	5.20602826e-16	7.66997761e-10	2.28484671e-05	9.99977151e-01	
7.6	1.46577041e-23	2.34886710e-16	4.47040776e-10	1.78349810e-05	9.99982165e-01	
7.7	5.09206361e-24	1.07096470e-16	2.62872780e-10	1.39728223e-05	9.99986027e-01	
7.8	1.78963056e-24	4.92853873e-17	1.55777948e-10	1.09779985e-05	9.99989022e-01	
7.9	6.35704783e-25	2.28669809e-17	9.29477486e-11	8.64528264e-06	9.99991355e-01	
8	2.28061105e-25	1.06881337e-17	5.57979330e-11	6.82156283e-06	9.99993178e-01	
