4	9.67612909e-01	3.23870907e-02	1.16153849e-11	4.69650043e-31	5.42008128e-50	3.19222644e-69	1.16768836e-88	
4.1	6.28407269e-01	3.71592675e-01	5.66969093e-08	3.30136949e-25	4.48604398e-44	3.07410675e-63	1.30098893e-82	
4.2	1.61288574e-01	8.38695506e-01	1.59203560e-05	9.27732426e-19	3.02136449e-37	2.41111203e-56	1.18145435e-75	
4.3	4.30270149e-02	9.56207272e-01	7.65712730e-04	5.76902142e-14	4.10804057e-28	3.82178861e-47	2.16999126e-66	
4.4	1.71340322e-02	9.70587401e-01	1.22785665e-02	2.47351058e-10	5.22961780e-21	5.67665433e-40	3.73783784e-59	
4.5	7.99851292e-03	9.05572709e-01	8.64286320e-02	1.45955537e-07	1.87557927e-15	2.37791349e-34	1.81728200e-53	
4.6	3.34902382e-03	6.83959726e-01	3.12672584e-01	1.86652556e-05	4.13368159e-11	6.12751307e-30	5.44039161e-49	
4.7	1.07252271e-03	3.75874272e-01	6.22374608e-01	6.78502263e-04	9.51172111e-08	1.65030903e-26	1.70405492e-45	
4.8	2.84476579e-04	1.66124330e-01	8.23752539e-01	9.79943658e-03	3.92174829e-05	7.97330193e-24	9.58479322e-43	
4.9	6.95275535e-05	6.63234274e-02	8.55141429e-01	7.39782180e-02	4.48739781e-03	1.07036490e-21	1.49971964e-40	
5	1.24657034e-05	1.91401697e-02	5.73816807e-01	2.61646493e-01	1.45384065e-01	6.02996784e-20	9.86013873e-39	
5.1	6.96705278e-07	1.70168681e-03	1.08510968e-01	2.01832784e-01	6.87953864e-01	4.36102474e-15	8.33385836e-34	
5.2	2.03784720e-08	7.83698470e-05	9.88728303e-03	6.11286401e-02	9.28905687e-01	1.31437756e-11	2.85192413e-26	
5.3	7.58725810e-10	4.54988667e-06	1.07015153e-03	1.86601041e-02	9.80265187e-01	6.71792955e-09	3.06406222e-20	
5.4	4.01944555e-11	3.72289117e-07	1.55584729e-04	6.70411264e-03	9.93138951e-01	9.79205633e-07	2.05947441e-15	
5.5	2.91947996e-12	4.13588460e-08	2.94976914e-05	2.82173173e-03	9.97094816e-01	5.39131903e-05	1.56690034e-11	
5.6	2.82600219e-13	6.06159932e-09	7.12195346e-06	1.38550215e-03	9.97237582e-01	1.36976626e-03	2.11212066e-08	
5.7	3.67812366e-14	1.18222013e-09	2.21336429e-06	8.14396251e-04	9.80912767e-01	1.82636369e-02	6.98500121e-06	
5.8	6.15190860e-15	2.93263735e-10	8.51082435e-07	5.56818275e-04	8.71333988e-01	1.27447229e-01	6.61113419e-04	
5.9	1.04070549e-15	7.28175234e-11	3.20457981e-07	3.53107638e-04	5.78616017e-01	4.03446777e-01	1.75837779e-02	
6	1.44874264e-16	1.47289973e-11	9.66388985e-08	1.70811031e-04	2.67692389e-01	5.85492753e-01	1.46643951e-01	
6.1	1.48883805e-17	2.17781703e-12	2.09826598e-08	5.69406773e-05	8.59063452e-02	4.42500918e-01	4.71535775e-01	
6.2	1.17732477e-18	2.45463554e-13	3.42089715e-09	1.37197596e-05	2.08710015e-02	2.14134200e-01	7.64981076e-01	
6.3	9.00917308e-20	2.65374458e-14	5.26956071e-10	3.02773860e-06	4.90318654e-03	9.11964719e-02	9.03897313e-01	
6.4	7.58188556e-21	3.12949661e-15	8.73205319e-11	7.01843592e-07	1.27181002e-03	4.05115940e-02	9.58215894e-01	
6.5	7.17183346e-22	4.11649626e-16	1.59712262e-11	1.76491813e-07	3.73190399e-04	1.95988659e-02	9.80027767e-01	
6.6	7.54109219e-23	5.97884860e-17	3.19958893e-12	4.80347575e-08	1.22580478e-04	1.03205018e-02	9.89556870e-01	
6.7	8.68260463e-24	9.44692392e-18	6.93113559e-13	1.40228863e-08	4.43341906e-05	5.84889548e-03	9.94106756e-01	
6.8	1.08165710e-24	1.60543100e-18	1.60630471e-13	4.35569327e-09	1.74020801e-05	3.52532277e-03	9.96457271e-01	
6.9	1.44572189e-25	2.91038547e-19	3.94938550e-14	1.42961068e-09	7.32482426e-06	2.23716781e-03	9.97755506e-01	
7	2.06077570e-26	5.59654588e-20	1.02366732e-14	4.93074287e-10	3.27404890e-06	1.48189832e-03	9.98514827e-01	
7.1	3.11676857e-27	1.13611517e-20	2.78382294e-15	1.77909610e-10	1.54183964e-06	1.01753688e-03	9.98980921e-01	
7.2	4.97202424e-28	2.42086343e-21	7.90345673e-16	6.68294156e-11	7.59375836e-07	7.19861672e-04	9.99279379e-01	
7.3	8.31546173e-29	5.38401315e-22	2.33172519e-16	2.60142480e-11	3.88536878e-07	5.21941659e-04	9.99477670e-01	
7.4	1.45002969e-29	1.24320988e-22	7.11590467e-17	1.04464863e-11	2.05286781e-07	3.86088559e-04	9.99613706e-01	
7.5	2.62167198e-30	2.96549044e-23	2.23631302e-17	4.30904360e-12	1.11415522e-07	2.90211811e-04	9.99709677e-01	
7.6	4.88947427e-31	7.27172770e-24	7.20516810e-18	1.81802316e-12	6.18129777e-08	2.20916352e-04	9.99779022e-01	
7.7	9.36727308e-32	1.82614122e-24	2.37091498e-18	7.81761504e-13	3.49161619e-08	1.69832767e-04	9.99830132e-01	
7.8	1.83622406e-32	4.67968422e-25	7.93986577e-19	3.41464195e-13	2.00096182e-08	1.31520852e-04	9.99868459e-01	
7.9	3.67263497e-33	1.22063319e-25	2.69932370e-19	1.51148377e-13	1.16051203e-08	1.02419882e-04	9.99897569e-01	
8	7.47660386e-34	3.23314202e-26	9.29719185e-20	6.76768983e-14	6.79841002e-09	8.00918055e-05	9.99919901e-01	
