4	1.35431741e-01	8.59045715e-01	5.52254461e-03	1.39458197e-21	1.96974855e-40	1.84088649e-59	1.02271472e-78	2.49716694e-99	4.05436897e-120	3.76345398e-140	5.67460379e-160	5.35188512e-180	9.82917063e-201	2.74037321e-221	6.02929135e-242	1.79844634e-262	2.95035244e-283	1.00000000e-300	1.00000000e-300	1.00000000e-300	1.00000000e-300	
4.1	3.98122049e-02	8.41576755e-01	1.18611040e-01	9.18096255e-19	1.55186061e-37	1.75981834e-56	1.18084838e-75	3.30288762e-96	5.89864560e-117	6.01767522e-137	1.05786679e-156	1.15272449e-176	2.52248345e-197	7.10518688e-218	1.72506237e-238	5.29273883e-259	8.66086111e-280	1.33634641e-300	1.00000000e-300	1.00000000e-300	1.00000000e-300	
4.2	6.10740443e-03	3.65642335e-01	6.28250261e-01	1.00406603e-13	2.30406089e-32	3.17036242e-51	2.56938360e-70	8.17259964e-91	1.57565351e-111	1.69357730e-131	3.47728585e-151	4.40296527e-171	1.17203004e-191	3.41003795e-212	9.27750014e-233	2.95273715e-253	5.01790693e-274	8.08583411e-295	1.00000000e-300	1.00000000e-300	1.00000000e-300	
4.3	4.74494576e-04	7.05872147e-02	9.28938290e-01	4.23800989e-10	3.44283161e-24	5.74724829e-43	5.62298042e-62	1.98684867e-82	4.12423180e-103	4.48120455e-123	1.07653980e-142	1.59070260e-162	5.23274646e-183	1.61255669e-203	4.98672323e-224	1.67863575e-244	3.04315685e-265	5.31407267e-286	1.00000000e-300	1.00000000e-300	1.00000000e-300	
4.4	4.25452462e-05	1.41663338e-02	9.85790855e-01	2.66448272e-07	9.57470262e-18	4.58726735e-32	5.36227728e-51	2.05176097e-71	4.63884460e-92	4.88330273e-112	1.37503597e-131	2.37796757e-151	9.76818751e-172	3.25497751e-192	1.15081937e-212	4.17523264e-233	8.19878770e-254	1.60430246e-274	1.03051288e-294	1.00000000e-300	1.00000000e-300	
4.5	5.50356977e-06	3.77351032e-03	9.96176455e-01	4.45307583e-05	1.29622376e-12	2.50685089e-23	1.50369350e-38	1.77321650e-58	4.42430325e-79	4.32525492e-99	1.42997815e-118	2.90174138e-138	1.49720932e-158	5.48167290e-179	2.20661496e-199	8.70219255e-220	1.87075533e-240	4.21531169e-261	3.13755987e-281	1.00000000e-300	1.00000000e-300	
4.6	1.14967221e-06	1.51744722e-03	9.96329008e-01	2.15238474e-03	1.00421927e-08	1.02805476e-16	1.82335293e-28	3.80701991e-44	1.54077706e-62	1.34284213e-82	5.22120663e-102	1.24661716e-121	8.10333565e-142	3.30869938e-162	1.50368087e-182	6.42598661e-203	1.52955979e-223	4.03556486e-244	3.48644913e-264	2.40876684e-284	1.00000000e-300	
4.7	4.26268501e-07	1.02830630e-03	9.74799145e-01	2.41687661e-02	3.35674716e-06	2.75087401e-12	1.69982714e-21	8.68252481e-34	2.88586080e-48	6.04748212e-67	2.76988143e-86	7.80512125e-106	6.40183829e-126	2.96340244e-146	1.51394832e-166	6.96420406e-187	1.85731920e-207	5.75146067e-228	5.77734317e-248	4.62224432e-268	3.08129079e-288	
4.8	2.22773965e-07	9.43246287e-04	9.00703043e-01	9.82130953e-02	1.40389647e-04	2.89108560e-09	1.56973978e-16	3.96977999e-26	1.69368025e-37	2.66004146e-52	2.10715995e-68	7.01918704e-88	7.27037862e-108	3.88043266e-128	2.23810858e-148	1.10797454e-168	3.33737325e-189	1.20023493e-209	1.40414484e-229	1.30218385e-249	1.00191109e-269	
4.9	1.17248998e-07	8.42344511e-04	7.49226186e-01	2.47750118e-01	2.18065357e-03	5.81010689e-07	1.13006967e-12	3.87581387e-20	4.84119538e-29	9.10646497e-41	2.81661833e-53	1.10481617e-72	1.44173528e-92	8.97550448e-113	5.90532566e-133	3.17388244e-153	1.08116993e-173	4.44523447e-194	6.06700578e-214	6.52927872e-234	5.80225604e-254	
5	5.19201771e-08	6.16053375e-04	5.33962943e-01	4.47709895e-01	1.76726573e-02	3.83983795e-05	1.38534834e-09	2.31111334e-15	2.64912447e-22	1.43345595e-31	3.34408045e-41	1.52086613e-60	2.46962007e-80	1.79022840e-100	1.35469421e-120	7.99323938e-141	3.06865762e-161	1.42509526e-181	2.27298796e-201	2.84162567e-221	2.91867879e-241	
5.1	1.82334102e-08	3.48639498e-04	3.16556994e-01	5.98148089e-01	8.39002721e-02	1.04556626e-03	4.20685791e-07	1.55765820e-11	6.66039720e-17	3.41621056e-24	1.62699285e-31	8.33884911e-51	1.63388309e-70	1.35479526e-90	1.17593548e-110	7.64587436e-131	3.29464143e-151	1.72043939e-171	3.21217212e-191	4.66987297e-211	5.54748511e-231	
5.2	4.92671698e-09	1.48558126e-04	1.51281891e-01	5.89754654e-01	2.45457017e-01	1.33178403e-02	4.00163737e-05	1.82114853e-08	1.44783783e-12	2.95535670e-18	1.01659643e-23	1.50909204e-41	3.40138401e-61	3.14564321e-81	3.08305715e-101	2.19263008e-121	1.05796385e-141	6.22624676e-162	1.36313310e-181	2.30695421e-201	3.17189948e-221	
5.3	9.78483419e-10	4.57086209e-05	5.52346651e-02	4.14623307e-01	4.44299861e-01	8.44155831e-02	1.37595293e-03	4.91672688e-06	4.23680920e-09	1.73977282e-13	1.89189131e-17	2.49802141e-31	2.57298737e-47	1.28855216e-65	1.39806239e-85	1.07485384e-105	5.80186677e-126	3.87643935e-146	9.96872743e-166	1.96606331e-185	3.13112280e-205	
5.4	1.35733496e-10	9.72764976e-06	1.45760927e-02	1.99507582e-01	4.91560017e-01	2.75141647e-01	1.88288378e-02	3.73802346e-04	2.29240506e-06	1.10669376e-09	1.97648822e-12	3.65011256e-23	1.16552885e-35	4.26136823e-50	1.85287219e-66	1.01903373e-84	6.16102617e-105	4.72688827e-125	1.43035322e-144	3.29104325e-164	6.07573476e-184	
5.5	1.28404514e-11	1.40376364e-06	2.69626055e-03	6.43721196e-02	3.33104886e-01	4.78279237e-01	1.11833900e-01	9.41549695e-03	2.95576102e-04	1.10082828e-06	1.92914402e-08	1.13912592e-16	2.21853142e-26	9.99311742e-38	1.26531231e-50	4.15901174e-65	3.24973233e-81	3.05795628e-99	3.87752696e-118	1.04195382e-137	2.23178577e-157	
5.6	8.03566190e-13	1.32831767e-07	3.35274201e-04	1.34608662e-02	1.35984882e-01	4.48223714e-01	3.03298949e-01	8.75680879e-02	1.08766804e-02	2.25790433e-04	2.56226049e-05	1.47906752e-11	4.85719757e-19	6.58933868e-28	4.97490493e-38	1.73368946e-49	2.70641092e-62	1.23912463e-76	1.29570233e-91	4.07107905e-111	1.01258029e-130	
5.7	2.87689950e-14	7.09587238e-09	2.39693729e-05	1.57046516e-03	2.91763937e-02	2.01733306e-01	3.45706204e-01	2.89520423e-01	1.16440621e-01	1.05544619e-02	5.27403390e-03	1.15046550e-07	2.28175007e-13	3.04116827e-20	3.89576464e-28	3.66951524e-37	2.56358380e-47	1.07386417e-58	1.53608708e-70	5.65007936e-90	1.63349023e-109	
5.8	4.37118154e-16	1.58570594e-10	7.25839777e-07	7.56637814e-05	2.46226790e-03	3.31809936e-02	1.29420410e-01	2.75675307e-01	3.07482203e-01	1.01095410e-01	1.50549112e-01	5.79049694e-05	3.03140085e-09	1.62285291e-14	1.29259356e-20	1.11127334e-27	1.06511972e-35	1.08469206e-44	5.09359292e-54	2.19598746e-73	7.38743007e-93	
5.9	2.17502683e-18	1.14911661e-12	7.18119794e-09	1.16454695e-06	6.37858684e-05	1.57817714e-03	1.28606918e-02	6.28208814e-02	1.72278738e-01	1.76527120e-01	5.71775648e-01	2.09230917e-03	1.47564697e-06	1.54402979e-10	3.40072433e-15	1.11877682e-20	5.76910212e-27	4.98022867e-34	2.47005644e-41	1.24990205e-60	4.89811919e-80	
6	7.76731641e-21	5.94305811e-15	5.08681657e-11	1.25746758e-08	1.12092409e-06	4.84878336e-05	7.70569654e-04	7.94352218e-03	4.86140323e-02	1.35324209e-01	7.90421055e-01	1.67845856e-02	9.23002657e-05	1.04679916e-07	3.28893622e-11	2.04967153e-15	2.69687893e-20	8.49508292e-26	1.80707648e-31	1.07468122e-50	4.91193028e-70	
6.1	3.55428309e-23	3.92625469e-17	4.60293440e-13	1.70207157e-10	2.39904941e-08	1.74197053e-06	5.10442044e-05	1.03739577e-03	1.30575319e-02	8.67831517e-02	8.27119601e-01	6.99902909e-02	1.94447686e-03	1.47034716e-05	3.82908424e-08	2.54715380e-11	4.68907194e-15	2.72584010e-19	1.21452920e-23	8.50212947e-43	4.53834177e-62	
6.2	2.13733944e-25	3.39046415e-19	5.43537806e-15	2.95417063e-12	6.41990722e-10	7.55927181e-08	3.89536469e-06	1.47324928e-04	3.55210008e-03	5.01055731e-02	7.36426299e-01	1.89891643e-01	1.92081593e-02	6.55736523e-04	9.15254056e-06	4.07405497e-08	6.43689683e-11	3.95698558e-14	2.08912661e-17	1.77792140e-34	4.22092614e-53	
6.3	1.48049532e-27	3.34327203e-21	7.31291264e-17	5.74941183e-14	1.88374366e-11	3.49122497e-09	3.03666400e-07	2.03258683e-05	8.81655814e-04	2.38584266e-02	5.22862926e-01	3.41146574e-01	9.92446619e-02	1.13645060e-02	6.08016032e-04	1.24864281e-05	1.13860087e-07	4.70424839e-10	1.87037434e-12	4.75888130e-26	5.60081312e-41	
6.4	9.71448441e-30	3.08971774e-23	9.19742191e-19	1.03109789e-15	4.99276051e-13	1.41884143e-10	2.00975449e-08	2.27775697e-06	1.68276070e-04	8.04442388e-03	2.57704443e-01	3.73540322e-01	2.64543754e-01	8.19088422e-02	1.31174953e-02	9.33660564e-04	3.57783862e-05	6.92451133e-07	1.44533445e-08	2.24732389e-19	2.41087785e-31	
6.5	4.91689277e-32	2.17894440e-25	8.80229008e-21	1.38926403e-17	9.76961661e-15	4.16045218e-12	9.29778165e-10	1.71620879e-07	2.06086495e-05	1.63096504e-03	7.55012238e-02	2.21309937e-01	3.38888643e-01	2.43150037e-01	9.74578650e-02	1.94184871e-02	2.44091483e-03	1.67382403e-04	1.37636912e-05	3.70529075e-14	9.43960965e-24	
6.6	1.64205503e-34	1.00507436e-27	5.49276690e-23	1.20663208e-19	1.21358281e-16	7.59148615e-14	2.60328756e-11	7.56230947e-09	1.41920929e-06	1.76892284e-04	1.17558382e-02	6.49086428e-02	1.97013888e-01	2.93023865e-01	2.57971102e-01	1.22892351e-01	4.18993181e-02	8.23722272e-03	2.11945201e-03	3.62628837e-10	7.53590611e-18	
6.7	3.03116935e-37	2.54546695e-30	1.87601106e-25	5.67870705e-22	8.05995030e-19	7.27933520e-16	3.73913603e-13	1.65964187e-10	4.71210405e-08	8.90465602e-06	8.46314154e-04	8.32595111e-03	4.68954103e-02	1.33115507e-01	2.33588563e-01	2.36645495e-01	1.89203471e-01	9.08176659e-02	6.05523750e-02	2.96504438e-07	2.15103391e-13	
6.8	2.57235082e-40	2.94802186e-33	2.92037106e-28	1.20769072e-24	2.39098918e-21	3.07144549e-18	2.31441095e-15	1.53030319e-12	6.40087521e-10	1.78131415e-07	2.41352476e-05	4.04402229e-04	4.01484490e-03	2.04154019e-02	6.63032776e-02	1.30733258e-01	2.18971138e-01	2.26530013e-01	3.32578711e-01	2.46386926e-05	3.18048978e-10	
6.9	1.52572600e-43	2.37445838e-36	3.15175360e-31	1.76711094e-27	4.83097685e-24	8.71216311e-21	9.45883670e-18	9.11836933e-15	5.50049527e-12	2.20422505e-09	4.24404240e-07	1.16636912e-05	1.95665672e-04	1.69432216e-03	9.60778555e-03	3.44313628e-02	1.10452699e-01	2.22747922e-01	6.20441668e-01	4.16428320e-04	5.60450849e-08	
7	1.11194238e-46	2.33796550e-39	4.14419634e-34	3.12890803e-30	1.17094822e-26	2.93158372e-23	4.51607926e-20	6.23310144e-17	5.33157015e-14	3.02500434e-11	8.24926139e-09	3.60089504e-07	9.85185338e-06	1.39330927e-04	1.31583595e-03	8.11594660e-03	4.63474943e-02	1.67515365e-01	7.73446106e-01	3.10684826e-03	2.85298980e-06	
7.1	1.17205013e-49	3.31207343e-42	7.81486629e-37	7.89599055e-33	4.01379520e-29	1.38184317e-25	2.98186307e-22	5.80365427e-19	6.94448351e-16	5.50738192e-13	2.11952585e-10	1.42900282e-08	6.18816681e-07	1.38147286e-05	2.08994865e-04	2.12233586e-03	2.02990736e-02	1.22528918e-01	8.40273254e-01	1.44880824e-02	6.48929278e-05	
7.2	1.73061741e-52	6.54094989e-45	2.04780096e-39	2.75254050e-35	1.88752067e-31	8.86212973e-28	2.65001735e-24	7.18191737e-21	1.18907302e-17	1.30491713e-14	7.05645038e-12	7.16750506e-10	4.78786875e-08	1.64074634e-06	3.85236166e-05	6.21143078e-04	9.46389646e-03	9.00106433e-02	8.50572055e-01	4.84799351e-02	8.12113827e-04	
7.3	3.27711459e-55	1.64893050e-47	6.82860186e-42	1.21417653e-37	1.11599317e-33	7.09356806e-30	2.91212134e-26	1.08739824e-22	2.46883702e-19	3.71886776e-16	2.81129950e-13	4.20897810e-11	4.23887675e-09	2.17838516e-07	7.73300420e-06	1.92178770e-04	4.48080626e-03	6.41536769e-02	8.01346930e-01	1.23547734e-01	6.27071880e-03	
7.4	7.20303901e-58	4.80346248e-50	2.62344493e-44	6.13680126e-40	7.51473682e-36	6.42278070e-32	3.59035084e-28	1.83051204e-24	5.65598399e-21	1.16155082e-17	1.22044009e-14	2.64244038e-12	3.93112673e-10	2.96886780e-08	1.55850146e-06	5.82321590e-05	2.01299364e-03	4.19303900e-02	6.80313628e-01	2.43949297e-01	3.17338706e-02	
7.5	1.67230118e-60	1.47192755e-52	1.05736186e-46	3.23732940e-42	5.25194903e-38	5.99844868e-34	4.53229823e-30	3.13044375e-26	1.30759966e-22	3.63934385e-19	5.28250238e-16	1.62622045e-13	3.50997362e-11	3.82773141e-09	2.91569675e-07	1.60318144e-05	8.01339575e-04	2.36928447e-02	4.97493309e-01	3.70075673e-01	1.07920507e-01	
7.6	3.85167392e-63	4.45690222e-55	4.20079828e-49	1.67552506e-44	3.58225927e-40	5.43556205e-36	5.51297354e-32	5.12311187e-28	2.87587641e-24	1.07902458e-20	2.15011403e-17	9.27067311e-15	2.85702116e-12	4.43032464e-10	4.81748548e-08	3.82716726e-06	2.71229336e-04	1.11851878e-02	3.04829629e-01	4.30898897e-01	2.52811181e-01	
7.7	8.75751554e-66	1.32755915e-57	1.63814821e-51	8.47483026e-47	2.37629892e-42	4.76435948e-38	6.44429883e-34	8.00714021e-30	6.00796838e-26	3.02383448e-22	8.22236886e-19	4.90135756e-16	2.12655590e-13	4.62610658e-11	7.07973453e-09	7.99859737e-07	7.91357593e-05	4.49655757e-03	1.59872372e-01	4.01328820e-01	4.34222308e-01	
7.8	2.04958202e-68	4.05704719e-60	6.54133182e-54	4.37167249e-49	1.60061433e-44	4.21984016e-40	7.56561421e-36	1.24980799e-31	1.24714934e-27	8.37978685e-24	3.09151328e-20	2.51962372e-17	1.52070388e-14	4.58762711e-12	9.76194171e-10	1.54709665e-07	2.11058048e-05	1.63772101e-03	7.63536501e-02	3.22388575e-01	5.99598792e-01	
7.9	5.17006453e-71	1.33245608e-62	2.80218912e-56	2.41019383e-51	1.14775911e-46	3.96118893e-42	9.35922787e-38	2.04538995e-33	2.70234455e-29	2.41323255e-25	1.20152756e-21	1.32604814e-18	1.10221323e-15	4.56653642e-13	1.33706417e-10	2.93763553e-08	5.47179217e-06	5.75919759e-04	3.53435626e-02	2.39996870e-01	7.24078147e-01	
8	1.44389549e-73	4.83260676e-65	1.32350582e-58	1.45955890e-53	9.00710077e-49	4.05319535e-44	1.25540964e-39	3.61395257e-35	6.29603446e-31	7.44185549e-27	4.97505822e-23	7.37651261e-20	8.37115321e-17	4.72382590e-14	1.88667107e-11	5.69000249e-09	1.43557512e-06	2.03832650e-04	1.65045197e-02	1.73554006e-01	8.09736200e-01	
