4	9.81724613e-01	1.82753863e-02	2.78692992e-10	8.51356680e-27	1.31161577e-46	1.13343914e-66	2.18136862e-86	7.80984793e-106	1.45261661e-125	1.35190005e-145	3.04969671e-166	4.77836627e-187	1.65249906e-207	3.37017734e-228	1.89965467e-248	1.03040500e-268	4.42594822e-289	1.00000000e-300	
4.1	6.35929020e-01	3.64068854e-01	2.12616973e-06	1.07894784e-18	1.82919020e-38	1.80875131e-58	3.36461793e-78	1.41328934e-97	3.08450499e-117	3.39195147e-137	9.17934474e-158	1.63127450e-178	5.82535621e-199	1.29821631e-219	7.71553730e-240	4.82915272e-260	2.38995977e-280	1.00000000e-300	
4.2	9.66877571e-02	9.02713136e-01	5.99106381e-04	7.18616514e-13	2.95938470e-28	3.27728095e-48	5.98251392e-68	2.95316118e-87	7.55322825e-107	9.77182293e-127	3.22758057e-147	6.57576059e-168	2.46025164e-188	5.91890401e-209	3.62433654e-229	2.62215059e-249	1.49683217e-269	7.04723242e-290	
4.3	1.07816852e-02	9.66954034e-01	2.22642679e-02	1.28796731e-08	2.10871304e-20	3.83223688e-36	6.86620837e-56	3.98966204e-75	1.19565513e-94	1.81107731e-114	7.39366121e-135	1.73609026e-155	6.85091457e-176	1.76256517e-196	1.10153439e-216	9.22712672e-237	6.08248300e-257	3.29691745e-277	
4.4	1.69549849e-03	8.10091913e-01	1.88200668e-01	1.19201122e-05	1.44766605e-14	1.00083284e-26	3.71866434e-45	2.54737933e-64	8.95923514e-84	1.58632302e-103	8.03404921e-124	2.18162418e-144	9.08101974e-165	2.47857955e-185	1.58406055e-205	1.53896877e-225	1.17281570e-245	7.32414728e-266	
4.5	4.41167439e-04	4.85256747e-01	5.13497569e-01	8.04516538e-04	1.85845404e-10	8.59561176e-20	3.13451239e-34	4.23588923e-51	1.75232252e-70	3.63552390e-90	2.26710146e-110	7.16235889e-131	3.15133707e-151	9.09975765e-172	5.99220180e-192	6.76366548e-212	5.96548375e-232	4.29480472e-252	
4.6	1.61578525e-04	2.26971126e-01	7.61986181e-01	1.08809625e-02	1.52706381e-07	1.17336802e-14	5.75943265e-26	5.69718340e-39	2.77167765e-58	6.76051916e-78	5.10999181e-98	1.89786140e-118	8.92397327e-139	2.74550002e-159	1.87854945e-179	2.46774926e-199	2.52150781e-219	2.09427559e-239	
4.7	6.07238925e-05	9.56730036e-02	8.38765393e-01	6.54794245e-02	2.14551485e-05	9.12163134e-11	1.29765523e-19	1.59553799e-29	9.07380565e-49	2.59637337e-68	2.33907511e-88	1.03476006e-108	5.30183971e-129	1.76710319e-149	1.26456504e-169	1.93660609e-189	2.29491046e-209	2.20050864e-229	
4.8	2.00738270e-05	3.65223183e-02	7.33116926e-01	2.29501521e-01	8.39076237e-04	8.48985241e-08	1.09800521e-14	4.09950659e-22	2.69067117e-41	8.90744255e-61	9.44906283e-81	5.03842531e-101	2.87204316e-121	1.05819357e-141	7.93248550e-162	1.41864323e-181	1.95174206e-201	2.16187645e-221	
4.9	5.28404962e-06	1.16980334e-02	4.86722778e-01	4.89707473e-01	1.18513079e-02	1.51234837e-05	7.37273415e-11	2.72597686e-16	2.03052280e-35	7.58336869e-55	9.36611502e-75	6.05789730e-95	3.88825244e-115	1.60757946e-135	1.25749332e-155	2.63079420e-175	4.20637673e-195	5.38623053e-215	
5	1.10169489e-06	3.09201487e-03	2.46969787e-01	6.74025640e-01	7.51612356e-02	7.50150888e-04	6.99025473e-08	1.04968528e-11	8.95030549e-28	6.79671934e-47	9.56274265e-67	7.47673390e-87	5.38591982e-107	2.50951441e-127	2.04091933e-147	5.00335694e-167	9.30683955e-187	1.37866850e-206	
5.1	1.84416955e-07	6.77282578e-04	9.79889478e-02	6.35438182e-01	2.52198007e-01	1.36830063e-02	1.43463304e-05	4.30551943e-08	1.82505561e-20	2.34507253e-35	3.93526283e-53	3.66377696e-73	2.91818157e-93	1.52528830e-113	1.29503167e-133	3.72670983e-153	8.07311172e-173	1.38453956e-192	
5.2	2.32750074e-08	1.15082794e-04	2.88146350e-02	3.99687644e-01	4.66557382e-01	1.03988719e-01	8.08898058e-04	2.76148567e-05	1.01447199e-14	2.95665715e-26	3.30200655e-40	8.54124937e-57	1.14172256e-75	6.65184433e-96	5.98995437e-116	2.02692013e-135	5.11900225e-155	1.01716851e-174	
5.3	2.03862112e-09	1.39428749e-05	5.81531068e-03	1.58556849e-01	4.70883924e-01	3.46736506e-01	1.44191304e-02	3.57433455e-03	2.79787468e-10	3.71925314e-19	4.55986802e-30	4.34675501e-43	5.24459193e-58	5.84549933e-75	2.45617493e-94	9.79023809e-114	2.88567751e-133	6.64887332e-153	
5.4	1.14019748e-10	1.09692977e-06	7.39802536e-04	3.70711614e-02	2.50364291e-01	5.13547811e-01	8.84943379e-02	1.09780901e-01	5.97223461e-07	1.02405828e-13	3.37043854e-22	2.26611381e-32	3.96340871e-44	1.42567624e-57	5.90923524e-73	2.96253959e-89	1.02022853e-108	2.72824850e-128	
5.5	2.57878153e-12	3.51504999e-08	3.73703069e-05	3.26911943e-03	4.59681220e-02	2.29739349e-01	1.34792758e-01	5.86101813e-01	9.14326650e-05	7.58920890e-10	2.23769124e-16	2.88319826e-24	1.72469575e-33	4.03318489e-44	2.68621001e-56	3.89068734e-69	1.56730879e-88	4.86877944e-108	
5.6	3.42360202e-14	6.63450026e-10	1.08675155e-06	1.59464354e-04	4.35062603e-03	4.76930594e-02	8.18341667e-02	8.64037205e-01	1.92403006e-03	3.60900199e-07	4.02742811e-12	3.55694198e-18	2.32530582e-25	9.97177658e-34	2.53186402e-43	2.18031815e-53	1.02859751e-72	3.71562878e-92	
5.7	6.01650579e-16	1.66105530e-11	4.11606632e-08	9.79964189e-06	4.90441789e-04	1.08594291e-02	4.81991883e-02	9.23549119e-01	1.68530397e-02	3.89331322e-05	8.25829994e-09	2.20258909e-13	6.37828628e-19	1.84574267e-25	5.69204011e-33	8.30044685e-41	4.59197104e-60	1.93094110e-79	
5.8	1.42847248e-17	5.62369273e-13	2.07926796e-09	7.80816798e-07	6.84995079e-05	2.86978889e-03	2.96296961e-02	8.81289452e-01	8.46751337e-02	1.46328993e-03	3.35531659e-06	1.38894026e-09	8.66749484e-14	7.66995856e-19	1.15238516e-24	1.04868442e-30	6.81185074e-50	3.33832430e-69	
5.9	3.81758092e-19	2.14339836e-14	1.16513675e-10	6.73131889e-08	9.96523947e-06	7.48839394e-04	1.63439279e-02	7.06780559e-01	2.53964581e-01	2.18126594e-02	3.38144758e-04	1.25576795e-06	9.41341066e-10	1.35582411e-13	4.76040030e-18	1.22261272e-22	9.33862454e-42	5.34062938e-61	
6	9.39660050e-21	7.51834081e-16	5.90822437e-12	5.13746499e-09	1.24176108e-06	1.59906282e-04	6.76746017e-03	4.14982884e-01	4.33944649e-01	1.34343216e-01	9.59499029e-03	2.04506328e-04	1.13919457e-06	1.60785457e-09	7.27459641e-13	2.80568887e-16	3.00860097e-35	2.01055932e-54	
6.1	1.79903127e-22	2.04493141e-17	2.28326499e-13	2.93277065e-10	1.12373454e-07	2.38324817e-05	1.81226642e-03	1.56302606e-01	3.98390001e-01	3.50427251e-01	8.54717385e-02	7.36412564e-03	2.06170003e-04	1.89046497e-06	6.79299300e-09	2.38223389e-11	2.09191486e-26	4.19102855e-43	
6.2	2.45651127e-24	3.94646432e-19	6.16051565e-15	1.15016743e-11	6.80219335e-09	2.29419658e-06	2.93830266e-04	3.56236922e-02	1.95440602e-01	4.11989439e-01	2.75025617e-01	7.36719876e-02	7.62050787e-03	3.25604330e-04	6.28368397e-06	1.34384990e-07	1.60542132e-19	7.49162271e-33	
6.3	2.30994634e-26	5.21266418e-21	1.12195190e-16	3.00315192e-13	2.67634819e-10	1.39188015e-07	2.84858355e-05	4.86784901e-03	5.25748290e-02	2.35151254e-01	3.66287718e-01	2.52089970e-01	7.63651001e-02	1.16637901e-02	8.86701941e-04	8.41630528e-05	3.28720929e-14	7.67470917e-25	
6.4	1.39185047e-28	4.38244357e-23	1.28740698e-18	4.88146419e-15	6.41863970e-12	5.01127041e-09	1.57165807e-06	3.79719715e-04	7.55318276e-03	6.55802701e-02	2.12470515e-01	3.27130869e-01	2.44495533e-01	1.08485467e-01	2.55511917e-02	8.35167488e-03	3.43555128e-10	1.18270651e-18	
6.5	4.29508005e-31	1.87453632e-25	7.46713340e-21	3.96865984e-17	7.55798890e-14	8.65633641e-11	4.02655881e-08	1.37880014e-05	4.79619217e-04	7.56067979e-03	4.68286068e-02	1.45698523e-01	2.36773733e-01	2.59902601e-01	1.57965211e-01	1.44776943e-01	2.54836719e-07	4.90124799e-14	
6.6	6.17813273e-34	3.71451403e-28	1.99724366e-23	1.47329306e-19	3.99889703e-16	6.58697108e-13	4.43034300e-10	2.15135548e-07	1.25513645e-05	3.40831278e-04	3.78478347e-03	2.20377661e-02	7.08518258e-02	1.69954638e-01	2.31917916e-01	5.01081081e-01	1.83908474e-05	9.14101869e-11	
6.7	7.70574203e-37	6.34873515e-31	4.58545326e-26	4.65095973e-22	1.77429447e-18	4.13327778e-15	3.94051374e-12	2.71040557e-09	2.56149717e-07	1.14764398e-05	2.17067256e-04	2.22875182e-03	1.31878335e-02	6.27113015e-02	1.72373924e-01	7.48947855e-01	3.21509984e-04	2.23993812e-08	
6.8	1.33527261e-39	1.50046429e-33	1.44830308e-28	2.00279244e-24	1.06113450e-20	3.44724910e-17	4.58577718e-14	4.45657394e-11	6.62311859e-09	4.72538781e-07	1.45961308e-05	2.51845708e-04	2.59059580e-03	2.25765877e-02	1.14425699e-01	8.57447819e-01	2.69076005e-03	1.61738724e-06	
6.9	3.51201899e-42	5.35992045e-36	6.87659113e-31	1.28686968e-26	9.37139743e-23	4.19713371e-19	7.69493901e-16	1.05304251e-12	2.39782805e-10	2.64665174e-08	1.29025357e-06	3.59657429e-05	6.14030835e-04	9.18481292e-03	7.96526840e-02	8.96434405e-01	1.40272807e-02	4.95034020e-05	
7	1.31998968e-44	2.72536852e-38	4.62252080e-33	1.16310839e-28	1.15414483e-24	7.05867208e-21	1.76653728e-17	3.38921486e-14	1.15545139e-11	1.92612955e-09	1.44157979e-07	6.28662364e-06	1.71533596e-04	4.16959654e-03	5.80461350e-02	8.85847550e-01	5.09797344e-02	7.79017182e-04	
7.1	6.34076866e-47	1.76409754e-40	3.93610500e-35	1.32442441e-30	1.77693471e-26	1.47197486e-22	4.99166028e-19	1.33560375e-15	6.67989207e-13	1.64718116e-10	1.84948375e-08	1.22864904e-06	5.19601972e-05	1.96266668e-03	4.16142352e-02	8.13176010e-01	1.36117618e-01	7.07626338e-03	
7.2	3.43473914e-49	1.28248230e-42	3.74863416e-37	1.67881650e-32	3.02456773e-28	3.36988868e-24	1.53926112e-20	5.71026418e-17	4.11551155e-14	1.47428944e-11	2.43440313e-09	2.40848540e-07	1.53891925e-05	8.71672370e-04	2.70302505e-02	6.61957733e-01	2.70605496e-01	3.95192155e-02	
7.3	1.86820297e-51	9.32504836e-45	3.55802009e-39	2.11210489e-34	5.07821466e-30	7.56302813e-26	4.63030131e-22	2.36702471e-18	2.41960903e-15	1.23953926e-12	2.95802757e-10	4.27441909e-08	4.03745048e-06	3.33344722e-04	1.46796901e-02	4.50366225e-01	3.95337471e-01	1.39279189e-01	
7.4	9.51781680e-54	6.32875989e-47	3.14283848e-41	2.46281416e-36	7.85855431e-32	1.55567008e-27	1.27103733e-23	8.89722997e-20	1.27232955e-16	9.19223652e-14	3.12197602e-11	6.47920362e-09	8.87909386e-07	1.04515594e-04	6.40587456e-03	2.48396664e-01	4.25317086e-01	3.19774965e-01	
7.5	4.60757510e-56	4.06766482e-49	2.62267058e-43	2.70282875e-38	1.13858897e-33	2.98068615e-29	3.23672473e-25	3.08397820e-21	6.09665226e-18	6.13655732e-15	2.92648454e-12	8.59562494e-10	1.68154547e-07	2.77367208e-05	2.33474588e-03	1.15762602e-01	3.59446011e-01	5.22428735e-01	
7.6	2.26115652e-58	2.64262658e-51	2.20772953e-45	2.98229880e-40	1.65113861e-35	5.69025458e-31	8.18015941e-27	1.05494531e-22	2.85399100e-19	3.96107250e-16	2.62219960e-13	1.07627331e-10	2.96357754e-08	6.75831233e-06	7.74404178e-04	4.96365359e-02	2.64124071e-01	6.85458201e-01	
7.7	1.19074769e-60	1.83730277e-53	1.98535139e-47	3.50508005e-42	2.54046906e-37	1.14782498e-32	2.17625560e-28	3.77828698e-24	1.38647604e-20	2.63029452e-17	2.39374131e-14	1.35811248e-11	5.20095349e-09	1.62244910e-06	2.51584170e-04	2.10305362e-02	1.83161967e-01	7.95554285e-01	
7.8	6.91453391e-63	1.40518111e-55	1.96138729e-49	4.51403795e-44	4.26869417e-39	2.51971531e-34	6.27831183e-30	1.45994882e-25	7.21352076e-22	1.85654390e-18	2.30384678e-15	1.79040878e-12	9.43834500e-10	3.99414310e-07	8.34299843e-05	9.15228780e-03	1.25550296e-01	8.65213586e-01	
7.9	4.45955643e-65	1.19108097e-57	2.14480177e-51	6.41992357e-46	7.89782184e-41	6.07193154e-36	1.98189186e-31	6.14326005e-27	4.06193337e-23	1.40865197e-19	2.36626755e-16	2.49903060e-13	1.79788110e-10	1.02537165e-07	2.87478843e-05	4.15502800e-03	8.68844312e-02	9.08931690e-01	
8	3.18900609e-67	1.11702395e-59	2.59213486e-53	1.00725520e-47	1.60798010e-42	1.60596102e-37	6.84699503e-33	2.81631900e-28	2.47825980e-24	1.15116332e-20	2.60056326e-17	3.70612358e-14	3.61118493e-11	2.76028737e-08	1.03544648e-05	1.97566390e-03	6.11984135e-02	9.36815541e-01	
