4	2.86503283e-01	7.13367001e-01	1.29715701e-04	1.18550813e-17	3.31610666e-36	3.94680631e-55	2.42731015e-74	8.60138255e-94	1.34207872e-113	5.39811248e-134	4.91631373e-154	3.36964615e-174	1.90483106e-194	9.10096065e-215	3.08350352e-236	2.63614903e-257	4.31985617e-278	1.92421210e-298	1.00000000e-300	1.00000000e-300	1.00000000e-300	1.00000000e-300	1.00000000e-300	1.00000000e-300	1.00000000e-300	1.00000000e-300	1.00000000e-300	1.00000000e-300	
4.1	7.56251909e-02	9.11931673e-01	1.24431364e-02	4.52196686e-12	2.19039341e-29	3.05026237e-48	2.20346917e-67	9.23305747e-87	1.71497037e-106	7.71189122e-127	8.48084988e-147	7.03629792e-167	4.81509472e-187	2.78828810e-207	9.81031631e-229	8.88052531e-250	1.62897595e-270	8.37433659e-291	1.00000000e-300	1.00000000e-300	1.00000000e-300	1.00000000e-300	1.00000000e-300	1.00000000e-300	1.00000000e-300	1.00000000e-300	1.00000000e-300	1.00000000e-300	
4.2	1.85551424e-02	7.40249237e-01	2.41195553e-01	6.73058232e-08	7.22563422e-21	1.17731193e-39	9.98991877e-59	4.94991516e-78	1.09448440e-97	5.51238682e-118	7.31978915e-138	7.35125251e-158	6.09001120e-178	4.27399200e-198	1.62083962e-219	1.57976571e-240	3.27283704e-261	1.94568518e-281	1.00000000e-300	1.00000000e-300	1.00000000e-300	1.00000000e-300	1.00000000e-300	1.00000000e-300	1.00000000e-300	1.00000000e-300	1.00000000e-300	1.00000000e-300	
4.3	2.86354815e-03	3.06736614e-01	6.90359796e-01	4.00419145e-05	1.29417103e-14	7.51844926e-32	7.49371998e-51	4.39076579e-70	1.15570799e-89	6.44171445e-110	1.03285570e-129	1.25562949e-149	1.25921826e-169	1.07103705e-189	4.52965553e-211	4.85566487e-232	1.12358036e-252	7.73975584e-273	4.02923413e-293	1.00000000e-300	1.00000000e-300	1.00000000e-300	1.00000000e-300	1.00000000e-300	1.00000000e-300	1.00000000e-300	1.00000000e-300	1.00000000e-300	
4.4	4.58170402e-04	1.15885198e-01	8.79932716e-01	3.72391430e-03	7.47267678e-10	8.01607145e-23	8.49293254e-41	5.88438477e-60	1.84376775e-79	1.10517757e-99	2.13941224e-119	3.14809259e-139	3.82161380e-159	3.93948314e-179	1.90175387e-200	2.26375015e-221	5.73522372e-242	4.58707808e-262	2.70815803e-282	1.00000000e-300	1.00000000e-300	1.00000000e-300	1.00000000e-300	1.00000000e-300	1.00000000e-300	1.00000000e-300	1.00000000e-300	1.00000000e-300	
4.5	7.99728100e-05	4.36589665e-02	8.49772146e-01	1.06485092e-01	3.82337738e-06	1.06578004e-15	2.89595979e-29	8.47505978e-48	3.16115620e-67	1.95470950e-87	4.55558288e-107	8.10039808e-127	1.18826435e-146	1.48455105e-166	8.25851718e-188	1.07508978e-208	2.94214658e-229	2.73764454e-249	1.83549751e-269	7.62123198e-290	1.00000000e-300	1.00000000e-300	1.00000000e-300	1.00000000e-300	1.00000000e-300	1.00000000e-300	1.00000000e-300	1.00000000e-300	
4.6	8.44171108e-06	9.27823576e-03	4.05492912e-01	5.83829642e-01	1.39076770e-03	2.12100879e-10	1.94856655e-20	1.45889528e-34	4.30996314e-52	2.63670815e-72	7.18116445e-92	1.51555715e-111	2.63529326e-131	3.99020843e-151	2.55733412e-172	3.51258035e-193	1.03723028e-213	1.12517387e-233	8.56557454e-254	4.08039946e-274	7.65151413e-295	1.00000000e-300	1.00000000e-300	1.00000000e-300	1.00000000e-300	1.00000000e-300	1.00000000e-300	1.00000000e-300	
4.7	6.49346493e-07	1.35479243e-03	1.22030209e-01	8.22298231e-01	5.43148202e-02	1.29825995e-06	7.92244565e-14	2.05505309e-24	1.01367701e-37	9.19427343e-56	2.50409168e-75	5.67473810e-95	1.04916767e-114	1.92500765e-134	1.41868056e-155	1.98884170e-176	6.34318333e-197	8.03850377e-217	6.92974463e-237	3.79005941e-257	7.96297885e-278	7.46296050e-299	1.00000000e-300	1.00000000e-300	1.00000000e-300	1.00000000e-300	1.00000000e-300	1.00000000e-300	
4.8	4.52321104e-08	1.69868487e-04	2.96069980e-02	5.61235596e-01	4.08461443e-01	5.26043021e-04	5.75586372e-09	1.03660179e-16	1.22266855e-26	1.04405322e-40	2.01819613e-60	3.77515175e-80	5.59538715e-100	1.24068985e-119	1.05402247e-140	1.49278052e-161	5.05735854e-182	7.50249750e-202	7.29956946e-222	4.55113752e-242	1.06924573e-262	1.20496042e-283	1.00000000e-300	1.00000000e-300	1.00000000e-300	1.00000000e-300	1.00000000e-300	1.00000000e-300	
4.9	2.44179907e-09	1.57171633e-05	5.05496320e-03	2.17005938e-01	7.59452674e-01	1.84587539e-02	1.19515690e-05	4.03386003e-11	2.38546438e-18	2.94536474e-29	7.54501157e-46	2.10361743e-64	1.91203184e-84	5.00296154e-104	4.92854058e-125	7.13960479e-146	2.46252709e-166	4.28504053e-186	4.70268608e-206	3.30965309e-226	8.69679706e-247	1.18410765e-267	3.20592298e-288	1.00000000e-300	1.00000000e-300	1.00000000e-300	1.00000000e-300	1.00000000e-300	
5	1.40756981e-10	1.48627890e-06	8.50593024e-04	7.43621815e-02	7.82662182e-01	1.40300137e-01	1.82305584e-03	3.64271984e-07	2.94329707e-12	1.17948853e-20	7.53789402e-34	1.39435886e-48	2.49748423e-65	9.26736824e-84	1.06065514e-104	1.60459773e-125	5.37319668e-146	1.09897054e-165	1.36616512e-185	1.07971637e-205	3.19301010e-226	5.27822611e-247	1.53165204e-267	3.91236569e-288	1.00000000e-300	1.00000000e-300	1.00000000e-300	1.00000000e-300	
5.1	7.72478050e-12	1.28959453e-07	1.27686827e-04	2.12773826e-02	5.39536659e-01	3.99970983e-01	3.89384220e-02	1.48688153e-04	4.93105900e-08	1.93516253e-14	6.39727666e-25	1.28722345e-36	5.14555050e-50	1.50921992e-64	7.83764895e-82	2.59518466e-100	8.25755588e-121	1.98910148e-140	2.82566906e-160	2.51461161e-180	8.46699083e-201	1.70839790e-221	5.40034108e-242	1.50742249e-262	4.66434337e-283	1.00000000e-300	1.00000000e-300	1.00000000e-300	
5.2	3.38225297e-13	8.66990133e-09	1.45166464e-05	4.39559703e-03	2.37379373e-01	5.38597565e-01	2.13426503e-01	6.15884484e-03	2.75906068e-05	4.03643640e-10	2.05347432e-18	1.12603234e-27	2.20753299e-38	6.45204365e-50	1.03692018e-63	1.85323951e-78	1.82086306e-95	5.36750615e-113	8.80337563e-133	8.88933550e-153	3.44989153e-173	8.53025623e-194	2.97792153e-214	9.20105525e-235	3.23263720e-255	3.24649975e-275	2.66346686e-295	1.00000000e-300	
5.3	1.14015728e-14	4.39015164e-10	1.22032527e-06	6.46750808e-04	6.84701848e-02	3.98391045e-01	4.71178507e-01	5.96519681e-02	1.65990740e-03	4.17020349e-07	1.25981425e-13	6.38109590e-21	1.87375354e-29	1.21244632e-38	1.20063703e-49	2.05953707e-61	5.03656162e-75	7.37861695e-89	1.40612043e-108	1.61952527e-128	7.29351621e-149	2.21096041e-169	8.60228936e-190	2.96702285e-210	1.18590785e-230	1.39212304e-250	1.32709536e-270	1.06688268e-290	
5.4	3.08822117e-16	1.75742994e-11	7.98637197e-08	7.19638204e-05	1.40451828e-02	1.85755530e-01	5.49041341e-01	2.26063560e-01	2.49636919e-02	5.86498471e-05	4.94858514e-10	9.85452941e-16	1.69866384e-22	8.21247533e-30	1.40406213e-38	5.89379599e-48	7.66766975e-59	1.02779078e-69	2.26790261e-89	2.96605190e-109	1.54885217e-129	5.73840231e-150	2.50061108e-170	9.67279546e-191	4.41196655e-211	6.06414205e-231	6.72403926e-251	6.25433845e-271	
5.5	6.72488835e-18	5.58828302e-13	4.09471625e-09	6.12576425e-06	2.10108230e-03	5.77572620e-02	3.78612800e-01	4.19890823e-01	1.39695301e-01	1.93635225e-03	2.50204986e-07	9.92903015e-12	4.77316265e-17	7.59617685e-23	8.27072665e-30	2.89533391e-37	5.92164865e-46	1.89315306e-54	4.76624638e-74	6.97696867e-94	4.20425952e-114	1.89586017e-134	9.28978917e-155	4.04730936e-175	2.12234366e-195	3.42142422e-215	4.41747692e-235	4.75770005e-255	
5.6	1.18906154e-19	1.42919610e-14	1.66432330e-10	4.05225973e-07	2.35078504e-04	1.25374717e-02	1.66947327e-01	4.36761917e-01	3.62400661e-01	2.10913347e-02	2.57932486e-05	1.18406686e-08	8.75908013e-13	2.42069585e-17	7.67897625e-23	9.62099834e-29	1.17819499e-35	3.09052765e-42	1.00214744e-59	5.87787295e-79	4.07704304e-99	2.23216153e-119	1.23754590e-139	6.11919451e-160	3.73463198e-180	7.07383651e-200	1.06461532e-219	1.32867649e-239	
5.7	1.85176342e-21	3.19386312e-16	5.82720144e-12	2.27323164e-08	2.16246905e-05	2.11884004e-03	5.35742814e-02	2.99576391e-01	5.40862510e-01	1.03034342e-01	8.09211665e-04	2.77559247e-06	1.95992540e-09	5.66612272e-13	2.83042651e-17	6.52804611e-22	2.23259965e-27	2.07100054e-32	3.61355084e-46	2.14764760e-61	5.21977357e-78	3.59210597e-96	1.28977783e-115	7.32620179e-136	5.28662274e-156	1.17860277e-175	2.06990301e-195	2.99599503e-215	
5.8	2.70102896e-23	6.63977387e-18	1.87084569e-13	1.15306514e-09	1.75334527e-06	3.02030149e-04	1.37502215e-02	1.52415229e-01	5.41667134e-01	2.81294328e-01	1.03810669e-02	1.87374336e-04	8.59306590e-07	1.73550461e-09	8.40259709e-13	2.11815842e-16	1.11675676e-20	1.90720213e-24	3.16981635e-35	2.98862460e-47	1.96368195e-60	7.10088905e-75	2.17188993e-90	4.48618472e-107	3.88300709e-125	7.46071005e-144	1.53068465e-163	2.57167159e-183	
5.9	3.69512667e-25	1.28608886e-19	5.51132016e-15	5.28669332e-11	1.25678820e-07	3.67148865e-05	2.88350905e-03	5.97279525e-02	3.88160674e-01	4.79650548e-01	6.47789277e-02	4.65871492e-03	1.01788094e-04	1.04219476e-06	3.33689427e-09	6.12625723e-12	3.17525140e-15	6.02443096e-18	2.39722378e-26	8.23390946e-36	3.06491392e-46	1.05952495e-57	4.57987328e-70	2.09289725e-83	7.48679772e-98	8.40561719e-113	2.01704153e-132	3.93722728e-152	
6	4.46083120e-27	2.18338685e-21	1.40197436e-16	2.06336443e-12	7.52149547e-09	3.61429506e-06	4.72852928e-04	1.74588139e-02	1.96504724e-01	5.21481321e-01	2.11300880e-01	4.86618741e-02	3.95368456e-03	1.59691202e-04	2.51207231e-06	2.46072317e-08	8.95736339e-11	1.22936857e-12	3.83619290e-19	1.48172995e-26	8.96611199e-35	7.61763944e-44	1.11779195e-53	2.48869069e-64	7.14715741e-76	8.34951487e-88	2.34629204e-107	5.32655008e-127	
6.1	4.03416054e-29	2.75745800e-23	2.61683342e-18	5.83220706e-14	3.20334876e-10	2.46587498e-07	5.21929704e-05	3.30508883e-03	6.18473569e-02	3.25698577e-01	3.38745456e-01	2.10748066e-01	5.23000401e-02	6.86320452e-03	4.22005019e-04	1.74017834e-05	3.40980635e-07	2.22181546e-08	2.18359324e-13	3.67654271e-19	1.32422838e-25	9.36330652e-33	1.49748768e-40	4.88462514e-49	3.05520599e-58	9.42810917e-68	3.10646101e-87	8.21076548e-107	
6.2	2.19355907e-31	2.07896104e-25	2.87717591e-20	9.57934122e-16	7.80302433e-12	9.39973096e-09	3.13930755e-06	3.30091156e-04	9.95379651e-03	9.77240009e-02	2.30915674e-01	3.40213553e-01	2.20872272e-01	8.10863762e-02	1.63181208e-02	2.34711874e-03	1.95162498e-04	4.06804601e-05	5.98284329e-09	2.02935717e-13	1.92680102e-18	4.77025364e-24	3.34548979e-30	6.14747901e-37	2.95869034e-44	8.11344769e-52	3.13878591e-71	9.67029980e-91	
6.3	5.82102280e-34	7.59308199e-28	1.51204680e-22	7.42290695e-18	8.84072692e-14	1.63176467e-10	8.41431404e-08	1.42858122e-05	6.77156181e-04	1.17885707e-02	5.74972288e-02	1.81032148e-01	2.72238942e-01	2.48608698e-01	1.42007480e-01	6.06729223e-02	1.70413124e-02	8.41093330e-03	1.02337345e-05	3.72243931e-09	4.79695576e-13	2.06613971e-17	3.04505098e-22	1.46794794e-27	2.36424907e-33	2.42390592e-39	1.10262745e-58	3.96471700e-78	
6.4	4.82371398e-37	8.58803304e-31	2.42975983e-25	1.73758793e-20	2.98790608e-16	8.28778398e-13	6.47118568e-10	1.73043550e-07	1.26314759e-05	3.74141314e-04	3.49422349e-03	2.16931014e-02	6.86324653e-02	1.41554034e-01	2.03595483e-01	2.23452130e-01	1.71182025e-01	1.64950249e-01	1.05684670e-03	2.49239745e-06	2.54677319e-09	1.07907739e-12	1.83864632e-16	1.25590427e-20	3.46377813e-25	6.66992198e-30	3.57330011e-49	1.50163898e-68	
6.5	1.51551750e-40	3.64906848e-34	1.45082997e-28	1.49246124e-23	3.66279699e-19	1.49997764e-15	1.74220549e-12	7.17354271e-10	7.91973416e-08	3.85417240e-06	6.49400176e-05	7.45887607e-04	4.59925236e-03	1.97431249e-02	6.44838325e-02	1.59452632e-01	2.76616009e-01	4.62936909e-01	1.12357370e-02	1.17119160e-04	6.21683584e-07	1.63635735e-09	1.98968175e-12	1.16861177e-15	3.21217063e-19	6.72127173e-23	2.25067458e-39	4.85516894e-57	
6.6	5.15816301e-44	1.66340056e-37	9.20740771e-32	1.34348519e-26	4.65657971e-22	2.76987395e-18	4.70742722e-15	2.92275859e-12	4.80095930e-10	3.72369668e-08	1.07821430e-06	2.17573297e-05	2.45836111e-04	2.04748560e-03	1.38886622e-02	6.90944710e-02	2.34032058e-01	6.33033706e-01	4.60004596e-02	1.60199542e-03	3.20837035e-05	3.66691411e-07	2.17334866e-09	7.33744867e-12	1.30022961e-14	1.91266835e-17	1.13885902e-30	6.17013323e-45	
6.7	2.61924048e-47	1.11965437e-40	8.56014563e-35	1.74754311e-29	8.47172091e-25	7.21191156e-21	1.76648577e-17	1.62233320e-14	3.90465775e-12	4.69861406e-10	2.24496521e-08	7.62075689e-07	1.49911872e-05	2.28038989e-04	2.97664890e-03	2.71586508e-02	1.60982994e-01	6.72539745e-01	1.23605513e-01	1.17624835e-02	7.02900215e-04	2.66666787e-05	5.75128511e-07	8.11580109e-09	6.56669761e-11	4.80269091e-13	1.15665478e-23	3.32871208e-35	
6.8	1.87302392e-50	1.04951083e-43	1.10081660e-37	3.10667902e-32	2.08769103e-27	2.50902332e-23	8.73394194e-20	1.16578032e-16	4.05225755e-14	7.38558199e-12	5.62342249e-10	3.09422553e-08	1.01469653e-06	2.67572853e-05	6.29789599e-04	9.79728775e-03	9.40963685e-02	5.89749242e-01	2.42210401e-01	5.44121994e-02	8.17626804e-03	8.44878779e-04	5.32374982e-05	2.45366700e-06	6.93398772e-08	1.91377763e-09	5.75020749e-18	2.55938091e-27	
6.9	1.59557954e-53	1.15822391e-46	1.65644620e-40	6.39794102e-35	5.90999637e-30	9.90324817e-26	4.83730622e-22	9.23572081e-19	4.57447638e-16	1.23599213e-13	1.45514987e-11	1.25660117e-09	6.61797921e-08	2.89277600e-06	1.16229848e-04	2.91424820e-03	4.30158630e-02	3.96896337e-01	3.31713120e-01	1.57760290e-01	5.25365928e-02	1.27772269e-02	1.99659168e-03	2.48869971e-04	1.99995188e-05	1.67051796e-06	2.45933373e-13	6.35223848e-21	
7	1.25580616e-56	1.16674189e-49	2.26126686e-43	1.18539509e-37	1.49335212e-32	3.44868258e-28	2.33606861e-24	6.28857003e-21	4.38379245e-18	1.72303777e-15	3.05545342e-13	4.02516326e-11	3.29609563e-09	2.29808683e-07	1.50540153e-05	5.82871873e-04	1.27495455e-02	1.71018669e-01	2.70507437e-01	2.50589700e-01	1.68111973e-01	8.62291933e-02	2.95376251e-02	8.61994714e-03	1.68215069e-03	3.55598166e-04	1.21970160e-09	8.39424152e-16	
7.1	6.36122497e-60	7.47360087e-53	1.95103811e-46	1.37833640e-40	2.35033024e-35	7.40082031e-31	6.87791512e-27	2.57689952e-23	2.49963458e-20	1.40580319e-17	3.67110327e-15	7.19810125e-13	8.91094292e-11	9.58990440e-09	9.85432173e-07	5.70289019e-05	1.80292518e-03	3.48477608e-02	9.84666169e-02	1.66422026e-01	2.08944234e-01	2.07746326e-01	1.41943099e-01	8.67098345e-02	3.63176886e-02	1.67407251e-02	7.39777128e-07	7.31398800e-12	
7.2	1.51331490e-63	2.22092973e-56	7.76450722e-50	7.34431009e-44	1.68279949e-38	7.15092134e-34	9.02766191e-30	4.65192264e-26	6.21444130e-23	4.92922179e-20	1.85912028e-17	5.31229908e-15	9.70489850e-13	1.56751670e-10	2.44712177e-08	2.06482304e-06	9.27160831e-05	2.56398244e-03	1.23416354e-02	3.60990787e-02	8.00021047e-02	1.44316092e-01	1.82731405e-01	2.13789171e-01	1.74048989e-01	1.53958125e-01	5.46056476e-05	4.75231499e-09	
7.3	2.14662594e-67	3.88819207e-60	1.81060246e-53	2.27698341e-47	6.95997716e-42	3.95235639e-37	6.71602642e-33	4.71005124e-29	8.58420322e-26	9.48240620e-23	5.07935970e-20	2.07663935e-17	5.48309484e-15	1.29820026e-12	2.99927341e-10	3.62095817e-08	2.28126315e-06	8.97005569e-05	7.06716769e-04	3.42339933e-03	1.27647666e-02	3.95970742e-02	8.76335740e-02	1.82680440e-01	2.66545920e-01	4.05764435e-01	7.91244634e-04	4.11104217e-07	
7.4	3.17291957e-71	7.00791557e-64	4.32472481e-57	7.17854537e-51	2.90605788e-45	2.18388493e-40	4.95086046e-36	4.67872979e-32	1.15342361e-28	1.75524228e-25	1.31587583e-22	7.57681781e-20	2.83997369e-17	9.66415599e-15	3.23366147e-12	5.50540341e-10	4.82345242e-08	2.68072189e-06	3.34187512e-05	2.58502496e-04	1.55883245e-03	7.95561323e-03	2.93382218e-02	1.02645255e-01	2.51088020e-01	6.02324108e-01	4.78438034e-03	1.09184092e-05	
7.5	6.27853007e-75	1.67081868e-67	1.35981342e-60	2.95765659e-54	1.57464004e-48	1.55093814e-43	4.65050648e-39	5.86755883e-35	1.94115401e-31	4.03173392e-28	4.17708301e-25	3.34053381e-22	1.75030982e-19	8.41899631e-17	4.00734496e-14	9.51267524e-12	1.15107529e-09	8.98787055e-08	1.72051686e-06	2.06170752e-05	1.94615627e-04	1.57574594e-03	9.31234975e-03	5.20658808e-02	2.02250470e-01	7.16135954e-01	1.82987055e-02	1.43850048e-04	
7.6	1.71238790e-78	5.42535206e-71	5.79770235e-64	1.64060189e-57	1.14046850e-51	1.45774278e-46	5.73217613e-42	9.56885099e-38	4.21614672e-34	1.18553784e-30	1.67885902e-27	1.84244690e-24	1.33123411e-21	8.92179481e-19	5.95288768e-16	1.95212199e-13	3.24391586e-11	3.53662305e-09	1.01235481e-07	1.83237361e-06	2.63467864e-05	3.28396912e-04	3.01150284e-03	2.58640043e-02	1.52836626e-01	7.64479736e-01	5.22838886e-02	1.16756173e-03	
7.7	6.17143296e-82	2.30083855e-74	3.21415793e-67	1.17503110e-60	1.05891108e-54	1.73895073e-49	8.88887491e-45	1.94579731e-40	1.13359618e-36	4.28406247e-33	8.21085238e-30	1.22317901e-26	1.20451803e-23	1.11076752e-20	1.02613211e-17	4.61330851e-15	1.04749010e-12	1.58424941e-10	6.62795816e-09	1.77243442e-07	3.79237356e-06	7.09352420e-05	9.82460807e-04	1.25610097e-02	1.09232994e-01	7.51404048e-01	1.19255049e-01	6.48952691e-03	
7.8	2.76670637e-85	1.20040566e-77	2.18298268e-70	1.02390376e-63	1.18744296e-57	2.47981218e-52	1.63335074e-47	4.64665813e-43	3.55341802e-39	1.79352736e-35	4.61052117e-32	9.23224810e-29	1.22578369e-25	1.53782180e-22	1.94648332e-19	1.19192956e-16	3.68125800e-14	7.67327754e-12	4.60078662e-10	1.78324356e-08	5.56432339e-07	1.52775970e-05	3.12272381e-04	5.79601699e-03	7.23194068e-02	6.73698106e-01	2.21853800e-01	2.60045449e-02	
7.9	1.45620300e-88	7.27609687e-81	1.71531971e-73	1.02506132e-66	1.51849266e-60	3.99114789e-55	3.35706778e-50	1.23000812e-45	1.22577467e-41	8.21461444e-38	2.80831368e-34	7.48849813e-31	1.32735830e-27	2.24218876e-24	3.85472178e-21	3.19603468e-18	1.33683101e-15	3.81551459e-13	3.21993364e-11	1.77907595e-09	7.95491455e-08	3.14566398e-06	9.30256504e-05	2.45702260e-03	4.31460009e-02	5.39624248e-01	3.37545713e-01	7.71307635e-02	
8	8.61829759e-92	4.91107689e-84	1.49490305e-76	1.13024535e-69	2.12239395e-63	6.94637638e-58	7.39396030e-53	3.45751459e-48	4.45786798e-44	3.94567247e-40	1.77915293e-36	6.26203318e-33	1.46786953e-29	3.30592278e-26	7.66076804e-23	8.55555891e-20	4.82614277e-17	1.87442463e-14	2.19086396e-12	1.70113545e-10	1.07347635e-08	6.01473447e-07	2.53018624e-05	9.35898615e-04	2.27946230e-02	3.80884879e-01	4.21922767e-01	1.73435919e-01	
