4	1.70965738e-01	8.29022542e-01	1.17200429e-05	1.92075714e-18	8.57480864e-38	9.05375213e-57	1.91800528e-76	4.28221764e-96	8.02664974e-116	1.22750417e-135	1.33337407e-155	8.57199658e-177	2.78891091e-197	8.44305798e-218	5.82681710e-238	2.64975766e-258	6.59356922e-279	6.96405706e-300	1.00000000e-300	1.00000000e-300	1.00000000e-300	1.00000000e-300	1.00000000e-300	1.00000000e-300	1.00000000e-300	
4.1	2.85018962e-02	9.70609602e-01	8.88502249e-04	3.09798001e-13	2.14943522e-30	2.71887677e-49	6.29588229e-69	1.68496783e-88	3.81499271e-108	7.03017121e-128	9.23321671e-148	6.50960005e-169	2.27171525e-189	6.64205383e-210	5.30939555e-230	2.78752326e-250	6.94502144e-271	7.61832940e-292	1.00000000e-300	1.00000000e-300	1.00000000e-300	1.00000000e-300	1.00000000e-300	1.00000000e-300	1.00000000e-300	
4.2	5.61884137e-03	9.72273761e-01	2.21073937e-02	3.58444113e-09	4.90351725e-22	9.15164698e-41	2.24889344e-60	7.17007315e-80	1.95737849e-99	4.34490231e-119	6.89962732e-139	5.42508832e-160	2.09527588e-180	6.11545118e-201	5.67348657e-221	3.44662328e-241	8.61785087e-262	1.00999119e-282	1.00000000e-300	1.00000000e-300	1.00000000e-300	1.00000000e-300	1.00000000e-300	1.00000000e-300	1.00000000e-300	
4.3	1.23722029e-03	8.27587165e-01	1.71171762e-01	3.85297693e-06	1.46261257e-15	1.05719129e-29	2.65899868e-49	9.43676999e-69	3.03745654e-88	8.06804224e-108	1.54910377e-127	1.35981721e-148	5.92358081e-169	1.76860264e-189	1.90800121e-209	1.34650756e-229	3.45444356e-250	4.38815523e-271	5.17947550e-292	1.00000000e-300	1.00000000e-300	1.00000000e-300	1.00000000e-300	1.00000000e-300	1.00000000e-300	
4.4	2.83095138e-04	5.38707263e-01	4.60464241e-01	5.45401131e-04	1.18038689e-10	3.92061012e-21	5.61333458e-38	1.61219328e-57	5.34812833e-77	1.59999052e-96	3.71434331e-116	3.61634048e-137	1.77733351e-157	5.47579489e-178	6.88311699e-198	5.66604955e-218	1.53814088e-238	2.13618810e-259	2.82762796e-280	1.00000000e-300	1.00000000e-300	1.00000000e-300	1.00000000e-300	1.00000000e-300	1.00000000e-300	
4.5	8.21796750e-05	2.91256514e-01	6.90176505e-01	1.84841673e-02	6.34146180e-07	1.75852021e-14	1.84694701e-27	2.68264440e-47	6.49645081e-67	1.69628983e-86	4.76138167e-106	5.12869910e-127	2.80119018e-147	8.89351424e-168	1.30516345e-187	1.25689854e-207	3.72248939e-228	5.71459839e-249	8.56954096e-270	7.16217381e-291	1.00000000e-300	1.00000000e-300	1.00000000e-300	1.00000000e-300	1.00000000e-300	
4.6	2.84770721e-05	1.28260366e-01	6.96805190e-01	1.74588641e-01	3.17323866e-04	1.60122612e-09	2.02867938e-19	9.86686700e-39	1.31264195e-58	2.02730887e-78	6.88039665e-98	8.26037487e-119	4.92568567e-139	1.60896507e-159	2.76212438e-179	3.11492025e-199	1.03341525e-219	1.78341085e-240	3.05944357e-261	2.76847668e-282	1.00000000e-300	1.00000000e-300	1.00000000e-300	1.00000000e-300	1.00000000e-300	
4.7	8.35013104e-06	4.10642839e-02	4.59480140e-01	4.83324313e-01	1.61198518e-02	3.06115461e-06	1.08833924e-13	4.57687183e-29	8.61762058e-47	6.84427017e-67	2.80813612e-86	3.81001862e-107	2.45712538e-127	8.24704767e-148	1.65939912e-167	2.19233346e-187	8.33111707e-208	1.65175405e-228	3.26272405e-249	3.33820077e-270	8.88930516e-291	1.00000000e-300	1.00000000e-300	1.00000000e-300	1.00000000e-300	
4.8	1.89220249e-06	1.01497278e-02	2.18125173e-01	6.20527657e-01	1.50852824e-01	3.42724903e-04	1.06592188e-09	6.41567252e-22	5.90444500e-36	2.87183135e-52	1.34743468e-70	2.08455372e-91	1.44389674e-111	4.93285757e-132	1.16560907e-151	1.80577401e-171	8.01390854e-192	1.86874092e-212	4.27218901e-233	5.11149678e-254	1.47449858e-274	4.49747927e-295	1.00000000e-300	1.00000000e-300	1.00000000e-300	
4.9	2.99241575e-07	1.82353576e-03	7.16035194e-02	4.59209773e-01	4.60343015e-01	7.01910391e-03	7.53974530e-07	1.58219240e-16	1.33204771e-27	1.31094970e-40	8.40368048e-55	1.93522917e-72	4.00793899e-91	1.36649812e-111	3.79920518e-131	6.91682630e-151	3.64888494e-171	1.02186763e-191	2.72185929e-212	3.89070484e-233	1.21512378e-253	4.10500923e-274	3.50406251e-294	1.00000000e-300	1.00000000e-300	
5	3.47340872e-08	2.50867197e-04	1.73621120e-02	2.30081587e-01	7.01202784e-01	5.10133107e-02	8.93040013e-05	2.13573320e-12	4.38130148e-21	1.98217469e-31	2.32153818e-42	2.26062839e-56	3.97158179e-71	1.76361240e-89	1.05526585e-108	2.26354751e-128	1.44184184e-148	4.91140730e-169	1.53808321e-189	2.65003999e-210	8.97740434e-231	3.36774744e-251	3.34932614e-271	2.69867548e-291	1.00000000e-300	
5.1	3.36707022e-09	2.98804808e-05	3.55449949e-03	9.19545717e-02	7.09438234e-01	1.92060774e-01	2.96203358e-03	3.32000615e-09	5.80857357e-16	3.75249217e-24	1.37525175e-32	1.03429189e-43	2.26387244e-55	5.25825417e-70	3.98785541e-85	1.00713592e-104	7.83580428e-125	3.24302801e-145	1.20410946e-165	2.49981204e-186	9.24418325e-207	3.85238509e-227	4.47171803e-247	4.18230269e-267	3.28461689e-287	
5.2	2.73277640e-10	3.06560450e-06	6.15335664e-04	2.96849194e-02	5.11131062e-01	4.23442663e-01	3.51220457e-02	9.07529086e-07	5.87229976e-12	2.14667119e-18	5.94189789e-25	9.04105392e-34	5.49926080e-43	1.19476206e-54	1.74268052e-66	5.12945345e-86	4.88565907e-106	2.41828395e-126	1.06786362e-146	2.66127603e-167	1.08195147e-187	5.01437396e-208	6.80487183e-228	7.39603708e-248	6.71512355e-268	
5.3	1.79755912e-11	2.59517179e-07	8.56379407e-05	7.40060588e-03	2.58967513e-01	5.61231921e-01	1.72256139e-01	5.79169231e-05	7.08637553e-09	7.02404429e-14	5.52202120e-19	5.98048515e-26	3.20674366e-33	1.69070625e-42	1.06007585e-51	3.55134288e-71	4.09305927e-91	2.36798338e-111	1.23822599e-131	3.69300005e-152	1.65761482e-172	8.58023096e-193	1.36365140e-212	1.72406776e-232	1.81101457e-252	
5.4	9.81238091e-13	1.84463827e-08	9.75410808e-06	1.45697039e-03	9.63833653e-02	4.81817354e-01	4.19181098e-01	1.14990543e-03	1.53393244e-06	2.28907176e-10	2.63124375e-14	8.99408813e-20	1.76641872e-25	7.82882902e-33	6.41283738e-40	2.36889564e-59	3.22377676e-79	2.14104852e-99	1.31425236e-119	4.68205330e-140	2.32544616e-160	1.35681554e-180	2.52976758e-200	3.72446385e-220	4.52971048e-240	
5.5	4.96218446e-14	1.22343471e-09	1.02025481e-06	2.55258328e-04	3.01554584e-02	3.14502195e-01	6.45154718e-01	9.84139178e-03	8.98312194e-05	1.25484960e-07	1.29917456e-10	7.42030765e-15	2.70493956e-19	4.36915695e-25	1.81616837e-30	5.20606579e-46	1.74010319e-63	9.56416576e-83	6.84670753e-103	2.90780070e-123	1.60580998e-143	1.07125415e-163	2.34728549e-183	4.02856810e-203	5.67723803e-223	
5.6	2.54025997e-15	8.23227042e-11	1.08400848e-07	4.41764268e-05	8.90555094e-03	1.78941017e-01	7.62655406e-01	4.74392109e-02	1.99670729e-03	1.77098635e-05	1.13628205e-07	6.57692790e-11	2.61510101e-14	7.96132787e-19	7.95987970e-23	5.60186944e-35	9.35560582e-49	5.09447841e-64	6.87005897e-81	2.33479244e-99	3.19204243e-119	2.47887119e-139	6.39461160e-159	1.28079228e-178	2.09313985e-198	
5.7	1.32600838e-16	5.64008078e-12	1.16648265e-08	7.55168221e-06	2.50437418e-03	9.10243351e-02	7.38123527e-01	1.46720881e-01	2.07436062e-02	8.50486507e-04	2.51270761e-05	9.93047761e-08	2.83538358e-10	9.72376782e-14	1.30889101e-16	4.70241411e-26	7.09548435e-37	6.15423633e-49	2.63778831e-62	5.15803491e-77	7.11754661e-93	3.04173593e-110	2.61575593e-128	6.12101824e-148	1.16108696e-167	
5.8	6.35993247e-18	3.54859805e-13	1.13360821e-09	1.13971500e-06	6.03360551e-04	3.77388966e-02	5.47067305e-01	2.88590127e-01	1.08368128e-01	1.58918225e-02	1.70499427e-03	3.37254093e-05	4.98559605e-07	1.30114419e-09	1.49573908e-11	7.81222998e-19	2.74787590e-27	8.87281991e-37	2.45016087e-47	4.94538216e-59	1.10903139e-71	1.53755029e-85	6.34399792e-100	1.73646409e-119	3.82674944e-139	
5.9	2.25052904e-19	1.65073902e-14	7.96789428e-11	1.21933482e-07	1.00473024e-04	1.03934465e-02	2.57315494e-01	3.13502569e-01	2.65422987e-01	1.13584330e-01	3.66586524e-02	2.84966415e-03	1.69585738e-04	2.51279026e-06	1.64614391e-07	4.49801741e-13	1.24826259e-19	4.68431945e-27	2.33385863e-35	1.24618330e-44	1.06794214e-54	9.83522788e-66	3.61039428e-77	1.15736313e-96	2.96615272e-116	
6	4.22026207e-21	4.08103464e-16	2.93059682e-12	6.70533054e-09	8.41643101e-06	1.39471768e-03	5.69580313e-02	1.44409014e-01	2.46405144e-01	2.62794696e-01	2.20257175e-01	5.58169159e-02	1.10334466e-02	7.38918632e-04	1.83506360e-04	1.13122674e-08	1.02725854e-13	1.75202529e-19	5.67043899e-26	2.71492489e-33	2.81646248e-41	4.87548447e-50	4.17469666e-59	1.56925785e-78	4.68211556e-98	
6.1	3.13900617e-23	4.01188290e-18	4.24726505e-14	1.43038347e-10	2.68409250e-07	6.94080039e-05	4.54942932e-03	2.21777400e-02	7.05056152e-02	1.66039281e-01	3.22557365e-01	2.30427645e-01	1.30208396e-01	3.22712178e-02	2.11788106e-02	1.48205703e-05	2.13388973e-09	7.72109131e-14	7.11409352e-19	1.28461629e-24	6.45795523e-31	7.66498319e-38	5.28356220e-45	2.33218371e-64	8.11053282e-84	
6.2	7.06454628e-26	1.19427858e-20	1.85404914e-16	9.06370204e-13	2.50032478e-09	9.86953550e-07	1.01477985e-04	8.95025464e-04	5.00904820e-03	2.37404417e-02	9.77982433e-02	1.75288452e-01	2.50006305e-01	1.89456882e-01	2.56515194e-01	1.18644088e-03	1.49929651e-06	6.18182430e-10	8.29639930e-14	2.80322365e-18	3.28073690e-23	1.18839546e-28	2.83097752e-34	1.46949261e-53	5.96409193e-73	
6.3	6.84362803e-29	1.52830418e-23	3.46206026e-19	2.42630261e-15	9.69649040e-12	5.73159087e-09	9.05998266e-07	1.37809915e-05	1.30115293e-04	1.15580099e-03	9.39741410e-03	3.83288255e-02	1.23622617e-01	2.38925924e-01	5.76562096e-01	1.17801177e-02	8.21634158e-05	2.33406161e-07	2.64915736e-10	9.45551952e-14	1.42541977e-17	8.20029134e-22	3.44685230e-26	2.10726435e-45	9.99508774e-65	
6.4	7.31627713e-32	2.15006936e-26	7.04413439e-22	6.99726891e-18	3.99855872e-14	3.47953605e-11	8.30127722e-09	2.09317414e-07	3.22387278e-06	5.07662518e-05	7.67625639e-04	6.55194058e-03	4.33017368e-02	1.81664159e-01	7.17695970e-01	4.86221705e-02	1.32460127e-03	1.74792661e-05	1.08885050e-07	2.58317631e-10	3.10282286e-13	1.67059390e-16	7.25965244e-20	6.35592650e-36	2.90042960e-53	
6.5	1.11862387e-34	4.30512564e-29	2.01337637e-24	2.80565065e-20	2.26550318e-16	2.85795737e-13	1.01154110e-10	4.08993490e-09	9.98975346e-08	2.66509027e-06	7.12424206e-05	1.18364553e-03	1.47077973e-02	1.17497399e-01	7.22380079e-01	1.32645777e-01	1.09974257e-02	5.01425535e-04	1.23043380e-05	1.34517513e-07	8.74021379e-10	2.87740025e-12	8.44885361e-15	1.19660886e-27	1.29754645e-41	
6.6	2.28006987e-37	1.14390078e-31	7.52323774e-27	1.45662201e-22	1.64432573e-18	2.96508179e-15	1.53209957e-12	9.64937095e-11	3.64701702e-09	1.58738249e-07	7.18003412e-06	2.18087833e-04	4.73881345e-03	6.53259846e-02	6.05911377e-01	2.61152209e-01	5.50979758e-02	6.99873284e-03	5.28828932e-04	2.01201153e-05	5.20548784e-07	7.48373418e-09	1.05842881e-10	5.62476931e-21	3.10065354e-32	
6.7	5.22227326e-40	3.40079778e-34	3.10437243e-29	8.27608856e-25	1.29312030e-20	3.29133788e-17	2.44601923e-14	2.33962947e-12	1.33842654e-10	9.20108341e-09	6.77888925e-07	3.56590794e-05	1.27717705e-03	2.83084459e-02	3.88585914e-01	3.53695855e-01	1.66684979e-01	5.04664576e-02	9.80310352e-03	1.05186937e-03	8.55012857e-05	4.13589696e-06	2.15178175e-07	1.34389080e-15	1.10623152e-24	
6.8	1.05561843e-42	8.88656922e-37	1.11322507e-31	4.05128717e-27	8.67971740e-23	3.08325192e-19	3.25148987e-16	4.62002205e-14	3.92138559e-12	4.14024880e-10	4.80631559e-08	4.18003918e-06	2.35496269e-04	7.98863402e-03	1.60292235e-01	2.84304315e-01	2.71505089e-01	1.74693135e-01	7.63599151e-02	1.97572767e-02	4.21137565e-03	5.61719131e-04	8.65799156e-05	2.52604331e-11	1.17357253e-18	
6.9	1.39683110e-45	1.51369992e-39	2.57514907e-34	1.26864522e-29	3.69330701e-25	1.81280351e-21	2.67985321e-18	5.54921945e-16	6.86564693e-14	1.08638620e-11	1.93100065e-09	2.66954158e-07	2.28056420e-05	1.14381583e-03	3.32678634e-02	1.07971087e-01	1.93922363e-01	2.43209556e-01	2.16436336e-01	1.20048427e-01	5.84525348e-02	1.84643007e-02	7.06059581e-03	4.61741158e-08	5.59000421e-14	
7	8.91431823e-49	1.23826850e-42	2.83164585e-37	1.87305144e-32	7.34555581e-28	4.93742113e-24	1.01222177e-20	3.00414469e-18	5.33435245e-16	1.23873609e-13	3.28768893e-11	6.98730414e-09	8.79597812e-07	6.36504446e-05	2.66634397e-03	1.50512346e-02	4.79435315e-02	1.09627178e-01	1.83913523e-01	1.99889982e-01	1.99773019e-01	1.32784620e-01	1.08277200e-01	8.83137470e-06	1.50884906e-10	
7.1	2.81421340e-52	4.98780813e-46	1.51723770e-40	1.33667494e-35	7.00168351e-31	6.39480572e-27	1.80097801e-23	7.55094548e-21	1.89829229e-18	6.35300573e-16	2.46456903e-13	7.83192357e-11	1.42135127e-08	1.45837634e-06	8.75096892e-05	8.23582895e-04	4.43458386e-03	1.75244659e-02	5.21624664e-02	1.03591061e-01	1.95191237e-01	2.48231988e-01	3.77711430e-01	2.40166430e-04	3.56049448e-08	
7.2	7.85199060e-56	1.76667557e-49	7.07272081e-44	8.23219076e-39	5.71072240e-34	7.03770478e-30	2.70034358e-26	1.57959256e-23	5.55575231e-21	2.63771030e-18	1.46846683e-15	6.81948067e-13	1.75456346e-10	2.52121094e-08	2.15632588e-06	3.26513762e-05	2.85569876e-04	1.86617192e-03	9.38116609e-03	3.21914324e-02	1.06695613e-01	2.40081220e-01	6.07396679e-01	2.06550700e-03	1.80693805e-06	
7.3	2.84150203e-59	8.07130338e-53	4.20681424e-47	6.41666606e-42	5.84515834e-37	9.65822189e-33	5.01233651e-29	4.04726460e-26	1.97120475e-23	1.30960797e-20	1.03019403e-17	6.86003881e-15	2.46981739e-12	4.92517958e-10	5.97353875e-08	1.41108271e-06	1.93972648e-05	2.02141405e-04	1.64798249e-03	9.33742868e-03	5.13817572e-02	1.91636136e-01	7.35815464e-01	9.92046572e-03	3.77563253e-05	
7.4	1.43085387e-62	5.10029447e-56	3.42255832e-50	6.78528973e-45	8.04730095e-40	1.77233576e-35	1.23612172e-31	1.36521610e-28	9.12629733e-26	8.38567431e-23	9.19858653e-20	8.64591704e-17	4.31211755e-14	1.18495973e-11	2.02698528e-09	7.26847324e-08	1.52834875e-06	2.46533814e-05	3.15266496e-04	2.84166425e-03	2.47563669e-02	1.45067358e-01	7.93041731e-01	3.35154018e-02	4.35954428e-04	
7.5	9.62250025e-66	4.27538607e-59	3.65235803e-53	9.33181125e-48	1.42830077e-42	4.17012047e-38	3.88587975e-34	5.82230884e-31	5.30041809e-28	6.66786217e-25	1.00844493e-21	1.32051068e-18	9.04711614e-16	3.40630485e-13	8.16941035e-11	4.34119650e-09	1.36453231e-07	3.32251486e-06	6.48207609e-05	9.01457651e-04	1.19674844e-02	1.05626568e-01	7.90853962e-01	8.73752416e-02	3.20700275e-03	
7.6	8.05744514e-69	4.43109356e-62	4.76216876e-56	1.55465898e-50	3.04360888e-45	1.17190877e-40	1.45128145e-36	2.92830014e-33	3.60477812e-30	6.15230795e-27	1.27017756e-23	2.29186908e-20	2.14210434e-17	1.09940005e-14	3.67279381e-12	2.83303499e-10	1.30462034e-08	4.69239485e-07	1.36399316e-05	2.85231891e-04	5.59789730e-03	7.20619303e-02	7.23973621e-01	1.81890113e-01	1.61770836e-02	
7.7	7.80681554e-72	5.27386748e-65	7.04541014e-59	2.91246466e-53	7.22682397e-48	3.65144790e-43	5.97965874e-39	1.61373302e-35	2.66877582e-32	6.12899989e-29	1.71140652e-25	4.21572250e-22	5.34314027e-19	3.72168949e-16	1.72055011e-13	1.89177282e-11	1.25407511e-09	6.53828551e-08	2.77439031e-06	8.53380042e-05	2.41720426e-03	4.43110169e-02	5.91829585e-01	3.03499733e-01	5.78542817e-02	
7.8	8.24229032e-75	6.78588249e-68	1.11327800e-61	5.77448519e-56	1.79918094e-50	1.18739034e-45	2.55968856e-41	9.17833335e-38	2.02676839e-34	6.21543856e-31	2.32736909e-27	7.76401049e-24	1.32717503e-20	1.24903319e-17	7.93681057e-15	1.22340422e-12	1.14985347e-10	8.54960271e-09	5.20376429e-07	2.31026247e-05	9.26757124e-04	2.37707587e-02	4.20735110e-01	4.04763931e-01	1.49779811e-01	
7.9	9.22051865e-78	9.17610736e-71	1.82668784e-64	1.17760411e-58	4.56395547e-53	3.91662149e-48	1.10697465e-43	5.24176711e-40	1.53652746e-36	6.24632616e-33	3.11071067e-29	1.39544224e-25	3.20146018e-22	4.05455306e-19	3.51874539e-16	7.49481271e-14	9.85742704e-12	1.03040266e-09	8.85871233e-08	5.58486071e-06	3.12549750e-04	1.10737204e-02	2.59572007e-01	4.38310091e-01	2.90725958e-01	
8	1.10629205e-80	1.31972794e-73	3.15023696e-67	2.49955371e-61	1.19347397e-55	1.32632008e-50	4.89733169e-46	3.04438229e-42	1.17812817e-38	6.30356622e-35	4.14128047e-31	2.48277447e-27	7.60899998e-24	1.29148784e-20	1.52163663e-17	4.42294220e-15	8.04995698e-13	1.16868895e-10	1.40077477e-08	1.23664687e-06	9.53845063e-05	4.62239479e-03	1.43504065e-01	4.02901226e-01	4.48875679e-01	
