4	7.77823482e-01	2.22176369e-01	1.49288423e-07	1.75325893e-22	7.79226189e-41	2.02923487e-59	3.77883588e-78	3.89570709e-97	2.08326583e-116	6.39038597e-136	5.60560173e-156	4.57936584e-177	2.41019255e-197	1.02126803e-217	3.63440580e-238	1.14650025e-258	1.57425750e-280	1.00000000e-300	1.00000000e-300	1.00000000e-300	1.00000000e-300	1.00000000e-300	1.00000000e-300	1.00000000e-300	1.00000000e-300	1.00000000e-300	1.00000000e-300	1.00000000e-300	1.00000000e-300	1.00000000e-300	
4.1	4.12614633e-01	5.87364061e-01	2.13053264e-05	2.04283512e-16	1.06591971e-34	3.26128903e-53	7.21125268e-72	8.69842187e-91	5.46383283e-110	1.98187560e-129	2.07144487e-149	1.68273345e-170	1.06677662e-190	5.46980785e-211	2.35432697e-231	8.99731329e-252	1.50263261e-273	7.82743456e-295	1.00000000e-300	1.00000000e-300	1.00000000e-300	1.00000000e-300	1.00000000e-300	1.00000000e-300	1.00000000e-300	1.00000000e-300	1.00000000e-300	1.00000000e-300	1.00000000e-300	1.00000000e-300	
4.2	1.51377682e-01	8.47865492e-01	7.56825583e-04	7.21497508e-12	9.22786754e-27	3.31699049e-45	8.70898335e-64	1.22912756e-82	9.06904423e-102	3.88995635e-121	4.84440004e-141	3.98028103e-162	3.03931050e-182	1.88566230e-202	9.81655632e-223	4.54470200e-243	9.23419619e-265	4.66727126e-286	1.00000000e-300	1.00000000e-300	1.00000000e-300	1.00000000e-300	1.00000000e-300	1.00000000e-300	1.00000000e-300	1.00000000e-300	1.00000000e-300	1.00000000e-300	1.00000000e-300	1.00000000e-300	
4.3	5.13007242e-02	9.37202664e-01	1.14965954e-02	1.58913407e-08	1.35325803e-19	8.67025423e-37	2.70303474e-55	4.46354691e-74	3.86856207e-93	1.96214347e-112	2.91158088e-132	2.46514341e-153	2.26721550e-173	1.70211374e-193	1.07172506e-213	6.01079673e-234	1.49544627e-255	7.52804565e-277	8.54876862e-298	1.00000000e-300	1.00000000e-300	1.00000000e-300	1.00000000e-300	1.00000000e-300	1.00000000e-300	1.00000000e-300	1.00000000e-300	1.00000000e-300	1.00000000e-300	1.00000000e-300	
4.4	1.73048207e-02	8.87666362e-01	9.50235730e-02	5.24418056e-06	3.55814405e-14	4.13241075e-27	7.05357130e-45	1.36279827e-63	1.38736857e-82	8.32104942e-102	1.47121580e-121	1.31019307e-142	1.45138367e-162	1.31848081e-182	1.00409779e-202	6.82224343e-223	2.09444737e-244	1.09250815e-265	1.37374025e-286	1.00000000e-300	1.00000000e-300	1.00000000e-300	1.00000000e-300	1.00000000e-300	1.00000000e-300	1.00000000e-300	1.00000000e-300	1.00000000e-300	1.00000000e-300	1.00000000e-300	
4.5	4.71455670e-03	6.01959868e-01	3.92925914e-01	3.99660257e-04	3.61408149e-10	9.35998768e-20	3.83181002e-33	8.66043626e-52	1.03560289e-70	7.34470132e-90	1.54729530e-109	1.48151599e-130	1.97675156e-150	2.17289916e-170	2.00138083e-190	1.64722702e-210	6.25181045e-232	3.51146397e-253	4.90976506e-274	3.53373043e-294	1.00000000e-300	1.00000000e-300	1.00000000e-300	1.00000000e-300	1.00000000e-300	1.00000000e-300	1.00000000e-300	1.00000000e-300	1.00000000e-300	1.00000000e-300	
4.6	8.60401833e-04	2.48107114e-01	7.42863786e-01	8.16839234e-03	3.05649339e-07	2.61639569e-14	3.27248563e-24	3.68533713e-39	6.72765014e-58	5.64210847e-77	1.41622743e-96	1.48883807e-117	2.39274555e-137	3.18260428e-157	3.54323471e-177	3.52911824e-197	1.64076351e-218	1.01910777e-239	1.57930198e-260	1.32225551e-280	1.00000000e-300	1.00000000e-300	1.00000000e-300	1.00000000e-300	1.00000000e-300	1.00000000e-300	1.00000000e-300	1.00000000e-300	1.00000000e-300	1.00000000e-300	
4.7	1.29549821e-04	7.79622116e-02	8.54110527e-01	6.77483821e-02	4.93295276e-05	2.99665186e-10	1.79248706e-17	1.11439494e-28	6.41065575e-43	5.54774883e-61	1.65921427e-80	1.94825780e-101	3.77116216e-121	6.06940188e-141	8.13320184e-161	9.72289521e-181	5.43664460e-202	3.77702140e-223	6.40281641e-244	6.24969879e-264	2.85400438e-284	1.00000000e-300	1.00000000e-300	1.00000000e-300	1.00000000e-300	1.00000000e-300	1.00000000e-300	1.00000000e-300	1.00000000e-300	1.00000000e-300	
4.8	1.75475528e-05	2.06583682e-02	6.90060995e-01	2.86914795e-01	2.34792500e-03	3.68561914e-07	1.88700366e-12	9.16662401e-21	1.84685565e-31	3.20454194e-45	6.36174353e-62	8.44740876e-83	1.96702963e-102	3.82623594e-122	6.04775939e-142	8.32703557e-162	5.49385470e-183	4.27271325e-204	7.78470512e-225	8.87651667e-245	4.53879259e-265	1.93907489e-285	1.00000000e-300	1.00000000e-300	1.00000000e-300	1.00000000e-300	1.00000000e-300	1.00000000e-300	1.00000000e-300	1.00000000e-300	
4.9	1.87933850e-06	4.10509369e-03	3.58642051e-01	6.01356390e-01	3.58220015e-02	7.25751821e-05	9.25039420e-09	5.36707830e-15	4.61524244e-23	1.98736993e-33	3.35344282e-46	6.65805550e-63	1.83721178e-82	4.26020124e-102	7.41394528e-122	1.03953243e-141	8.00009565e-163	6.96144766e-184	1.34354569e-204	1.79342681e-224	1.04915573e-244	4.84128897e-265	9.38361593e-286	1.00000000e-300	1.00000000e-300	1.00000000e-300	1.00000000e-300	1.00000000e-300	1.00000000e-300	1.00000000e-300	
5	1.60706528e-07	6.23577287e-04	1.24384585e-01	6.70275808e-01	2.01626674e-01	3.08460662e-03	4.58880574e-06	8.28481037e-11	5.42583662e-17	7.92488851e-25	1.69389981e-34	1.32852992e-47	4.57712210e-65	3.18818388e-84	5.18058510e-104	6.02898368e-124	5.39265088e-145	5.26831856e-166	1.06739035e-186	1.67147990e-206	1.13961949e-226	5.68388772e-247	1.28154034e-267	2.06896941e-288	1.00000000e-300	1.00000000e-300	1.00000000e-300	1.00000000e-300	1.00000000e-300	1.00000000e-300	
5.1	1.16886053e-08	7.77245902e-05	3.12662873e-02	4.41832277e-01	4.89335574e-01	3.70968915e-02	3.91134018e-04	1.00219659e-07	1.76845706e-12	1.64007630e-18	7.87339760e-26	4.52366299e-36	9.44605136e-50	8.78062184e-65	8.02943805e-82	3.36939866e-101	3.49374090e-122	3.85431176e-143	8.15848223e-164	1.50187442e-183	1.21246018e-203	6.60885303e-224	1.73160746e-244	3.29227976e-265	7.28235474e-286	1.00000000e-300	1.00000000e-300	1.00000000e-300	1.00000000e-300	1.00000000e-300	
5.2	7.88254692e-10	8.72142543e-06	6.34821407e-03	1.97178854e-01	6.18171957e-01	1.69405859e-01	8.86713747e-03	1.92519775e-05	4.73266067e-09	9.93033526e-14	2.47456229e-19	2.68726267e-27	4.12076744e-38	5.29028017e-50	1.35000822e-63	4.24430739e-79	1.21280379e-96	2.52459651e-115	5.58650286e-136	1.21145484e-155	1.17286750e-175	7.12037094e-196	2.17695088e-216	4.92779248e-237	1.25411459e-257	2.79811378e-278	8.78087547e-299	1.00000000e-300	1.00000000e-300	1.00000000e-300	
5.3	5.10528898e-11	9.17020192e-07	1.10869388e-03	6.58312254e-02	4.78396849e-01	3.78323092e-01	7.53867928e-02	9.50417436e-04	2.01227357e-06	5.02751485e-10	2.44562543e-14	1.69072174e-20	4.25433688e-29	1.45631334e-38	1.93330981e-49	7.35738306e-62	6.92267155e-76	8.02218637e-91	8.60345536e-108	4.69417527e-125	5.49630619e-145	3.79395747e-165	1.36037774e-185	3.70009720e-206	1.08526345e-226	2.80799878e-247	1.00457884e-267	9.83050047e-288	1.00000000e-300	1.00000000e-300	
5.4	2.85259494e-12	8.15031445e-08	1.54078741e-04	1.58771859e-02	2.33143333e-01	4.53955849e-01	2.81242655e-01	1.54322532e-02	1.94198507e-04	3.65711330e-07	1.86169645e-10	3.43972900e-15	5.00227620e-22	1.43353612e-29	2.82698461e-38	3.20279191e-48	1.97346931e-59	2.26205383e-71	5.65936830e-85	1.24537975e-98	1.76556949e-118	1.40738899e-138	5.92734581e-159	1.94728664e-179	6.59114081e-200	1.98116589e-220	8.09663612e-241	9.26632423e-261	8.63268514e-281	1.00000000e-300	
5.5	1.24770206e-13	5.57822537e-09	1.58531004e-05	2.66938369e-03	7.25049084e-02	3.10290618e-01	5.11211515e-01	9.77853918e-02	5.46725911e-03	5.48767061e-05	1.88530691e-07	4.70889753e-11	1.82434395e-16	1.85371522e-22	2.07913307e-29	2.34597617e-37	2.63954202e-46	7.61687348e-56	9.60491405e-67	1.63834341e-77	2.78610878e-97	2.57853659e-117	1.27228331e-137	5.04834264e-158	1.97070018e-178	6.88285896e-199	3.22729824e-219	4.32694908e-239	4.69071394e-259	4.29828090e-279	
5.6	4.17988910e-15	2.88326017e-10	1.20200613e-06	3.19065085e-04	1.51593026e-02	1.31169060e-01	5.08859737e-01	2.85698508e-01	5.64442940e-02	2.31026569e-03	3.84877095e-05	7.69313336e-08	4.35956123e-12	8.09386690e-17	2.43722701e-22	1.15489768e-28	8.67535879e-36	2.14079338e-43	4.06169841e-52	1.44906361e-60	2.90155105e-80	3.10462455e-100	1.78889343e-120	8.54458076e-141	3.84561896e-161	1.56129226e-181	8.47515067e-202	1.33345144e-221	1.68382089e-241	1.78686967e-261	
5.7	9.97087799e-17	1.04749146e-11	6.30854448e-08	2.59051080e-05	2.07662199e-03	3.41071052e-02	2.83303980e-01	4.08279458e-01	2.37917072e-01	3.22513744e-02	2.01669707e-03	2.17117392e-05	1.12176405e-08	2.25975900e-12	1.00807245e-16	1.01035783e-21	2.29435378e-27	2.06974001e-33	2.27624398e-40	6.01509581e-47	6.21653907e-64	1.77156405e-82	1.85471423e-102	1.06360490e-122	5.53874344e-143	2.62251110e-163	1.67038924e-183	3.08953730e-203	4.54925758e-223	5.59543630e-243	
5.8	1.55297420e-18	2.45410488e-13	2.11324907e-09	1.32956290e-06	1.75501325e-04	5.21414703e-03	8.60086722e-02	2.86284489e-01	4.26770177e-01	1.62894222e-01	3.12975900e-02	1.34949665e-03	4.36693066e-06	6.31457678e-09	2.59634455e-12	3.18496503e-16	1.17080943e-20	1.97925422e-25	5.96305892e-31	5.17218332e-36	2.13261282e-49	4.19019874e-64	5.29572905e-80	2.88721600e-97	1.09998122e-115	2.35081420e-135	1.78470559e-155	3.88740055e-175	6.68225277e-195	9.53395364e-215	
5.9	1.56768931e-20	3.68636614e-15	4.50433660e-11	4.30965060e-08	9.20847074e-06	4.76220627e-04	1.46890229e-02	1.03797481e-01	3.53718639e-01	3.34673959e-01	1.68911030e-01	2.33704707e-02	3.51293353e-04	2.62469869e-06	6.80260581e-09	6.60290894e-12	2.40188511e-15	4.51220890e-19	2.08698757e-23	3.17728330e-27	9.88536053e-38	2.28824854e-49	5.39081277e-62	9.64869888e-76	1.86908923e-90	3.30217724e-106	3.95951718e-123	1.24199796e-140	2.49512418e-160	4.13319006e-180	
6	1.05454627e-22	3.65141826e-17	6.29208746e-13	9.08457503e-10	3.10047457e-07	2.70634772e-05	1.48646325e-03	2.08174234e-02	1.48300837e-01	3.14435047e-01	3.68638564e-01	1.38436819e-01	7.62786740e-03	2.26853569e-04	2.73578189e-06	1.48707869e-08	3.64132940e-11	5.07565249e-14	2.32743449e-17	3.80972734e-20	2.35852673e-28	1.57709963e-37	1.56553597e-47	1.85494520e-58	3.37812837e-70	8.28985912e-83	2.33511369e-96	2.30574744e-110	5.42018673e-130	1.04344725e-149	
6.1	5.15659150e-25	2.60102155e-19	6.28727558e-15	1.36183766e-11	7.32882063e-09	1.05335720e-06	9.89522593e-05	2.59506027e-03	3.59705960e-02	1.57593337e-01	3.89782898e-01	3.49559412e-01	5.85109203e-02	5.63345581e-03	2.48462273e-04	5.77443460e-06	7.06677211e-08	5.37234732e-10	1.74713359e-12	1.99253839e-14	8.30396540e-21	5.18497258e-28	6.58295435e-36	1.43810296e-44	6.42128180e-54	5.31099368e-64	7.65821461e-75	4.81362470e-86	1.32570220e-105	2.96903138e-125	
6.2	2.00548557e-27	1.45799979e-21	4.92006200e-17	1.58870886e-13	1.33098412e-10	3.08285010e-08	4.78715790e-06	2.24196431e-04	5.70592796e-03	4.83475614e-02	2.33768807e-01	4.53205156e-01	1.98570810e-01	5.25684910e-02	7.01010576e-03	5.65677139e-04	2.75323756e-05	9.00518892e-07	1.57265301e-08	8.17507651e-10	9.42388553e-15	2.19460929e-20	1.36019811e-26	1.96367111e-33	7.34894827e-41	6.64101884e-49	1.45603380e-57	1.63605660e-66	5.28595715e-86	1.37874153e-105	
6.3	5.89113744e-30	6.10849134e-24	2.86434391e-19	1.36905818e-15	1.76335115e-12	6.45016403e-10	1.60786956e-07	1.29127099e-05	5.75386817e-04	8.92934951e-03	7.94341299e-02	3.07622483e-01	3.13502920e-01	2.00636846e-01	6.96561611e-02	1.66055975e-02	2.68656595e-03	3.11190439e-04	2.26260018e-05	3.66852959e-06	5.69130559e-10	2.33629412e-14	3.23401591e-19	1.34978985e-24	1.79063530e-30	7.19829539e-37	9.10599930e-44	6.66722257e-51	2.53063940e-70	7.69682595e-90	
6.4	1.00718495e-32	1.47426564e-26	9.56341624e-22	6.71503526e-18	1.31149804e-14	7.44166301e-12	2.90283611e-09	3.85929246e-07	2.89358667e-05	7.85822291e-04	1.22455046e-02	8.88812625e-02	1.91639007e-01	2.67706701e-01	2.15113852e-01	1.33261026e-01	6.19118396e-02	2.13818449e-02	5.09637814e-03	1.94512544e-03	2.31076607e-06	9.13535932e-10	1.49798145e-13	9.26867683e-18	2.17711833e-22	1.89483433e-27	6.36089172e-33	1.36051872e-38	6.07564291e-58	2.15754365e-77	
6.5	5.36035095e-36	1.09547595e-29	9.78780368e-25	1.00126002e-20	2.92457007e-17	2.53261181e-14	1.51129802e-11	3.22515884e-09	3.93319115e-07	1.79796230e-05	4.71394077e-04	6.08680080e-03	2.57317832e-02	7.23078958e-02	1.22480584e-01	1.77279298e-01	2.08801457e-01	1.83901699e-01	1.15771968e-01	8.66315243e-02	5.15991764e-04	1.22501727e-06	1.43312795e-09	7.68004457e-13	1.82032284e-16	1.92006490e-20	9.15162991e-25	3.02185073e-29	2.39098651e-48	9.92769687e-68	
6.6	7.83510674e-40	2.21291759e-33	2.71176366e-28	4.00026321e-24	1.72472341e-20	2.24414710e-17	2.00796745e-14	6.69283834e-12	1.28899697e-09	9.58833315e-08	4.08720082e-06	8.99031766e-05	7.00750616e-04	3.70906920e-03	1.22839583e-02	3.79441573e-02	1.01720640e-01	1.98923769e-01	2.75703816e-01	3.60924141e-01	7.91603292e-03	7.91301594e-05	4.45619567e-07	1.35123547e-09	2.05720363e-12	1.64612254e-15	6.72815364e-19	2.06557637e-22	9.13475712e-38	3.36300314e-54	
6.7	1.04010343e-43	4.02167529e-37	6.72992496e-32	1.41581701e-27	8.89959533e-24	1.71537554e-20	2.26080538e-17	1.14879395e-14	3.40410779e-12	3.99975530e-10	2.69080167e-08	9.71436558e-07	1.32680867e-05	1.25334526e-04	7.63409476e-04	4.65802975e-03	2.59100393e-02	1.00143767e-01	2.65228568e-01	5.65406728e-01	3.65400281e-02	1.18561428e-03	2.39174474e-05	2.95460366e-07	2.02664043e-09	8.45415321e-12	1.97991991e-14	3.77469707e-17	1.67696831e-29	8.32840375e-43	
6.8	2.06170367e-47	1.08181648e-40	2.46162269e-35	7.30983991e-31	6.61335472e-27	1.86378737e-23	3.56163622e-20	2.70038608e-17	1.20292384e-14	2.17435538e-12	2.24888727e-10	1.29048592e-08	2.95781577e-07	4.76414163e-06	5.07026005e-05	5.72065418e-04	6.10399049e-03	4.24868171e-02	1.93995877e-01	6.43066867e-01	1.04102795e-01	9.06741789e-03	5.27181787e-04	2.07160265e-05	4.88343841e-07	7.90483853e-09	7.72665570e-11	6.63643115e-13	7.57764188e-23	1.22018474e-33	
6.9	6.03076312e-51	4.25900315e-44	1.31216370e-38	5.45261869e-34	7.01249538e-30	2.85202251e-26	7.79228314e-23	8.64918524e-20	5.67525544e-17	1.54141219e-14	2.39424087e-12	2.12274297e-10	7.86762622e-09	2.07757819e-07	3.69801148e-06	7.29239821e-05	1.39691093e-03	1.62984740e-02	1.19445616e-01	5.97517386e-01	2.14721377e-01	4.36229109e-02	6.22807303e-03	6.47407697e-04	4.27974845e-05	2.13940489e-06	6.83004095e-08	2.04646272e-09	2.03347307e-17	3.42139149e-26	
7	2.24013428e-54	2.11264824e-47	8.77630319e-42	5.06666437e-37	9.16157623e-33	5.30621318e-29	2.04741379e-25	3.27308226e-22	3.10745717e-19	1.24223745e-16	2.83796751e-14	3.79147305e-12	2.19968532e-10	9.20182125e-09	2.63791888e-07	8.66662672e-06	2.81982964e-04	5.22467074e-03	5.85198893e-02	4.33092705e-01	3.15042268e-01	1.34248549e-01	4.17614495e-02	1.00019390e-02	1.59196993e-03	2.06308609e-04	1.78116887e-05	1.51659405e-06	5.54645438e-13	3.96650044e-20	
7.1	8.27443300e-58	1.03400249e-50	5.76825675e-45	4.59774106e-40	1.15787636e-35	9.43294734e-32	5.08439887e-28	1.15387485e-24	1.56036417e-21	9.01538337e-19	2.97376705e-16	5.85683310e-14	5.16995237e-12	3.32481123e-10	1.48548075e-08	7.80703714e-07	4.12020006e-05	1.16426330e-03	1.92725942e-02	2.08168260e-01	2.85264176e-01	2.34886035e-01	1.45343682e-01	7.22113979e-02	2.46503690e-02	7.23831614e-03	1.45995496e-03	2.98951747e-04	2.02941529e-09	3.02042934e-15	
7.2	2.09535615e-61	3.44039686e-54	2.56731501e-48	2.80979964e-43	9.77570266e-39	1.10838008e-34	8.26669195e-31	2.62983652e-27	4.99594097e-24	4.10647328e-21	1.92393861e-18	5.48046832e-16	7.18252098e-14	6.91835272e-12	4.68181762e-10	3.80307295e-08	3.13306016e-06	1.31022875e-04	3.13117613e-03	4.88782867e-02	1.19139680e-01	1.77681401e-01	2.03686847e-01	1.93553320e-01	1.29612402e-01	7.76349133e-02	3.25873036e-02	1.39594561e-02	1.01970490e-06	1.79241146e-11	
7.3	2.57643532e-65	5.51076948e-58	5.47977908e-52	8.18918633e-47	3.90895293e-42	6.11326430e-38	6.25547280e-34	2.75900806e-30	7.27488857e-27	8.38949837e-24	5.50212357e-21	2.22968136e-18	4.24789175e-16	5.99279808e-14	5.99329330e-12	7.30820901e-10	9.10782687e-08	5.51167800e-06	1.87038926e-04	4.18666954e-03	1.73096246e-02	4.43707389e-02	8.90310438e-02	1.51747811e-01	1.85857791e-01	2.08845224e-01	1.66149039e-01	1.32242137e-01	6.72707509e-05	8.91354717e-09	
7.4	1.90465358e-69	5.26031655e-62	6.94478057e-56	1.40896779e-50	9.17002310e-46	1.96331087e-41	2.73571084e-37	1.65680663e-33	5.99976016e-30	9.59052826e-27	8.69081923e-24	4.93915781e-21	1.34304826e-18	2.72231541e-16	3.93910908e-14	7.03725103e-12	1.29298963e-09	1.11335185e-07	5.30155245e-06	1.68972649e-04	1.13858261e-03	4.80278493e-03	1.60970713e-02	4.67115658e-02	9.89168045e-02	1.94738718e-01	2.72081336e-01	3.64425184e-01	9.12927163e-04	6.38915126e-07	
7.5	1.44008232e-73	5.08870501e-66	8.88828924e-60	2.43426685e-54	2.14697883e-49	6.25222559e-45	1.17824801e-40	9.71130054e-37	4.78434218e-33	1.04888438e-29	1.29827012e-26	1.02208990e-23	3.90427248e-21	1.11837216e-18	2.29933903e-16	5.89659303e-14	1.56378645e-11	1.89124161e-09	1.25260971e-07	5.64669582e-06	5.99401243e-05	4.01399642e-04	2.16223287e-03	1.02333633e-02	3.57823761e-02	1.16661679e-01	2.68966715e-01	5.60455307e-01	5.25654112e-03	1.46715363e-05	
7.6	1.42840591e-77	6.39786418e-70	1.47329040e-63	5.41655554e-58	6.43311382e-53	2.53265048e-48	6.41407735e-44	7.13691260e-40	4.74238255e-36	1.41240073e-32	2.36296197e-29	2.55036058e-26	1.34969059e-23	5.38483703e-21	1.54831567e-18	5.60121284e-16	2.10683618e-13	3.54213070e-11	3.24056840e-09	2.05263291e-07	3.33040222e-06	3.43732159e-05	2.88249884e-04	2.14794396e-03	1.19415567e-02	6.15659374e-02	2.22755607e-01	6.81790167e-01	1.93006843e-02	1.71941899e-04	
7.7	1.92578670e-81	1.08294192e-73	3.27666662e-67	1.60870577e-61	2.55721016e-56	1.35266092e-51	4.57662185e-47	6.82339394e-43	6.06726958e-39	2.43338551e-35	5.44956576e-32	7.99104684e-29	5.78893678e-26	3.17673399e-23	1.25992827e-20	6.33258509e-18	3.32923406e-15	7.71554603e-13	9.69333960e-11	8.56920605e-09	2.06936126e-07	3.21065172e-06	4.08124340e-05	4.65046478e-04	3.98427584e-03	3.12974232e-02	1.70793442e-01	7.38788719e-01	5.33554797e-02	1.27137514e-03	
7.8	3.41169335e-85	2.38512502e-77	9.44963325e-71	6.16323073e-65	1.30367702e-59	9.20766657e-55	4.13926972e-50	8.20880815e-46	9.69266381e-42	5.19249111e-38	1.54242575e-34	3.04855005e-31	2.99040556e-28	2.23192466e-25	1.20630018e-22	8.31189066e-20	6.03401607e-17	1.91400829e-14	3.28501659e-12	4.02501785e-10	1.41400742e-08	3.22706582e-07	6.07629792e-06	1.03270931e-04	1.32788655e-03	1.54276949e-02	1.23122434e-01	7.34753702e-01	1.18689627e-01	6.56897106e-03	
7.9	7.52342132e-89	6.47414408e-81	3.34699526e-74	2.88565097e-68	8.07647230e-63	7.57115642e-58	4.49914338e-53	1.17853511e-48	1.83413809e-44	1.30223723e-40	5.08540227e-37	1.34540478e-33	1.76940992e-30	1.77780080e-27	1.29496201e-24	1.20866317e-21	1.19919393e-18	5.17449221e-16	1.20762584e-13	2.03684896e-11	1.02073409e-09	3.36291716e-08	9.19441977e-07	2.28137577e-05	4.30398508e-04	7.22128671e-03	8.23005116e-02	6.67691946e-01	2.17395270e-01	2.49368196e-02	
8	1.96037030e-92	2.05549399e-84	1.38176003e-77	1.56711176e-71	5.77246398e-66	7.14181651e-61	5.58378775e-56	1.91896767e-51	3.90757096e-47	3.64898289e-43	1.85696123e-39	6.53475115e-36	1.14148980e-32	1.52930563e-29	1.48611234e-26	1.85758384e-23	2.49700063e-20	1.45757448e-17	4.60486365e-15	1.06196828e-12	7.45384427e-11	3.48824539e-09	1.36132493e-07	4.84109345e-06	1.31432361e-04	3.12394376e-03	4.99219961e-02	5.45618890e-01	3.29710251e-01	7.14885063e-02	
