4	9.99977937e-01	2.20632565e-05	3.06245805e-20	2.59244735e-39	9.82136441e-59	1.47572077e-78	8.35061547e-99	2.56610395e-118	5.19706730e-138	7.62167433e-158	
4.1	9.98078883e-01	1.92111683e-03	1.43476940e-14	1.45435962e-33	5.82466106e-53	8.80270377e-73	6.26482369e-93	2.24650328e-112	5.27558716e-132	8.92971641e-152	
4.2	9.33473510e-01	6.65264896e-02	4.84294758e-10	1.87589419e-27	8.10566559e-47	1.25983705e-66	1.14208780e-86	4.78742370e-106	1.30490179e-125	2.55097803e-145	
4.3	4.33340655e-01	5.66658309e-01	1.03527793e-06	6.71126348e-20	3.15794442e-39	5.14583001e-59	5.94069501e-79	2.91625105e-98	9.23536449e-118	2.08656933e-137	
4.4	7.47665164e-02	9.25094306e-01	1.39177449e-04	2.11752076e-14	6.73762496e-30	1.17302569e-49	1.67064359e-69	9.62130609e-89	3.54349812e-108	9.25920595e-128	
4.5	1.80350617e-02	9.77552851e-01	4.41208727e-03	3.12207861e-10	4.66605091e-22	5.02979367e-39	8.16538202e-59	5.52648529e-78	2.36954307e-97	7.16610133e-117	
4.6	7.75689760e-03	9.42023786e-01	5.02188962e-02	4.19848259e-07	5.10425359e-16	3.69025071e-29	2.84221243e-48	2.26471110e-67	1.13150692e-86	3.96338547e-106	
4.7	3.74728260e-03	7.55499479e-01	2.40675519e-01	7.77195971e-05	1.82013927e-11	1.43594585e-21	1.46754043e-36	5.12894485e-54	2.98924400e-73	1.21370904e-92	
4.8	1.41214015e-03	4.37418796e-01	5.58152431e-01	3.01659034e-03	4.25515177e-08	8.39247071e-16	1.61948140e-27	5.06114908e-41	3.44436442e-60	1.62248077e-79	
4.9	4.03404825e-04	1.90832864e-01	7.70387020e-01	3.83633043e-02	1.34070791e-05	2.06236085e-11	1.66168809e-20	7.57490284e-31	6.02617569e-50	3.29623438e-69	
5	8.99407674e-05	6.57407534e-02	7.18707284e-01	2.14496180e-01	9.65793985e-04	4.75244563e-08	4.93769124e-15	7.77457118e-23	7.23821914e-42	4.60153792e-61	
5.1	1.38466942e-05	1.58568717e-02	4.19338483e-01	5.45285359e-01	1.94897991e-02	1.56402490e-05	8.33451170e-11	1.44265165e-16	1.57374458e-35	1.16409836e-54	
5.2	1.48015485e-06	2.68434647e-03	1.57627574e-01	7.01032674e-01	1.37576375e-01	1.07740815e-03	1.42149735e-07	1.08884712e-11	1.39342110e-30	1.20060409e-49	
5.3	1.16649870e-07	3.36799407e-04	4.10730984e-02	5.18261767e-01	4.18777568e-01	2.15111974e-02	3.93884235e-05	6.47555200e-08	9.73445176e-27	9.78150078e-46	
5.4	6.74609987e-09	3.10372485e-05	7.42820931e-03	2.30022325e-01	6.09678637e-01	1.50386417e-01	2.40562133e-03	4.77454558e-05	1.44190432e-23	1.69197879e-42	
5.5	2.86507398e-10	2.09170055e-06	9.36076165e-04	6.35210195e-02	4.61384433e-01	4.26795121e-01	4.11271789e-02	6.23407957e-03	2.14647152e-17	7.98232905e-35	
5.6	7.53174014e-12	8.65039760e-08	6.94885964e-05	9.46003246e-03	1.63418556e-01	4.65389811e-01	2.00474171e-01	1.61187854e-01	9.81844688e-13	1.97754641e-26	
5.7	7.66241065e-14	1.36879352e-09	1.90034039e-06	4.84524078e-04	1.78251627e-02	1.33457077e-01	2.02389760e-01	6.45841573e-01	1.58432952e-09	3.12090713e-20	
5.8	5.58459062e-16	1.53342081e-11	3.55664770e-08	1.60907526e-05	1.15745778e-03	2.00772535e-02	8.86346723e-02	8.90114219e-01	2.71371953e-07	1.34229834e-15	
5.9	5.77466387e-18	2.40612807e-13	9.05769258e-10	6.95931660e-07	9.15401418e-05	3.32496072e-03	3.67472611e-02	9.59821261e-01	1.42804299e-05	6.02325668e-12	
6	9.37598982e-20	5.84580114e-15	3.48271854e-11	4.38639493e-08	1.00022631e-05	7.01549736e-04	1.72103179e-02	9.81740527e-01	3.37553730e-04	5.14778027e-09	
6.1	2.38883940e-21	2.19828468e-16	2.02228190e-12	4.05496809e-09	1.53695154e-06	1.94976303e-04	9.62598031e-03	9.85919087e-01	4.25722769e-03	1.18772566e-06	
6.2	9.33448121e-23	1.25103336e-17	1.73581356e-13	5.40466927e-10	3.28975208e-07	7.15684323e-05	6.54279341e-03	9.62197635e-01	3.10952448e-02	9.24290865e-05	
6.3	4.93454722e-24	9.50626658e-19	1.94740342e-14	9.21739153e-11	8.75619762e-08	3.12611368e-05	4.91037197e-03	8.59365550e-01	1.32951051e-01	2.74167848e-03	
6.4	2.83946338e-25	7.76664236e-20	2.30594738e-15	1.62919692e-11	2.35930466e-08	1.33060208e-05	3.35266232e-03	6.35403887e-01	3.27842561e-01	3.33875606e-02	
6.5	1.45179865e-26	5.57988066e-21	2.36408035e-16	2.45315088e-12	5.31005951e-09	4.57554432e-06	1.74101064e-03	3.51963823e-01	4.66858361e-01	1.79432225e-01	
6.6	5.84720401e-28	3.13067855e-22	1.86842684e-17	2.80429838e-13	8.91246564e-10	1.14120991e-06	6.24785025e-04	1.37969291e-01	3.96684304e-01	4.64720479e-01	
6.7	1.99744300e-29	1.47818605e-23	1.22973143e-18	2.63147271e-14	1.20740020e-10	2.24375601e-07	1.70666213e-04	4.26778784e-02	2.38442831e-01	7.18708400e-01	
6.8	6.85009656e-31	6.95449133e-25	7.99037142e-20	2.40590263e-15	1.56953752e-11	4.15186553e-08	4.28943380e-05	1.25891174e-02	1.27052518e-01	8.60315428e-01	
6.9	2.58305095e-32	3.57161859e-26	5.61974497e-21	2.35373911e-16	2.15362178e-12	7.98651476e-09	1.10615166e-05	3.93123298e-03	6.80547655e-02	9.28002932e-01	
7	1.09304032e-33	2.04401363e-27	4.37021624e-22	2.52069023e-17	3.19740604e-13	1.64200376e-09	3.02783613e-06	1.33693630e-03	3.81917337e-02	9.60468301e-01	
7.1	5.17645928e-35	1.30014762e-28	3.75061519e-23	2.95279279e-18	5.14063905e-14	3.61481628e-10	8.84608878e-07	4.95031713e-04	2.26135834e-02	9.76890500e-01	
7.2	2.71691332e-36	9.10616662e-30	3.52169854e-24	3.75505993e-19	8.89678853e-15	8.47972225e-11	2.74997565e-07	1.97976691e-04	1.40793338e-02	9.85722414e-01	
7.3	1.56412648e-37	6.95502256e-31	3.58513334e-25	5.14059323e-20	1.64523273e-15	2.10733922e-11	9.05195919e-08	8.47349094e-05	9.16171308e-03	9.90753461e-01	
7.4	9.77356326e-39	5.73722918e-32	3.92161848e-26	7.51412212e-21	3.22708734e-16	5.51750233e-12	3.13758288e-08	3.84725143e-05	6.19048816e-03	9.93771008e-01	
7.5	6.57116228e-40	5.07093212e-33	4.57574477e-27	1.16515413e-21	6.67466589e-17	1.51534330e-12	1.13985280e-08	1.83924581e-05	4.31922044e-03	9.95662376e-01	
7.6	4.71322802e-41	4.76419667e-34	5.65362788e-28	1.90361344e-22	1.44700542e-17	4.34449263e-13	4.31765518e-09	9.19130758e-06	3.09545601e-03	9.96895348e-01	
7.7	3.57640332e-42	4.72092079e-35	7.34334177e-29	3.25551160e-23	3.26830329e-18	1.29372614e-13	1.69621349e-09	4.76826076e-06	2.26779769e-03	9.97727432e-01	
7.8	2.85383014e-43	4.90716421e-36	9.97794600e-30	5.80086062e-24	7.65918374e-19	3.98475594e-14	6.87904161e-10	2.55329649e-06	1.69158040e-03	9.98305866e-01	
7.9	2.38083468e-44	5.32007432e-37	1.41068738e-30	1.07174602e-24	1.85405654e-19	1.26368235e-14	2.86647127e-10	1.40335741e-06	1.27984626e-03	9.98718750e-01	
8	2.06375757e-45	5.98079237e-38	2.06390146e-31	2.04265050e-25	4.61442075e-20	4.10741160e-15	1.22176388e-10	7.87843344e-07	9.79234402e-04	9.99019978e-01	
