4	3.17704317e-01	6.82276927e-01	1.87558267e-05	1.34340455e-17	1.46980804e-36	8.80124573e-56	3.35925410e-75	2.00972426e-95	2.76638621e-117	2.30416976e-138	9.89423635e-160	2.81238065e-181	4.75530189e-203	1.48431560e-224	1.24575376e-245	5.87813786e-266	3.00288013e-286	1.00000000e-300	1.00000000e-300	1.00000000e-300	1.00000000e-300	1.00000000e-300	1.00000000e-300	1.00000000e-300	1.00000000e-300	1.00000000e-300	1.00000000e-300	
4.1	9.51127139e-02	9.03515761e-01	1.37152477e-03	1.80148562e-12	2.23501063e-31	1.55198294e-50	7.00448137e-70	4.47399167e-90	6.66864164e-112	6.44873962e-133	3.11518266e-154	9.70976111e-176	2.00868059e-197	6.82992380e-219	5.70586784e-240	2.77955370e-260	1.64053220e-280	1.00000000e-300	1.00000000e-300	1.00000000e-300	1.00000000e-300	1.00000000e-300	1.00000000e-300	1.00000000e-300	1.00000000e-300	1.00000000e-300	1.00000000e-300	
4.2	3.08085844e-02	9.33421510e-01	3.57698868e-02	1.91775830e-08	6.73669105e-23	5.47653935e-42	2.92284749e-61	1.96970651e-81	3.14579249e-103	3.53114651e-124	1.92328241e-145	6.59969259e-167	1.67896932e-188	6.44419020e-210	5.57118545e-231	2.74591426e-251	1.87626530e-271	8.88719826e-292	1.00000000e-300	1.00000000e-300	1.00000000e-300	1.00000000e-300	1.00000000e-300	1.00000000e-300	1.00000000e-300	1.00000000e-300	1.00000000e-300	
4.3	8.18172176e-03	6.55567796e-01	3.36227935e-01	2.25468334e-05	4.89336424e-16	6.30558385e-32	3.97954172e-51	2.79383721e-71	4.78979102e-93	6.23760047e-114	3.85870737e-135	1.47425207e-156	4.63033409e-178	2.06379662e-199	1.91553427e-220	9.37012311e-241	7.42658564e-261	4.05624864e-281	1.00000000e-300	1.00000000e-300	1.00000000e-300	1.00000000e-300	1.00000000e-300	1.00000000e-300	1.00000000e-300	1.00000000e-300	1.00000000e-300	
4.4	1.06090596e-03	1.98116889e-01	7.98213543e-01	2.60866267e-03	6.33744896e-11	6.72156027e-23	1.70291231e-40	1.22494052e-60	2.28956565e-82	3.45840166e-103	2.45415957e-124	1.06153362e-145	4.12871384e-167	2.16992371e-188	2.20621596e-209	1.06149729e-229	9.77887874e-250	6.18212084e-270	2.34954425e-290	1.00000000e-300	1.00000000e-300	1.00000000e-300	1.00000000e-300	1.00000000e-300	1.00000000e-300	1.00000000e-300	1.00000000e-300	
4.5	1.10199700e-04	4.43348875e-02	8.88796381e-01	6.67580822e-02	4.49295991e-07	6.48005225e-16	3.17489968e-29	1.03605513e-47	2.16390302e-69	3.77203449e-90	3.09233849e-111	1.54069976e-132	7.42828099e-154	4.60983057e-175	5.11811009e-196	2.44219597e-216	2.62029759e-236	1.92414275e-256	8.46000153e-277	9.86278551e-298	1.00000000e-300	1.00000000e-300	1.00000000e-300	1.00000000e-300	1.00000000e-300	1.00000000e-300	1.00000000e-300	
4.6	9.30261723e-06	7.45394712e-03	5.15850307e-01	4.76400748e-01	2.85694983e-04	1.32910950e-10	1.75731829e-20	7.98277199e-35	1.52974448e-54	3.03286044e-75	2.87311524e-96	1.67313955e-117	9.97817003e-139	7.25949074e-160	8.63567133e-181	4.16799620e-201	5.21899802e-221	4.45459032e-241	2.28054591e-261	3.18223109e-282	1.00000000e-300	1.00000000e-300	1.00000000e-300	1.00000000e-300	1.00000000e-300	1.00000000e-300	1.00000000e-300	
4.7	4.65114175e-07	7.09159981e-04	1.28762160e-01	8.52834704e-01	1.76926785e-02	8.32642033e-07	6.00024128e-14	5.52808824e-25	1.47696861e-40	3.26041635e-61	3.55138099e-82	2.44366682e-103	1.79338531e-124	1.51904566e-145	1.90387615e-166	9.40417954e-187	1.37703418e-206	1.36205161e-226	8.11421193e-247	1.36037218e-267	1.38731381e-288	1.00000000e-300	1.00000000e-300	1.00000000e-300	1.00000000e-300	1.00000000e-300	1.00000000e-300	
4.8	2.23851563e-08	6.15186734e-05	2.44814855e-02	7.35320776e-01	2.39690198e-01	4.45994975e-04	4.37152946e-09	1.76798201e-17	9.80963639e-30	4.43839570e-48	5.51998072e-69	4.52012833e-90	4.05356321e-111	3.99051310e-132	5.25690041e-153	2.60552161e-173	4.47054256e-193	5.09905167e-213	3.51150173e-233	7.06184360e-254	8.51778934e-275	1.00903741e-295	1.00000000e-300	1.00000000e-300	1.00000000e-300	1.00000000e-300	1.00000000e-300	
4.9	7.49457379e-10	3.58826440e-06	2.77787257e-03	2.65996907e-01	7.07062486e-01	2.41505655e-02	8.57917817e-06	4.51166679e-12	1.12018231e-21	4.18310941e-36	1.01700341e-52	1.29136197e-71	1.40165848e-92	1.60348973e-113	2.24060607e-134	1.05833738e-154	2.13211125e-174	2.79456222e-194	2.20826726e-214	5.30756925e-235	7.66435993e-256	1.11670017e-276	2.72438988e-297	1.00000000e-300	1.00000000e-300	1.00000000e-300	1.00000000e-300	
5	1.98724989e-11	1.60294009e-07	2.23161863e-04	5.39528088e-02	7.06000900e-01	2.38760822e-01	1.06211950e-03	2.76794526e-08	8.97969779e-16	4.40914760e-27	3.62661920e-40	3.74917299e-55	2.28667106e-72	2.47608747e-91	8.82585645e-112	3.78824639e-132	8.97837649e-152	1.35291902e-171	1.22292237e-191	3.50096582e-212	6.11554461e-233	1.08272305e-253	2.90562502e-274	9.23358657e-295	1.00000000e-300	1.00000000e-300	1.00000000e-300	
5.1	4.21312266e-13	5.56051097e-09	1.32449349e-05	7.02256770e-03	3.16853756e-01	6.56800429e-01	1.92983596e-02	1.16371874e-05	1.85500831e-11	2.75078301e-20	1.46264753e-30	2.01409951e-42	4.34635779e-56	3.33728787e-71	1.66139316e-87	2.22942650e-106	6.22849222e-126	1.08346099e-145	1.12304845e-165	3.81638785e-186	8.14128005e-207	1.73791868e-227	5.15106754e-248	1.82584274e-268	1.73000070e-288	1.00000000e-300	1.00000000e-300	
5.2	8.42809830e-15	1.77688109e-10	6.98974301e-07	7.41699329e-04	9.07424417e-02	8.01181309e-01	1.06517523e-01	8.16298335e-04	2.96227852e-08	4.07427331e-15	3.72248457e-23	1.60055449e-32	2.36442585e-43	2.15379721e-55	2.18187174e-68	1.76003119e-83	4.98089931e-99	1.00429456e-118	1.19734202e-138	4.80763708e-159	1.26154900e-179	3.23300018e-200	1.06650398e-220	4.23686630e-241	4.68742122e-261	4.21038464e-281	1.00000000e-300	
5.3	1.93291262e-16	6.37748948e-12	4.04674404e-08	8.02535890e-05	2.26706538e-02	6.53928588e-01	3.04766246e-01	1.85458151e-02	8.40317638e-06	4.19548024e-11	2.29408801e-17	9.67414249e-25	2.65358019e-33	6.96724136e-43	3.12073810e-53	2.67667012e-65	1.58869480e-77	3.70420107e-97	5.05658463e-117	2.38687025e-137	7.72150055e-158	2.36297719e-178	8.73429876e-199	3.90115626e-219	5.04808005e-239	5.27032986e-259	4.62188009e-279	
5.4	4.41086907e-18	2.23093916e-13	2.23644383e-09	7.90906353e-06	4.58292850e-03	3.54583801e-01	4.79911066e-01	1.60345642e-01	5.68601951e-04	4.96361418e-08	7.09401004e-13	1.17597959e-18	2.13922298e-25	5.32916047e-33	3.16751163e-41	7.40009028e-51	2.02469649e-60	5.38569051e-80	8.27854542e-100	4.57504583e-120	1.81736944e-140	6.58109520e-161	2.73562589e-181	1.38141993e-201	2.09432979e-221	2.54407059e-241	2.58176435e-261	
5.5	7.64797289e-20	5.83894371e-15	9.12211974e-11	5.53445867e-07	6.04425534e-04	1.09016836e-01	3.70868929e-01	5.09661855e-01	9.83880428e-03	8.59544446e-06	1.69109346e-09	5.40295381e-14	2.90724018e-19	2.87771566e-25	8.81582864e-32	1.91263139e-39	7.23975203e-47	2.14995309e-66	3.63616129e-86	2.34606187e-106	1.13544762e-126	4.81325824e-147	2.25603855e-167	1.30166083e-187	2.31608126e-207	3.27694793e-227	3.85120043e-247	
5.6	1.08978702e-21	1.24555798e-16	3.00031399e-12	3.00115408e-08	5.82697127e-05	2.18093404e-02	1.66666476e-01	7.51538656e-01	5.95854703e-02	3.41192278e-04	5.65021834e-07	2.00449236e-10	1.69719208e-14	3.37038390e-19	2.53149586e-24	2.17337461e-30	4.38226652e-36	1.01919007e-51	5.23402645e-69	4.16675730e-88	2.44041074e-108	1.20270600e-128	6.39431122e-149	4.27999413e-169	8.95340068e-189	1.47706887e-208	2.01188944e-228	
5.7	1.64467832e-23	2.75601096e-18	1.00501698e-13	1.61883923e-09	5.28608230e-06	3.78712052e-03	5.95256522e-02	7.38248383e-01	1.93131095e-01	5.25214308e-03	5.01895072e-05	1.28994809e-07	1.04913625e-10	2.43970900e-14	2.50611392e-18	4.33840484e-23	2.20133377e-27	1.20737587e-39	2.63705526e-53	1.83425436e-68	6.45115301e-85	9.53685708e-103	7.20645270e-122	5.69680055e-142	1.40356769e-161	2.70280703e-181	4.27030957e-201	
5.8	2.64364086e-25	6.46711939e-20	3.56215999e-15	8.99599712e-11	4.76861721e-07	6.06991416e-04	1.82946385e-02	5.43662143e-01	3.95814056e-01	3.99519623e-02	1.64761049e-03	2.20043518e-05	1.16732258e-07	2.07845168e-10	1.84763672e-13	3.82208818e-17	2.73233578e-20	7.43140318e-30	1.29575143e-40	1.28878716e-52	1.11518417e-65	6.74226643e-80	3.49934272e-95	7.40135591e-112	4.47063499e-129	1.00601611e-148	1.84532551e-168	
5.9	4.21872284e-27	1.48758276e-21	1.22194384e-16	4.69748614e-12	3.91476077e-08	8.37661574e-05	4.57268799e-03	2.92260789e-01	5.18537048e-01	1.60488330e-01	2.28051101e-02	1.22071983e-03	3.12036545e-05	3.04775793e-07	1.64255066e-09	2.73835739e-12	1.74197005e-14	6.73543323e-22	2.48014165e-30	8.39188290e-40	3.82234394e-50	1.83013558e-61	1.13942194e-73	5.42983167e-87	9.95633968e-101	2.62126206e-120	5.58761524e-140	
6	5.57090805e-29	2.82649540e-23	3.43733932e-18	1.98104729e-13	2.50662255e-09	8.71617475e-06	8.21307236e-04	1.03651859e-01	4.03792921e-01	3.30051130e-01	1.35558995e-01	2.37095139e-02	2.30762680e-03	9.55245479e-05	2.37747265e-06	2.37700652e-08	8.86732250e-10	1.75733468e-15	4.69060679e-22	1.71983221e-29	1.20409577e-37	1.23926795e-46	2.31734875e-56	5.47379128e-67	6.20722450e-78	1.91433292e-97	4.74690766e-117	
6.1	4.93452737e-31	3.56533638e-25	6.35049426e-20	5.36324601e-15	1.01587897e-10	5.51846759e-07	8.60605218e-05	2.00338235e-02	1.57752279e-01	3.02601450e-01	3.12943442e-01	1.52183175e-01	4.69788871e-02	6.75656209e-03	6.29772411e-04	2.97079008e-05	4.28962167e-06	1.87883486e-10	1.52323109e-15	2.40644974e-21	9.63010196e-28	7.51429255e-35	1.40249527e-42	4.91772091e-51	9.74303561e-60	3.52446665e-79	1.01777893e-98	
6.2	2.25431005e-33	2.29339571e-27	5.91527492e-22	7.19272999e-17	1.97627921e-12	1.60622938e-08	3.99396262e-06	1.62275565e-03	2.41639749e-02	9.89282115e-02	2.30889772e-01	2.74661628e-01	2.33228560e-01	9.97802645e-02	2.94251408e-02	5.24739521e-03	2.04728618e-03	1.00135233e-06	1.21074067e-10	3.87565076e-15	3.98508658e-20	1.01845721e-25	7.87575742e-32	1.56626814e-38	1.98548128e-45	8.43593339e-65	2.84038161e-84	
6.3	3.33059877e-36	4.74765976e-30	1.78966143e-24	3.08528390e-19	1.21654133e-14	1.45781412e-10	5.59335668e-08	3.79009093e-05	1.01100163e-03	8.18362138e-03	3.94830361e-02	1.03689028e-01	2.15989398e-01	2.42304989e-01	1.95473795e-01	1.06197507e-01	8.73487647e-02	2.80616992e-04	2.84855699e-07	9.94332639e-11	1.37338955e-14	5.82274490e-19	9.21558253e-24	4.80458497e-29	1.75353370e-34	8.76416285e-54	3.44516799e-73	
6.4	1.60500137e-39	3.16108577e-33	1.69085378e-27	4.06689802e-22	2.23370478e-17	3.82022779e-13	2.19905461e-10	2.39090902e-07	1.09203947e-05	1.64246743e-04	1.52658819e-03	8.14806208e-03	3.78508761e-02	1.00059669e-01	1.93681540e-01	2.62054400e-01	3.90904387e-01	5.56866681e-03	3.03332989e-05	7.02192772e-08	7.71932929e-11	3.12809422e-14	5.73492172e-18	4.20253749e-22	2.34070166e-26	2.39721371e-45	1.10171134e-64	
6.5	6.30257275e-43	1.71755570e-36	1.29841090e-30	4.41880147e-25	3.33526128e-20	7.96896904e-16	6.72166498e-13	1.13419490e-09	8.53636621e-08	2.26598289e-06	3.83011949e-05	3.88429937e-04	3.71037003e-03	2.10734453e-02	8.70510457e-02	2.47121008e-01	6.10877740e-01	2.91210156e-02	6.09870844e-04	6.38374084e-06	3.69337802e-08	9.19467743e-11	1.23232927e-13	7.66226053e-17	3.93126208e-20	2.33900395e-35	9.51046406e-52	
6.6	3.52556465e-46	1.31132050e-39	1.39124727e-33	6.50475965e-28	7.16996179e-23	2.33295271e-18	2.82789623e-15	7.19213309e-12	8.62868089e-10	3.86948245e-08	1.13335105e-06	2.06503891e-05	3.78364737e-04	4.26410700e-03	3.40023397e-02	1.77542848e-01	6.88079142e-01	8.98222915e-02	5.68205775e-03	2.02485238e-04	4.49155067e-06	4.86103903e-08	3.29302179e-10	1.15851316e-12	3.66406428e-15	2.25817155e-27	1.32486905e-40	
6.7	3.17596926e-49	1.60356685e-42	2.36294145e-36	1.49572241e-30	2.22816493e-25	9.68969112e-21	1.66121852e-17	6.20507869e-14	1.15270722e-11	8.41007318e-10	4.09563993e-08	1.27850115e-06	4.23131432e-05	8.83839550e-04	1.25290073e-02	1.09559484e-01	6.42915556e-01	1.98783366e-01	3.19163248e-02	3.14941803e-03	2.11528803e-04	7.64403826e-06	1.95766894e-07	2.83430268e-09	4.01402448e-11	6.51458353e-21	1.30726588e-31	
6.8	3.31505285e-52	2.25610014e-45	4.58784708e-39	3.92199621e-33	7.80554148e-28	4.95814516e-23	1.18656281e-19	6.36212513e-16	1.78386338e-13	2.04905721e-11	1.60074961e-09	8.21684600e-08	4.66450055e-06	1.70365464e-04	4.02159760e-03	5.52379160e-02	4.80048339e-01	3.15680580e-01	1.13215709e-01	2.65926011e-02	4.54201778e-03	4.49632053e-04	3.47917581e-05	1.62213491e-06	7.97370362e-08	1.14790667e-15	2.51097692e-24	
6.9	3.93098902e-55	3.57118114e-48	9.89734173e-42	1.13086155e-35	3.01729743e-30	2.50946613e-25	8.29058034e-22	6.25403466e-18	2.58829422e-15	4.54874895e-13	5.52438376e-11	4.50101121e-09	4.19230193e-07	2.54873225e-05	9.52577260e-04	1.96771211e-02	2.49627993e-01	3.21526838e-01	2.33952046e-01	1.16879935e-01	4.45878673e-02	1.04247753e-02	2.05368999e-03	2.55703478e-04	3.55422079e-05	1.91155761e-11	1.83798463e-18	
7	3.48989333e-58	4.23259434e-51	1.59302824e-44	2.41785542e-38	8.50386995e-33	9.17350523e-28	4.14407667e-24	4.32202317e-20	2.58978100e-17	6.79407301e-15	1.24822954e-12	1.56509312e-10	2.30283042e-08	2.23564875e-06	1.27292577e-04	3.83886338e-03	7.03992458e-02	1.66514152e-01	2.28231972e-01	2.22541762e-01	1.71878540e-01	8.48302447e-02	3.73172669e-02	1.07482587e-02	3.57010714e-03	3.60328517e-08	7.40366755e-14	
7.1	1.53631248e-61	2.48201333e-54	1.26850457e-47	2.54375205e-41	1.18940034e-35	1.67471479e-30	1.02586295e-26	1.45692705e-22	1.24282375e-19	4.76477726e-17	1.29379907e-14	2.43154682e-12	5.47233507e-10	8.19326426e-08	6.89916602e-06	2.97555656e-04	7.83045441e-03	3.22876582e-02	7.86058650e-02	1.39911469e-01	2.02752459e-01	1.93785951e-01	1.71869235e-01	1.02290798e-01	7.03538796e-02	7.69336311e-06	1.90620683e-10	
7.2	3.24444564e-65	6.95474029e-58	4.81642450e-51	1.26531713e-44	7.91779474e-39	1.42683273e-33	1.17624405e-29	2.24566739e-25	2.68825151e-22	1.47907609e-19	5.81874931e-17	1.60241601e-14	5.36849138e-12	1.20441644e-09	1.46649546e-07	8.91673912e-06	3.34663163e-04	2.30348690e-03	9.49199305e-03	2.92237471e-02	7.48298428e-02	1.29461872e-01	2.13402834e-01	2.39506528e-01	3.01206024e-01	2.29900164e-04	4.36413680e-08	
7.3	5.51703987e-69	1.56290504e-61	1.46145863e-54	5.02563537e-48	4.20803076e-42	9.56366984e-37	1.05355141e-32	2.67443767e-28	4.43747846e-25	3.44955878e-22	1.93300152e-19	7.65180638e-17	3.73186872e-14	1.22517604e-11	2.12038926e-09	1.79902110e-07	9.57395864e-06	1.06063626e-04	7.10672442e-04	3.62016093e-03	1.55941327e-02	4.62571546e-02	1.32596499e-01	2.60209288e-01	5.38873428e-01	2.02079339e-03	2.05168856e-06	
7.4	1.14409996e-72	4.26665908e-65	5.36606025e-58	2.39636154e-51	2.67695012e-45	7.67957698e-40	1.12288119e-35	3.75494745e-31	8.54514346e-28	9.26241962e-25	7.28727853e-22	4.07952980e-19	2.84339795e-16	1.33954186e-13	3.25185904e-11	3.82022872e-09	2.86666615e-07	4.95287869e-06	5.21932441e-05	4.24052471e-04	2.95172127e-03	1.43628253e-02	6.77453948e-02	2.18370735e-01	6.86468305e-01	9.58036770e-03	3.91625682e-05	
7.5	3.22453435e-76	1.57740662e-68	2.65727324e-61	1.53241213e-54	2.27480698e-48	8.18186911e-43	1.57749512e-38	6.89519645e-34	2.13267366e-30	3.18773843e-27	3.47865569e-24	2.71641535e-21	2.66463593e-18	1.77250988e-15	5.97243241e-13	9.65565211e-11	1.01568110e-08	2.66132516e-07	4.29159828e-06	5.39682200e-05	5.87210801e-04	4.51985144e-03	3.35283202e-02	1.68701619e-01	7.60418822e-01	3.17681897e-02	4.17451393e-04	
7.6	1.19569979e-79	7.64769755e-72	1.71862477e-64	1.27691663e-57	2.50842043e-51	1.12631065e-45	2.84401175e-41	1.61411804e-36	6.73175752e-33	1.37434726e-29	2.05874875e-26	2.21669382e-23	3.02187205e-20	2.80053679e-17	1.29865259e-14	2.87422230e-12	4.21206465e-10	1.63312613e-08	3.93668096e-07	7.46962171e-06	1.23593929e-04	1.46055855e-03	1.64303759e-02	1.23997160e-01	7.73380243e-01	8.17132149e-02	2.88697347e-03	
7.7	5.49823668e-83	4.58420757e-75	1.36880107e-67	1.30352224e-60	3.37492997e-54	1.88277142e-48	6.18285576e-44	4.53082370e-39	2.52990834e-35	6.99655833e-32	1.42588088e-28	2.09641722e-25	3.92990134e-22	5.01659596e-19	3.17879869e-16	9.58716103e-14	1.94475459e-11	1.09256514e-09	3.85734086e-08	1.08033498e-06	2.65504426e-05	4.69668577e-04	7.78323065e-03	8.54646613e-02	7.22827351e-01	1.69467453e-01	1.39599654e-02	
7.8	2.91089995e-86	3.15626277e-78	1.24780837e-70	1.51922684e-63	5.16463054e-57	3.57326487e-51	1.51512456e-46	1.42673898e-41	1.05989936e-37	3.94175911e-34	1.08435852e-30	2.15835946e-27	5.51326584e-24	9.60292984e-21	8.26438252e-18	3.38177607e-15	9.43423006e-13	7.53891276e-11	3.82940695e-09	1.55333449e-07	5.55518188e-06	1.43939759e-04	3.43319145e-03	5.36098787e-02	6.08297581e-01	2.85617088e-01	4.88926062e-02	
7.9	1.68366233e-89	2.36868167e-81	1.23569557e-73	1.91418529e-66	8.51650455e-60	7.26693134e-54	3.94905644e-49	4.75950240e-44	4.67721944e-40	2.32366423e-36	8.56896629e-33	2.29221029e-29	7.91658899e-26	1.86594266e-22	2.16870257e-19	1.19904903e-16	4.57088873e-14	5.10765626e-12	3.67577481e-10	2.12414188e-08	1.08633787e-06	4.04704391e-05	1.36402602e-03	2.97754228e-02	4.50879969e-01	3.91136795e-01	1.26802209e-01	
8	1.02334604e-92	1.86433826e-84	1.27965397e-76	2.51220449e-69	1.45840304e-62	1.53372188e-56	1.06014996e-51	1.63005235e-46	2.10819347e-42	1.39066622e-38	6.83140765e-35	2.43950897e-31	1.13127547e-27	3.58297708e-24	5.59571521e-21	4.16316646e-18	2.15538040e-15	3.31823655e-13	3.33927268e-11	2.70993322e-09	1.95214684e-07	1.02910579e-05	4.82942251e-04	1.45501616e-02	2.93221961e-01	4.40695281e-01	2.51039166e-01	
