4	1.75452531e-04	9.99824547e-01	1.13285335e-12	3.00810767e-31	4.71194811e-50	4.43268872e-69	1.05022596e-89	4.09668421e-110	3.58415066e-130	6.96276063e-150	7.70404372e-170	3.40901974e-190	1.29827852e-210	1.37849303e-231	3.69569177e-253	6.10888436e-274	2.19720331e-294	1.00000000e-300	1.00000000e-300	1.00000000e-300	
4.1	4.68660539e-05	9.99953131e-01	2.82660107e-09	2.28105068e-24	4.37460576e-43	4.97844085e-62	1.43153258e-82	5.71561359e-103	5.00403921e-123	1.13568136e-142	1.47046128e-162	7.51231879e-183	2.92365005e-203	3.43082958e-224	1.14754978e-245	2.16437152e-266	7.71611952e-287	1.00000000e-300	1.00000000e-300	1.00000000e-300	
4.2	1.56107415e-05	9.99982896e-01	1.49295698e-06	9.44529558e-18	3.94222996e-34	5.42663046e-53	1.87306036e-73	7.58231937e-94	6.73325582e-114	1.78828636e-133	2.72181420e-153	1.59805906e-173	6.48247227e-194	8.58958283e-215	3.63165180e-236	7.78405701e-257	2.74880183e-277	1.49986459e-297	1.00000000e-300	1.00000000e-300	
4.3	6.21379614e-06	9.99764142e-01	2.29643831e-04	1.90850615e-12	1.14112741e-24	3.44964723e-43	1.40372217e-63	5.83207516e-84	5.31347955e-104	1.65425889e-123	2.97149124e-143	1.98868374e-163	8.48486961e-184	1.29924809e-204	7.03589350e-226	1.70546443e-246	6.05332729e-267	3.81792954e-287	1.00000000e-300	1.00000000e-300	
4.4	2.82214904e-06	9.86927825e-01	1.30693187e-02	3.43965851e-08	4.21448168e-17	3.19353551e-31	1.42638146e-50	6.16840277e-71	5.80282481e-91	2.12114808e-110	4.51279297e-130	3.42189337e-150	1.53496316e-170	2.76849282e-191	1.94307469e-212	5.29246252e-233	1.92649335e-253	1.40681565e-273	8.22602998e-294	1.00000000e-300	
4.5	1.12372658e-06	7.44922320e-01	2.55012120e-01	6.44362599e-05	2.72326958e-11	4.81785244e-22	3.66440759e-37	2.68327606e-55	2.55550101e-75	1.09852599e-94	2.77693063e-114	2.38855207e-134	1.12619740e-154	2.42453692e-175	2.22434580e-196	6.73167025e-217	2.56718414e-237	2.17428994e-257	1.46981001e-277	8.25272323e-298	
4.6	2.45410534e-07	1.99078867e-01	7.95441390e-01	5.47937130e-03	1.26979753e-07	5.89607248e-16	1.06919642e-27	6.36491755e-42	4.74776937e-61	2.40381215e-80	7.23930778e-100	7.13021548e-120	3.56546429e-140	9.24581668e-161	1.11175709e-181	3.68387651e-202	1.50368444e-222	1.47956749e-242	1.15763046e-262	7.49420897e-283	
4.7	1.71115608e-07	5.13131296e-02	9.00242750e-01	4.84262263e-02	1.77227167e-05	5.17379476e-12	4.47890829e-21	3.36861358e-32	2.64899274e-47	4.63937602e-64	1.66746074e-83	1.90918231e-103	1.03277200e-123	3.25026592e-144	5.09757676e-165	1.83010582e-185	8.14611335e-206	9.32785992e-226	8.45527549e-246	6.31509111e-266	
4.8	2.76176256e-07	2.14560436e-02	8.04582739e-01	1.73426214e-01	5.34722786e-04	4.16353413e-09	4.56110528e-16	9.81359496e-25	1.15497713e-36	1.15587347e-49	4.95296511e-69	6.70243459e-89	4.02863172e-109	1.55018921e-129	3.13587654e-150	1.21952109e-170	5.98214997e-191	7.98524992e-211	8.39527515e-231	7.23980265e-251	
4.9	3.64548064e-07	9.56314555e-03	5.95559048e-01	3.88050369e-01	6.82629766e-03	7.75223851e-07	3.72835645e-12	7.13360165e-19	2.80276679e-28	2.86335577e-38	1.45082883e-57	2.34788540e-77	1.61045710e-97	7.61697535e-118	1.96061142e-138	8.32920437e-159	4.49935413e-179	7.01314629e-199	8.56044710e-219	8.52889021e-239	
5	3.10452690e-07	3.67097336e-03	3.55035210e-01	5.96227824e-01	4.50186492e-02	4.70278434e-05	4.46923215e-09	3.07431220e-14	1.27434919e-21	3.38049696e-29	1.98292877e-48	3.83100612e-68	3.05089283e-88	1.77068649e-108	5.72833778e-129	2.68105297e-149	1.58211553e-169	2.88454552e-189	4.09213438e-209	4.71368026e-229	
5.1	1.70426975e-07	1.15498432e-03	1.69904601e-01	6.56850532e-01	1.70944255e-01	1.14426211e-03	1.19470875e-06	1.47200228e-10	2.63475976e-16	6.11131240e-22	5.76940957e-41	1.30132166e-60	1.20147877e-80	8.44684176e-101	3.39612486e-121	1.75301960e-141	1.12387460e-161	2.40087714e-181	3.96256274e-201	5.28102292e-221	
5.2	6.19619696e-08	2.90886915e-04	6.44571738e-02	5.25405337e-01	3.96977860e-01	1.27738434e-02	9.47154664e-05	1.22217864e-07	4.69107926e-12	4.00358336e-16	6.45122736e-31	3.54278935e-48	4.45858847e-68	3.71549039e-88	1.83128315e-108	1.03649714e-128	7.25076701e-149	1.81800943e-168	3.49455911e-188	5.39250526e-208	
5.3	1.55166671e-08	5.84665707e-05	1.93714571e-02	3.10321760e-01	5.94393301e-01	7.30688224e-02	2.76154551e-03	2.46200945e-05	1.16710429e-08	1.84226815e-11	6.91076962e-23	2.27103565e-36	4.62422506e-52	4.28085042e-70	2.53950906e-90	1.56837269e-110	1.21532173e-130	3.58280041e-150	8.02904423e-170	1.43568069e-189	
5.4	2.73482998e-09	9.28686984e-06	4.57218112e-03	1.35921592e-01	5.92289780e-01	2.31202159e-01	3.44648203e-02	1.53426806e-03	5.81125710e-06	9.84821520e-08	1.76168789e-16	5.87381904e-27	2.70088438e-39	1.65699254e-53	1.43907713e-69	2.26206063e-87	1.98391565e-107	6.88859602e-127	1.80174091e-146	3.73626881e-166	
5.5	3.08199870e-10	1.03381399e-06	7.51794349e-04	3.95388849e-02	3.59274170e-01	3.83398549e-01	1.84462986e-01	3.18071924e-02	6.84664530e-04	8.07237466e-05	1.92984968e-11	1.60717254e-19	3.54780752e-29	2.47682710e-40	4.95345216e-53	3.46860787e-67	3.67489095e-83	6.15206978e-100	1.88010200e-119	4.52545915e-139	
5.6	1.81435987e-11	6.43619060e-08	6.87131584e-05	6.14412782e-03	1.08426959e-01	2.80250177e-01	3.71649184e-01	2.03492261e-01	1.91995092e-02	1.07688804e-02	1.23781660e-07	8.48829347e-14	2.67167488e-21	5.25383905e-30	5.18562031e-40	3.06875913e-51	6.43139846e-64	3.50506232e-77	1.25301624e-96	3.50405839e-116	
5.7	4.37193696e-13	1.72077152e-09	2.67972931e-06	3.94119133e-04	1.27419068e-02	7.23047226e-02	2.33430300e-01	3.47709196e-01	1.18350239e-01	2.15014246e-01	5.25877527e-05	1.22905710e-09	2.11696578e-15	3.86450472e-22	5.58771085e-30	7.50441278e-39	7.04375599e-49	2.50953250e-59	1.05067302e-78	3.41704506e-98	
5.8	3.68578316e-15	1.66650943e-11	3.76342479e-08	8.85006924e-06	4.99695872e-04	5.74999802e-03	4.09763258e-02	1.47279800e-01	1.55542547e-01	6.48181135e-01	1.76092039e-03	6.90700101e-07	3.02139090e-11	2.10908174e-16	1.70885176e-22	1.83707712e-29	2.37293760e-37	1.54374999e-45	7.57929099e-65	2.86985649e-84	
5.9	2.49070893e-17	1.32774634e-13	4.32364582e-10	1.58620089e-07	1.50328778e-05	3.29000681e-04	4.78726953e-03	3.77601918e-02	1.08881693e-01	8.33218524e-01	1.49528899e-02	5.52060656e-05	3.26518854e-08	4.26014868e-12	8.96507419e-17	3.36981748e-22	2.34039466e-28	1.00894952e-34	5.81694734e-54	2.56728190e-73	
6	2.13984209e-19	1.37188424e-15	6.40728011e-12	3.58756471e-09	5.51868659e-07	2.18008081e-05	6.08195505e-04	9.74111806e-03	6.81405168e-02	8.52565549e-01	6.74513867e-02	1.46394126e-03	6.92740663e-06	9.39948712e-09	2.74507379e-12	1.86174520e-16	3.27144409e-21	4.17535839e-26	2.83075145e-45	1.45809800e-64	
6.1	2.28428300e-21	1.79023652e-17	1.19305137e-13	9.99476659e-11	2.42451346e-08	1.65429592e-06	8.39564627e-05	2.55562320e-03	3.88374889e-02	7.47412106e-01	1.93588151e-01	1.70954491e-02	4.21853469e-04	3.68407443e-06	8.90573131e-09	6.39769542e-12	1.54335291e-15	3.07312490e-19	2.45378865e-38	1.47720706e-57	
6.2	2.62446141e-23	2.55179828e-19	2.41360231e-15	2.97145319e-12	1.10836558e-09	1.25749515e-07	1.10927272e-05	6.05500731e-04	1.81143939e-02	5.18035467e-01	3.56223538e-01	9.76494648e-02	9.00960301e-03	3.46238285e-04	4.55202373e-06	2.24909782e-08	4.51985498e-11	8.43643941e-14	4.49191128e-29	7.47090429e-46	
6.3	2.68733363e-25	3.28293957e-21	4.38208111e-17	7.80210053e-14	4.37532910e-11	7.98387327e-09	1.17606910e-06	1.09377870e-04	5.92574259e-03	2.46932932e-01	3.89535112e-01	2.73731941e-01	7.38888811e-02	9.38041923e-03	4.82712791e-04	1.15667651e-05	1.29179838e-07	1.50684872e-09	1.09973421e-21	4.04771233e-35	
6.4	2.05464044e-27	3.18155542e-23	5.95386554e-19	1.51126627e-15	1.24935390e-12	3.56041718e-10	8.45128540e-08	1.28125156e-05	1.17469077e-03	7.05748723e-02	2.30148556e-01	3.62411336e-01	2.39943287e-01	8.16988134e-02	1.28516155e-02	1.13027944e-03	5.09615015e-05	2.69044094e-06	6.45846251e-16	1.14198100e-26	
6.5	1.04148605e-29	2.05582737e-25	5.35425667e-21	1.91323887e-17	2.29196690e-14	9.93992136e-12	3.68372403e-09	8.76518985e-07	1.28912603e-04	1.11040381e-02	6.93130792e-02	2.22025553e-01	3.17580171e-01	2.49479115e-01	1.00013000e-01	2.59729122e-02	3.69914194e-03	6.83197267e-04	1.73568573e-11	4.38128298e-20	
6.6	3.08095781e-32	7.77624434e-28	2.79818130e-23	1.39181540e-19	2.37986183e-16	1.53582762e-13	8.64458828e-11	3.12739050e-08	7.07941537e-06	8.71528999e-04	9.81452627e-03	5.94978392e-02	1.67507228e-01	2.71887739e-01	2.42977922e-01	1.57630928e-01	5.89006916e-02	3.09044524e-02	3.37289726e-08	4.63568391e-15	
6.7	4.24625204e-35	1.37204183e-30	6.77347021e-26	4.64385006e-22	1.11864295e-18	1.05354585e-15	8.79380255e-13	4.71027433e-10	1.58930624e-07	2.78971909e-05	5.40519140e-04	5.86701390e-03	3.03006554e-02	9.35392267e-02	1.68607255e-01	2.40397228e-01	2.04626567e-01	2.56087628e-01	5.85024125e-06	2.03617456e-11	
6.8	3.41787398e-38	1.41378483e-33	9.50794236e-29	8.90853285e-25	2.98873072e-21	4.03903867e-18	4.89824660e-15	3.79996576e-12	1.86407935e-09	4.65245717e-07	1.49143261e-05	2.77154442e-04	2.48499921e-03	1.36855029e-02	4.60995807e-02	1.30819375e-01	2.27077638e-01	5.79384748e-01	1.55613660e-04	7.46987852e-09	
6.9	3.04262200e-41	1.61058039e-36	1.46458792e-31	1.86119191e-27	8.61128074e-24	1.64577410e-20	2.84983443e-17	3.14504214e-14	2.20045243e-11	7.78320300e-09	3.99438295e-07	1.22406438e-05	1.82080819e-04	1.69940740e-03	1.00755384e-02	5.25951902e-02	1.70029190e-01	7.63892550e-01	1.51277657e-03	6.18605629e-07	
7	3.90200146e-44	2.64254836e-39	3.22580737e-34	5.52207938e-30	3.49386256e-26	9.32813793e-23	2.27288592e-19	3.51652387e-16	3.45813917e-13	1.72748780e-10	1.37913567e-08	6.75244080e-07	1.60595566e-05	2.43589512e-04	2.42163821e-03	2.17853226e-02	1.21520448e-01	8.45527551e-01	8.46458141e-03	2.01197285e-05	
7.1	7.21778271e-47	6.25252304e-42	1.01760750e-36	2.33186735e-32	2.00237740e-28	7.39107217e-25	2.50323111e-21	5.36619355e-18	7.33355354e-15	5.15276971e-12	6.23954419e-10	4.75206590e-08	1.75328960e-06	4.17580323e-05	6.69096676e-04	9.82333483e-03	8.86580188e-02	8.67937359e-01	3.25363204e-02	3.32311053e-04	
7.2	1.77312449e-49	1.96441332e-44	4.23543573e-39	1.29142385e-34	1.49495993e-30	7.56147791e-27	3.52319169e-23	1.03642060e-19	1.95028342e-16	1.91795082e-13	3.44465412e-11	3.98528777e-09	2.22513081e-07	8.09057799e-06	2.02308800e-04	4.63438660e-03	6.42282099e-02	8.34849436e-01	9.28694141e-02	3.20792788e-03	
7.3	5.20917827e-52	7.38013143e-47	2.09553393e-41	8.45292717e-37	1.31103302e-32	9.01538128e-29	5.72820447e-25	2.29361969e-21	5.89839555e-18	8.07333495e-15	2.10889046e-12	3.62868018e-10	3.00123060e-08	1.62736829e-06	6.18284395e-05	2.13156071e-03	4.35741110e-02	7.31981110e-01	2.02670944e-01	1.95787886e-02	
7.4	1.64716375e-54	2.98374630e-49	1.10952117e-43	5.88862164e-39	1.21663655e-34	1.12945743e-30	9.71138518e-27	5.25616065e-23	1.83535012e-19	3.47567099e-16	1.29804868e-13	3.26011242e-11	3.92106939e-09	3.10782881e-07	1.75355658e-05	8.84031356e-04	2.58834165e-02	5.57826902e-01	3.37094664e-01	7.82931364e-02	
7.5	5.16857042e-57	1.19686962e-51	5.79558795e-46	4.02620289e-41	1.10215710e-36	1.37233074e-32	1.58597546e-28	1.15318675e-24	5.43572515e-21	1.41529362e-17	7.44077624e-15	2.68277478e-12	4.61699164e-10	5.25757222e-08	4.32027360e-06	3.11356507e-04	1.27875942e-02	3.54440251e-01	4.23211556e-01	2.09244869e-01	
7.6	1.57031823e-59	4.64749374e-54	2.91319219e-48	2.63663073e-43	9.51608472e-39	1.57955970e-34	2.43847645e-30	2.36886368e-26	1.49936676e-22	5.33486604e-19	3.89649036e-16	1.98719233e-13	4.82421774e-11	7.77631911e-09	9.15051960e-07	9.26347550e-05	5.26046024e-03	1.88689165e-01	4.12471502e-01	3.93485315e-01	
7.7	4.79309589e-62	1.81260521e-56	1.46161024e-50	1.71584808e-45	8.12938620e-41	1.78872126e-36	3.66828141e-32	4.73677896e-28	4.00540065e-24	1.93620720e-20	1.94238782e-17	1.38368369e-14	4.68051724e-12	1.05427428e-09	1.75072195e-07	2.45579656e-05	1.90903827e-03	8.92352035e-02	3.36492290e-01	5.72338734e-01	
7.8	1.55319453e-64	7.50236208e-59	7.73211807e-53	1.17270457e-47	7.26487208e-43	2.10805171e-38	5.71437030e-34	9.76351189e-30	1.09780305e-25	7.17063356e-22	9.78304256e-19	9.63007925e-16	4.49199331e-13	1.39837705e-10	3.23589710e-08	6.22045033e-06	6.57186567e-04	4.02633996e-02	2.49520699e-01	7.09552462e-01	
7.9	5.53978425e-67	3.41676190e-61	4.47129968e-55	8.72752684e-50	7.04556676e-45	2.68329004e-40	9.57285308e-36	2.15531294e-31	3.20811749e-27	2.81686445e-23	5.18350156e-20	6.98844482e-17	4.45595892e-14	1.89934449e-11	6.05972193e-09	1.58277036e-06	2.25970146e-04	1.82197639e-02	1.78203887e-01	8.03348791e-01	
8	2.20899035e-69	1.73890087e-63	2.86971665e-57	7.18203864e-52	7.53128692e-47	3.74856420e-42	1.75354709e-37	5.18361807e-33	1.01722334e-28	1.19475178e-24	2.94509816e-21	5.39478335e-18	4.66635084e-15	2.70179477e-12	1.17776940e-09	4.15131502e-07	7.97261075e-05	8.48008400e-03	1.26477204e-01	8.64962570e-01	
