4	5.45510555e-01	4.54399358e-01	9.00870976e-05	2.19976797e-23	1.17227176e-42	2.88367550e-62	2.75738717e-82	1.66780812e-102	1.93735189e-122	2.35922927e-142	3.19375832e-162	3.16558461e-182	2.44069747e-202	
4.1	2.48820376e-01	7.43930093e-01	7.24953102e-03	2.13146272e-21	1.32793142e-40	3.40556362e-60	3.90103394e-80	2.75886417e-100	3.61093697e-120	4.33012791e-140	6.80441867e-160	7.79822439e-180	6.92744460e-200	
4.2	8.33313458e-02	7.45972339e-01	1.70696315e-01	6.03700497e-20	4.41753620e-39	1.19412234e-58	1.63888219e-78	1.35120966e-98	1.88998875e-118	2.24704405e-138	4.10598993e-158	5.44676580e-178	5.57858783e-198	
4.3	1.06498735e-02	2.48289779e-01	7.41060347e-01	2.53683006e-18	2.19392032e-37	6.30382530e-57	1.03776921e-76	9.98142937e-97	1.43291932e-116	1.72634642e-136	3.67464116e-156	5.64808048e-176	6.67400916e-196	
4.4	7.24873019e-04	3.93887258e-02	9.59886401e-01	6.44822228e-14	6.64128442e-33	2.05015880e-52	4.03455437e-72	4.53147603e-92	6.54752420e-112	8.15372686e-132	2.02526748e-151	3.61068171e-171	4.92576152e-191	
4.5	6.26607745e-05	7.25243016e-03	9.92684909e-01	1.81017954e-10	1.39533554e-25	4.69952356e-45	1.09421024e-64	1.43602798e-84	2.07296818e-104	2.67939584e-124	7.77944325e-144	1.61035071e-163	2.53806379e-183	
4.6	7.65125387e-06	1.75171308e-03	9.98240534e-01	1.01768081e-07	4.03006792e-19	1.11684449e-35	3.03111461e-55	4.64026608e-75	6.65929892e-95	8.80079681e-115	2.99214525e-134	7.19871345e-154	1.31171892e-173	
4.7	1.26224174e-06	5.37467123e-04	9.99445471e-01	1.57997172e-05	5.69044851e-14	9.37458354e-27	2.81860189e-44	4.96477470e-64	7.04813206e-84	9.28974833e-104	3.70478498e-123	1.03699966e-142	2.18614875e-162	
4.8	2.73125408e-07	2.05394075e-04	9.98976973e-01	8.17359394e-04	6.22880918e-10	1.02050232e-19	2.78233409e-33	2.07441575e-50	2.89496448e-70	3.73510068e-90	1.75028148e-109	5.70588909e-129	1.39273331e-148	
4.9	8.03276333e-08	1.02102842e-04	9.84255619e-01	1.56414644e-02	7.33720381e-07	2.77378589e-14	1.04095401e-24	4.49407519e-38	1.78339517e-54	2.25150573e-74	1.24186747e-93	4.71977604e-113	1.33489155e-132	
5	3.24131323e-08	6.70681860e-05	8.76074440e-01	1.23721723e-01	1.36736085e-04	3.75970314e-10	4.25301905e-18	1.74156608e-28	2.22120338e-41	1.12974131e-57	1.22754200e-75	5.44485253e-95	1.78584163e-114	
5.1	1.34641132e-08	4.39029504e-05	5.69382220e-01	4.24995359e-01	5.57803861e-03	4.66189278e-07	4.81335448e-13	4.54836778e-21	3.62008331e-31	5.32939586e-44	4.93632425e-58	2.55821116e-77	9.73888823e-97	
5.2	4.19733866e-09	2.09720307e-05	2.43204286e-01	6.90522772e-01	6.61642622e-02	8.76997049e-05	3.31005511e-09	2.42383707e-15	3.33329193e-23	2.95286541e-33	3.84175871e-44	2.32876202e-63	1.02996994e-82	
5.3	9.03195271e-10	6.75054741e-06	7.18306468e-02	6.21156911e-01	3.03121165e-01	3.88185981e-03	2.66613090e-06	6.50364433e-11	5.67528940e-17	8.75566236e-25	3.81907056e-33	2.71086780e-52	1.39433587e-71	
5.4	1.26096920e-10	1.38081586e-06	1.44345792e-02	3.23539793e-01	6.10486319e-01	5.11657293e-02	3.72042421e-04	1.56324276e-07	3.95909625e-12	3.98774124e-18	1.86798522e-24	1.55471096e-43	9.30964645e-63	
5.5	1.19030386e-11	1.87530522e-07	2.07091608e-03	1.06591128e-01	6.27709252e-01	2.51028573e-01	1.25460467e-02	5.38757120e-05	2.14267465e-08	6.46138826e-13	1.31522041e-17	1.28514794e-36	8.97011198e-56	
5.6	7.40930162e-13	1.65362833e-08	2.05581808e-04	2.21564773e-02	3.44616499e-01	5.06812230e-01	1.22652394e-01	3.54319780e-03	1.35971613e-05	6.57739118e-09	2.83363753e-12	3.25537082e-31	2.65181722e-50	
5.7	2.90640402e-14	9.06611768e-10	1.34135337e-05	2.81820012e-03	1.01739204e-01	4.45649765e-01	3.93783918e-01	5.46188047e-02	1.37023650e-03	6.42338473e-06	3.30539667e-08	8.48459368e-26	8.07748827e-45	
5.8	7.52577004e-16	3.24420353e-11	5.98416598e-07	2.31731417e-04	1.75669641e-02	1.94065735e-01	5.01811300e-01	2.54848672e-01	3.05186263e-02	9.20480759e-04	3.58907004e-05	5.35844041e-19	5.78205967e-35	
5.9	1.31503939e-17	7.75841072e-13	1.84568025e-08	1.25977271e-05	1.85448137e-03	4.54387735e-02	2.90500326e-01	4.36254601e-01	1.93437124e-01	2.69581248e-02	5.54395265e-03	8.58007600e-14	2.03635298e-26	
6	1.28725690e-19	1.03031726e-14	3.24755789e-10	3.76695130e-07	1.01260195e-04	4.98732891e-03	6.94739576e-02	2.61414260e-01	3.50095360e-01	1.73169230e-01	1.40758225e-01	5.73828091e-10	6.51050476e-20	
6.1	5.29675892e-22	5.70805670e-17	2.42059392e-12	4.62633068e-09	2.16203755e-06	1.98354175e-04	5.47431148e-03	4.54673294e-02	1.56348089e-01	2.23282482e-01	5.69227062e-01	2.05816005e-07	3.32069791e-15	
6.2	1.72418856e-24	2.48399319e-19	1.41993814e-14	4.35335372e-11	3.39679874e-08	5.46390855e-06	2.77812036e-04	4.62202142e-03	3.59004026e-02	1.26139871e-01	8.33043161e-01	1.12338804e-05	9.83822768e-12	
6.3	8.14917157e-27	1.55946873e-21	1.20069772e-16	5.76726495e-13	7.26174927e-10	1.95035598e-07	1.72512799e-05	5.33327058e-04	8.45476733e-03	6.44884730e-02	9.26273316e-01	2.32664754e-04	5.14657434e-09	
6.4	6.29220775e-29	1.59015737e-23	1.65763019e-18	1.22100526e-14	2.40913396e-11	1.03895253e-08	1.52629940e-06	8.25713003e-05	2.46216659e-03	3.68278912e-02	9.58080715e-01	2.54434454e-03	7.74507647e-07	
6.5	7.82926552e-31	2.59964231e-25	3.67283926e-20	4.06965526e-16	1.22634175e-12	8.22781559e-10	1.93320625e-07	1.74312746e-05	9.12642270e-04	2.45396828e-02	9.57729050e-01	1.67576336e-02	4.33658136e-05	
6.6	1.43083155e-32	6.21502251e-27	1.18004091e-21	1.93266796e-17	8.69749212e-14	8.84438045e-11	3.22257955e-08	4.65730020e-06	4.04066273e-04	1.80821775e-02	9.09669909e-01	7.07766553e-02	1.06250234e-03	
6.7	3.26647349e-34	1.84924895e-28	4.66583288e-23	1.11130348e-18	7.32531379e-15	1.10428303e-11	6.08123619e-09	1.36481164e-06	1.87004233e-04	1.30215741e-02	7.76963429e-01	1.97136548e-01	1.26900737e-02	
6.8	7.76412250e-36	5.71156225e-30	1.90099335e-24	6.48786053e-20	6.15756291e-16	1.35019491e-12	1.09937304e-09	3.73310108e-07	7.76808223e-05	7.96892200e-03	5.50419790e-01	3.62746397e-01	7.87868364e-02	
6.9	1.64585029e-37	1.56926556e-31	6.86252422e-26	3.31203812e-21	4.45891509e-17	1.39895938e-13	1.65295681e-10	8.30627444e-08	2.54303258e-05	3.69183820e-03	2.97666116e-01	4.35034306e-01	2.63582226e-01	
7	2.96871569e-39	3.66185313e-33	2.10016862e-27	1.41646970e-22	2.67026285e-18	1.18176898e-14	1.99384719e-11	1.45477870e-08	6.39018277e-06	1.27779641e-03	1.22874473e-01	3.57094156e-01	5.18747170e-01	
7.1	5.00080539e-41	7.96787673e-35	5.99214206e-29	5.58563996e-24	1.45783096e-19	8.99236156e-16	2.13641160e-12	2.22655399e-09	1.37568858e-06	3.72727654e-04	4.37698106e-02	2.34052507e-01	7.21803577e-01	
7.2	8.77737872e-43	1.80440951e-36	1.77692711e-30	2.26625693e-25	8.11090869e-21	6.90221733e-17	2.28197944e-13	3.34931894e-10	2.86615856e-07	1.04265428e-04	1.52792591e-02	1.41983751e-01	8.42632437e-01	
7.3	1.69728855e-44	4.49790287e-38	5.76772152e-32	9.97450018e-27	4.85413236e-22	5.64881905e-18	2.57289451e-14	5.25370634e-11	6.15298998e-08	2.99112492e-05	5.56955896e-03	8.60679607e-02	9.08332508e-01	
7.4	3.66802436e-46	1.25214726e-39	2.07470392e-33	4.82734730e-28	3.17121886e-23	5.00772285e-19	3.11522615e-15	8.76136658e-12	1.39177788e-08	9.01979259e-06	2.16399694e-03	5.36474776e-02	9.44179492e-01	
7.5	8.82738824e-48	3.87966935e-41	8.25484134e-35	2.56644696e-29	2.26076202e-24	4.81097872e-20	4.05677440e-16	1.55798819e-12	3.33414562e-09	2.87685606e-06	8.98406882e-04	3.46484849e-02	9.64450228e-01	
7.6	2.34326338e-49	1.32539114e-42	3.60486719e-36	1.48888919e-30	1.74833804e-25	4.98288145e-21	5.65747186e-17	2.94443506e-13	8.44275039e-10	9.69025592e-07	3.96667469e-04	2.31708414e-02	9.76431521e-01	
7.7	6.80168915e-51	4.94912605e-44	1.71509395e-37	9.36241635e-32	1.45761467e-26	5.53320368e-22	8.40765585e-18	5.88969152e-14	2.25216751e-10	3.43488112e-07	1.85125474e-04	1.59928185e-02	9.83821712e-01	
7.8	2.14094213e-52	2.00341603e-45	8.82381582e-39	6.33623499e-33	1.30164776e-27	6.54918320e-23	1.32464332e-18	1.24139472e-14	6.30350605e-11	1.27577206e-07	9.07382555e-05	1.13481680e-02	9.88560966e-01	
7.9	7.24338661e-54	8.71428375e-47	4.86783455e-40	4.57927541e-34	1.23612259e-28	8.20846043e-24	2.19918508e-19	2.74196417e-15	1.84183337e-11	4.93826994e-08	4.63834815e-05	8.24281021e-03	9.91710757e-01	
8	2.61185118e-55	4.03900105e-48	2.85702009e-41	3.50783569e-35	1.23969279e-29	1.08242614e-24	3.82473757e-20	6.31317504e-16	5.58988390e-12	1.98150192e-08	2.45688847e-05	6.10400290e-03	9.93871408e-01	
