4	9.00008315e-02	9.09954253e-01	4.49153419e-05	5.60088408e-19	4.00006005e-38	1.64334253e-57	7.57649851e-77	2.90933819e-97	4.76472026e-117	6.10313854e-137	6.39809051e-157	5.11847241e-177	1.05379075e-198	4.05584923e-220	4.27629208e-241	2.52586656e-261	1.10035572e-281	1.00000000e-300	1.00000000e-300	1.00000000e-300	1.00000000e-300	1.00000000e-300	1.00000000e-300	1.00000000e-300	1.00000000e-300	1.00000000e-300	
4.1	1.20153264e-02	9.85304794e-01	2.67987933e-03	1.35228690e-13	2.05486347e-31	9.98281905e-51	5.49321469e-70	1.97002392e-90	3.87998565e-110	6.01072896e-130	7.61102257e-150	7.37145043e-170	1.82728500e-191	8.11369390e-213	8.44806845e-234	5.77172129e-254	2.86196325e-274	7.32053524e-295	1.00000000e-300	1.00000000e-300	1.00000000e-300	1.00000000e-300	1.00000000e-300	1.00000000e-300	1.00000000e-300	1.00000000e-300	
4.2	2.38171745e-03	9.32989480e-01	6.46287999e-02	2.52342192e-09	1.01956391e-22	5.85686989e-42	3.84662412e-61	1.30957823e-81	3.08935651e-101	5.78119786e-121	8.83948176e-141	1.03647598e-160	3.13399849e-182	1.63740778e-203	1.75303818e-224	1.38799539e-244	7.85465107e-265	2.10851795e-285	1.00000000e-300	1.00000000e-300	1.00000000e-300	1.00000000e-300	1.00000000e-300	1.00000000e-300	1.00000000e-300	1.00000000e-300	
4.3	5.52966081e-04	5.22086189e-01	4.77357009e-01	3.83588745e-06	5.55971379e-16	4.51205086e-32	3.53664435e-51	1.16732493e-71	3.16125476e-91	7.04348014e-111	1.29366347e-130	1.83641631e-150	6.82352883e-172	4.25089013e-193	4.85377788e-214	4.46283365e-234	2.89493620e-254	8.21258497e-275	1.50460491e-295	1.00000000e-300	1.00000000e-300	1.00000000e-300	1.00000000e-300	1.00000000e-300	1.00000000e-300	1.00000000e-300	
4.4	1.06010057e-04	1.45165001e-01	8.54272218e-01	4.56771236e-04	4.65977087e-11	3.21235598e-23	2.53138700e-39	8.30126255e-60	2.08941922e-79	5.07695108e-99	1.06847190e-118	1.83624098e-138	8.38121766e-160	6.22583395e-181	7.79339803e-202	8.33768190e-222	6.23424697e-242	1.90678910e-262	3.74254471e-283	1.00000000e-300	1.00000000e-300	1.00000000e-300	1.00000000e-300	1.00000000e-300	1.00000000e-300	1.00000000e-300	
4.5	3.17229267e-05	5.37164952e-02	9.35594423e-01	1.06571671e-02	1.92149899e-07	1.93955408e-16	1.49295250e-28	6.41705902e-47	1.00764070e-66	2.07150196e-86	4.06567478e-106	8.45905329e-126	4.71492854e-147	4.11964049e-168	5.75980159e-189	7.18448496e-209	6.22248827e-229	2.10169496e-249	4.49608506e-270	5.00282077e-291	1.00000000e-300	1.00000000e-300	1.00000000e-300	1.00000000e-300	1.00000000e-300	1.00000000e-300	
4.6	1.31459345e-05	2.73932524e-02	8.94952825e-01	7.75760781e-02	6.46981886e-05	2.30272443e-11	2.71159195e-20	1.35275820e-34	1.08428839e-54	1.42218543e-74	1.82408638e-94	4.59467603e-114	3.10892214e-135	3.13472089e-156	4.95882448e-177	7.22628964e-197	7.26559652e-217	2.76858458e-237	6.56794198e-258	8.04756779e-279	7.18148116e-300	1.00000000e-300	1.00000000e-300	1.00000000e-300	1.00000000e-300	1.00000000e-300	
4.7	5.12681917e-06	1.35633940e-02	7.19147532e-01	2.64239198e-01	3.04463545e-03	1.13446305e-07	4.59399815e-14	4.11210661e-25	5.99292554e-44	4.67649282e-64	3.29121882e-84	1.00363456e-103	8.22651279e-125	9.44024511e-146	1.70336968e-166	2.90578246e-186	3.38926047e-206	1.48138488e-226	3.94499449e-247	5.43672238e-268	5.91661938e-289	1.00000000e-300	1.00000000e-300	1.00000000e-300	1.00000000e-300	1.00000000e-300	
4.8	1.51182433e-06	5.25000562e-03	4.37673296e-01	5.17894806e-01	3.91328533e-02	4.75258813e-05	1.72051505e-09	6.23742242e-18	6.84424938e-33	6.34828928e-50	1.54689756e-69	5.70831972e-89	5.66470151e-110	7.35685076e-131	1.51151602e-151	3.02442327e-171	4.08369218e-191	2.07409832e-211	6.25010794e-232	9.84796260e-253	1.30814306e-273	3.43155495e-294	1.00000000e-300	1.00000000e-300	1.00000000e-300	1.00000000e-300	
4.9	3.03924662e-07	1.42446784e-03	1.86308434e-01	6.08037730e-01	2.01427278e-01	2.79952522e-03	2.26014129e-06	1.00719951e-12	1.42903357e-24	4.97734220e-38	1.09282924e-53	8.96801057e-71	1.79700318e-91	2.62981206e-112	6.04596194e-133	1.42177639e-152	2.22024204e-172	1.32528027e-192	4.55391475e-213	8.31765252e-234	1.34274800e-254	3.82734659e-275	1.07703360e-295	1.00000000e-300	1.00000000e-300	1.00000000e-300	
5	3.97365467e-08	2.56699553e-04	5.29056994e-02	4.26694418e-01	4.80955590e-01	3.89341034e-02	2.53444610e-04	5.29101928e-09	2.41563905e-18	6.24158192e-29	2.05628304e-41	1.18114347e-54	3.97567887e-71	5.65016064e-89	1.41211652e-109	3.91038027e-129	7.07325858e-149	5.01720711e-169	1.98489026e-189	4.26070120e-210	8.31762068e-231	2.57423809e-251	8.31552827e-272	7.46322767e-292	1.00000000e-300	1.00000000e-300	
5.1	3.50012041e-09	3.16382052e-05	1.03191797e-02	1.88054656e-01	6.01131978e-01	1.94330081e-01	6.12974802e-03	2.71544163e-06	1.32465932e-13	7.03622511e-22	8.46064297e-32	5.00911014e-42	3.94631028e-55	2.49759521e-69	4.31295668e-86	1.87170032e-103	3.93206093e-123	3.34501143e-143	1.53786558e-163	3.93487087e-184	9.25634173e-205	3.12756512e-225	1.14198894e-245	1.19542442e-265	1.01479152e-285	1.00000000e-300	
5.2	2.21822607e-10	2.83572070e-06	1.46579721e-03	5.59148583e-02	4.41229087e-01	4.49430002e-01	5.17050558e-02	2.52362932e-04	5.47234758e-10	2.15787628e-16	3.09288432e-24	3.61567997e-32	1.39205968e-42	7.15299561e-54	3.02301480e-67	6.64297375e-81	1.61857944e-100	1.65576799e-120	8.87573300e-141	2.74060798e-161	7.73833290e-182	2.88055870e-202	1.17641048e-222	1.43871745e-242	1.41871358e-262	1.17628189e-282	
5.3	1.08611944e-11	1.97750969e-07	1.61727824e-04	1.20902147e-02	2.11314070e-01	5.72935178e-01	1.97266204e-01	6.23211041e-03	2.97173299e-07	3.85702816e-12	2.71078291e-18	1.76336635e-24	9.67641335e-33	1.05480535e-41	2.29488664e-52	4.68224471e-63	1.30770694e-82	1.59235661e-102	9.88488801e-123	3.70998649e-143	1.24831309e-163	5.15682690e-184	2.35729882e-204	3.37378715e-224	3.86866704e-244	3.70988400e-264	
5.4	4.40449479e-13	1.14663122e-08	1.47623826e-05	2.04486021e-03	7.26692935e-02	4.61485430e-01	4.08308665e-01	5.54442207e-02	3.27491062e-05	7.21829867e-09	1.22415073e-13	1.86143839e-18	5.55867896e-25	4.48860981e-32	1.47962688e-40	7.28331016e-49	2.27838401e-68	3.22475197e-88	2.28576125e-108	1.04315501e-128	4.14081854e-149	1.90548918e-169	9.86380153e-190	1.65488919e-209	2.20899299e-229	2.45173975e-249	
5.5	1.51138203e-14	5.63497381e-10	1.13227928e-06	2.77352021e-04	1.87109020e-02	2.52035285e-01	5.07760583e-01	2.20211542e-01	1.00105247e-03	2.15040621e-06	4.97021205e-10	9.62272389e-14	7.36473539e-19	1.93319342e-24	3.69122664e-31	1.50279704e-37	3.13134472e-55	8.34541176e-75	6.67045940e-95	3.68492951e-115	1.71129407e-135	8.80068946e-156	5.25257503e-176	1.03480664e-195	1.60966703e-215	2.06935313e-235	
5.6	4.52531055e-16	2.41654394e-11	7.49258846e-08	3.12160175e-05	3.78244308e-03	9.99926836e-02	4.16599072e-01	4.68392929e-01	1.10570424e-02	1.44253426e-04	2.85331893e-07	4.46587636e-10	4.84969838e-14	2.16963230e-18	1.12511803e-23	1.62286093e-28	2.14120454e-42	7.28920693e-58	7.28855178e-75	1.16187206e-93	6.30014130e-114	3.64760381e-134	2.55828574e-154	5.92868240e-174	1.07584924e-193	1.60330428e-213	
5.7	1.28318782e-17	9.80776146e-13	4.63014969e-09	3.17517213e-06	6.60514893e-04	3.22284650e-02	2.57370286e-01	6.48479066e-01	5.80937539e-02	3.12825266e-03	3.61609633e-05	3.20780525e-07	3.10084095e-10	1.42412342e-13	1.10777753e-17	2.91441199e-21	4.16699345e-32	2.69366943e-44	9.17790076e-58	1.08590740e-72	6.86918695e-89	2.42506759e-106	2.24030635e-125	6.11787964e-145	1.29657299e-164	2.24180958e-184	
5.8	3.56442901e-19	3.89288310e-14	2.75808250e-10	3.02675158e-07	1.04131565e-04	8.93013904e-03	1.28756864e-01	6.55866142e-01	1.75630625e-01	2.92080897e-02	1.44849916e-03	5.48788911e-05	3.26943483e-07	1.03616352e-09	7.65738841e-13	2.19479031e-15	8.36030111e-24	2.27133415e-33	5.26439171e-44	7.84490667e-56	1.00270082e-68	1.15825915e-82	7.23419517e-98	1.21210492e-113	3.00360530e-133	6.03073046e-153	
5.9	8.91625074e-21	1.38824725e-15	1.45480540e-11	2.49308606e-08	1.37469929e-05	1.99174842e-03	4.94663273e-02	4.72802649e-01	3.17586603e-01	1.33049649e-01	2.21452190e-02	2.86385655e-03	7.88997074e-05	1.26887038e-06	6.31959704e-09	1.28875814e-10	4.21090699e-17	1.44541923e-24	6.32416115e-33	2.89442914e-42	1.67034969e-52	1.28596564e-63	9.51700899e-76	2.58475374e-88	7.49812526e-108	1.74993588e-127	
6	1.65262590e-22	3.65702184e-17	5.59105694e-13	1.46405609e-09	1.25989217e-06	2.98443113e-04	1.22979420e-02	2.08650476e-01	3.09523640e-01	2.84151069e-01	1.31192872e-01	4.85950556e-02	4.96032151e-03	3.19866129e-04	8.25944622e-06	7.93051430e-07	8.76622956e-12	1.44274908e-17	4.25869684e-24	1.94216440e-31	1.53403376e-39	2.22625604e-48	4.89364052e-58	4.99314971e-68	1.69783050e-87	4.61066287e-107	
6.1	1.67356735e-24	5.24251131e-19	1.15481931e-14	4.53212254e-11	5.95208308e-08	2.24214900e-05	1.48729572e-03	4.29274948e-02	1.28008581e-01	2.33661169e-01	2.58802020e-01	2.39904983e-01	7.64419140e-02	1.64448918e-02	1.76508649e-03	5.33990085e-04	9.30891031e-08	3.33335980e-12	2.88144747e-17	5.31405648e-23	2.21139751e-29	2.21284692e-36	4.80750615e-44	5.76632465e-52	2.30137478e-71	7.28052763e-91	
6.2	6.71569286e-27	2.96438741e-21	9.30174596e-17	5.37800238e-13	1.05743439e-09	6.18277979e-07	6.43815434e-05	3.05542249e-03	1.70604539e-02	5.77221438e-02	1.37305241e-01	2.87004712e-01	2.49372606e-01	1.53729409e-01	5.57410009e-02	3.88858808e-02	5.81053553e-05	2.36890583e-08	3.02959968e-12	1.08990682e-16	1.10815619e-21	3.41877201e-27	3.04907620e-33	1.70789931e-39	8.01153632e-59	2.95606830e-78	
6.3	8.09655633e-30	5.01041730e-24	2.21726940e-19	1.86070637e-15	5.38643355e-12	4.78372684e-09	7.65229890e-07	5.80573138e-05	5.74775017e-04	3.42026196e-03	1.60547822e-02	6.96553090e-02	1.47625241e-01	2.28105868e-01	2.28943197e-01	3.03117413e-01	2.43759545e-03	6.72300783e-06	7.28758069e-09	2.82176357e-12	3.75723154e-16	1.86961426e-20	3.37407463e-25	4.23615828e-30	2.33925577e-49	1.00808264e-68	
6.4	5.46988052e-33	4.71795842e-27	2.91784216e-22	3.50722909e-18	1.47300250e-14	1.94841547e-11	4.69714949e-09	5.56005325e-07	9.34494596e-06	9.38932749e-05	8.14412671e-04	6.85075484e-03	3.21974753e-02	1.10542701e-01	2.56113271e-01	5.75419340e-01	1.77349238e-02	2.22008400e-04	1.31071383e-06	3.37426231e-09	3.54379464e-12	1.68463043e-15	3.46427216e-19	5.43894514e-23	1.73083743e-40	2.66504819e-59	
6.5	4.60799957e-36	5.50624926e-30	4.71999433e-25	8.03079944e-21	4.82888106e-17	9.34714810e-14	3.33787344e-11	6.03163046e-09	1.65979859e-07	2.72385324e-06	4.14432688e-05	6.38207982e-04	6.12678407e-03	4.20594172e-02	1.93415856e-01	6.90848480e-01	6.40845392e-02	2.71916786e-03	6.24719145e-05	7.33126249e-07	4.04895662e-09	1.20524228e-11	1.77321942e-14	2.18861518e-17	2.10715015e-31	1.46648194e-46	
6.6	5.52815620e-39	9.09688550e-33	1.07248622e-27	2.55553301e-23	2.17381196e-19	6.05912274e-16	3.15510619e-13	8.53168544e-11	3.72680855e-09	9.70824706e-08	2.48183831e-06	6.66058491e-05	1.21674414e-03	1.52878034e-02	1.24426836e-01	6.79356240e-01	1.59650842e-01	1.86365967e-02	1.30219314e-03	5.24280152e-05	1.11241411e-06	1.48086390e-08	1.07580104e-10	7.21436946e-13	4.28470127e-24	2.52640002e-36	
6.7	8.50546704e-42	1.91620857e-35	3.08438659e-30	1.01930673e-25	1.21325299e-21	4.79911867e-18	3.59197992e-15	1.42717538e-12	9.63058341e-11	3.88347841e-09	1.60831697e-07	7.20714597e-06	2.35712068e-04	5.04810488e-03	6.70217298e-02	5.45966989e-01	2.86715143e-01	7.92332321e-02	1.40860259e-02	1.57924047e-03	1.01668708e-04	4.65357283e-06	1.25118708e-07	3.39791744e-09	3.52089276e-18	4.65158363e-28	
6.8	1.38880187e-44	4.25734256e-38	9.28916511e-33	4.21867571e-28	6.95548450e-24	3.85293160e-20	4.09162340e-17	2.34937539e-14	2.39092834e-12	1.45892803e-10	9.48419418e-09	6.83905318e-07	3.80138233e-05	1.31265599e-03	2.68813884e-02	3.21683782e-01	3.43615535e-01	2.01205720e-01	7.98698048e-02	2.13951516e-02	3.50713377e-03	4.50987121e-04	3.60022267e-05	3.13059855e-06	2.07469269e-13	2.13525021e-21	
6.9	1.84079082e-47	7.63112995e-41	2.24154233e-35	1.38693231e-30	3.13770138e-26	2.40466326e-22	3.58088305e-19	2.92761666e-16	4.39998243e-14	3.98065270e-12	3.95151747e-10	4.43944502e-08	4.01229384e-06	2.14045749e-04	6.50845082e-03	1.13206922e-01	2.28763031e-01	2.60953004e-01	2.09761336e-01	1.19784375e-01	4.38741873e-02	1.35823152e-02	2.72167490e-03	6.26599232e-04	1.19553250e-09	4.14154658e-16	
7	1.41655302e-50	7.89491172e-44	3.10034071e-38	2.59165680e-33	7.97402817e-29	8.36173781e-25	1.72796197e-21	1.98509779e-18	4.32637234e-16	5.69934112e-14	8.43467119e-12	1.43598245e-09	2.03293259e-07	1.62159685e-05	7.13092171e-04	1.78825059e-02	6.45419422e-02	1.34327684e-01	2.02851642e-01	2.26352206e-01	1.67761505e-01	1.11016605e-01	4.90215795e-02	2.55140762e-02	7.41964836e-07	4.44405970e-12	
7.1	4.91267703e-54	3.66072138e-47	1.90917553e-41	2.13856281e-36	8.87276765e-32	1.25999109e-27	3.57923656e-24	5.71105377e-21	1.77649341e-18	3.35428666e-16	7.24956631e-14	1.82594781e-11	3.92471645e-09	4.56519298e-07	2.85059895e-05	1.02335237e-03	6.29403404e-03	2.26746540e-02	6.06371655e-02	1.23541775e-01	1.71625743e-01	2.21154452e-01	1.93930111e-01	1.99036702e-01	5.30412408e-05	3.23873710e-09	
7.2	1.04629376e-57	1.03706628e-50	7.13616013e-45	1.06241615e-39	5.89546277e-35	1.12284772e-30	4.34831497e-27	9.53896427e-24	4.17644778e-21	1.11479612e-18	3.45659212e-16	1.26212236e-13	4.01377156e-11	6.67969057e-09	5.84617460e-07	2.98520542e-05	3.00761503e-04	1.79503755e-03	8.09996389e-03	2.85321673e-02	6.99305796e-02	1.62772745e-01	2.60275532e-01	4.67503156e-01	7.59302162e-04	3.10866560e-07	
7.3	2.40789663e-61	3.15942216e-54	2.85005039e-48	5.59345080e-43	4.11825407e-38	1.04224251e-33	5.46133374e-30	1.63267723e-26	9.94132692e-24	3.70637068e-21	1.62342377e-18	8.44872025e-16	3.89179493e-13	9.13188111e-11	1.11001155e-08	8.01373661e-07	1.27911216e-05	1.21964845e-04	8.92355636e-04	5.19628608e-03	2.13924968e-02	8.45376706e-02	2.29665521e-01	6.53496527e-01	4.67436326e-03	9.21080907e-06	
7.4	7.48962183e-65	1.29507059e-57	1.52171764e-51	3.90419343e-46	3.78358855e-41	1.26090513e-36	8.87872122e-33	3.58923800e-29	3.00843601e-26	1.55048024e-23	9.46772503e-21	6.92213456e-18	4.53804832e-15	1.48420907e-12	2.48824862e-10	2.52501760e-08	6.19990474e-07	9.16396321e-06	1.05195003e-04	9.75953725e-04	6.48236119e-03	4.13186140e-02	1.80003684e-01	7.52616559e-01	1.83539002e-02	1.33923359e-04	
7.5	3.18011450e-68	7.21396319e-61	1.09698260e-54	3.64831707e-49	4.61665947e-44	2.00782444e-39	1.88768078e-35	1.02493417e-31	1.17200615e-28	8.27471557e-26	6.96414238e-23	7.06479655e-20	6.49578461e-17	2.93385228e-14	6.74608023e-12	9.56422416e-10	3.51981752e-08	7.86458816e-07	1.37827761e-05	1.97601794e-04	2.04866857e-03	2.02046390e-02	1.34803042e-01	7.87883928e-01	5.36696678e-02	1.17784698e-03	
7.6	1.74554810e-71	5.17147855e-64	1.01101372e-57	4.32060947e-52	7.08110082e-47	3.98243459e-42	4.96946823e-38	3.60183933e-34	5.57398275e-31	5.34813016e-28	6.14207444e-25	8.55241299e-22	1.08948682e-18	6.74235699e-16	2.11617844e-13	4.16518590e-11	2.24605763e-09	7.42266316e-08	1.94013182e-06	4.18886940e-05	6.59459792e-04	9.73539413e-03	9.60162279e-02	7.62204724e-01	1.24379975e-01	6.96031361e-03	
7.7	1.15506656e-74	4.44919301e-67	1.11071202e-60	6.04458372e-55	1.27243156e-49	9.17053781e-45	1.50988350e-40	1.45286759e-36	3.02082963e-33	3.91054303e-30	6.07278905e-27	1.14916575e-23	2.00755814e-20	1.69117624e-17	7.21431899e-15	1.95880948e-12	1.51804568e-10	7.28003758e-09	2.78117482e-07	8.84508100e-06	2.06529231e-04	4.44485143e-03	6.30936131e-02	6.70480050e-01	2.32681723e-01	2.90841025e-02	
7.8	8.63030643e-78	4.30328429e-70	1.36224476e-63	9.35293052e-58	2.50737852e-52	2.29420407e-47	4.95665862e-43	6.29941320e-39	1.74773163e-35	3.03195146e-32	6.31478467e-29	1.60937048e-25	3.82188561e-22	4.35723794e-19	2.51604486e-16	9.36363361e-14	1.02464406e-11	7.01421672e-10	3.84860877e-08	1.76870504e-06	6.00262175e-05	1.84425675e-03	3.69316914e-02	5.22120287e-01	3.50984112e-01	8.80578185e-02	
7.9	6.96219434e-81	4.47561086e-73	1.78346959e-66	1.52996769e-60	5.17790807e-55	5.95910270e-50	1.68032455e-45	2.80749596e-41	1.03243806e-37	2.38519069e-34	6.60990421e-31	2.24915626e-27	7.20611496e-24	1.10584857e-20	8.60973914e-18	4.36447119e-15	6.63784560e-13	6.39407974e-11	4.96219710e-09	3.24178688e-07	1.57163999e-05	6.77930034e-04	1.88655740e-02	3.54069587e-01	4.28425053e-01	1.97945810e-01	
8	6.00525420e-84	4.95639788e-76	2.46745090e-69	2.61862410e-63	1.10871415e-57	1.58996359e-52	5.82127775e-48	1.27335356e-43	6.16797111e-40	1.88585904e-36	6.90092640e-33	3.10833493e-29	1.33470118e-25	2.74354931e-22	2.86877741e-19	1.96918548e-16	4.10634274e-14	5.49921573e-12	5.95750784e-10	5.45398378e-08	3.72129099e-06	2.22370464e-04	8.50259877e-03	2.11700996e-01	4.34652208e-01	3.44918050e-01	
