4	9.99514521e-01	4.85478821e-04	1.08748084e-15	3.85030747e-35	1.27968209e-54	8.64942270e-74	3.36540318e-93	8.68446319e-113	
4.1	9.79134170e-01	2.08658297e-02	7.01200179e-11	8.87111196e-28	3.15630540e-47	2.50281929e-66	1.13157577e-85	3.37521854e-105	
4.2	6.96521024e-01	3.03478632e-01	3.44195400e-07	4.53056755e-20	1.68259955e-39	1.56798020e-58	8.24558371e-78	2.84497247e-97	
4.3	1.91379021e-01	8.08537199e-01	8.37796763e-05	1.79232366e-14	1.56153113e-32	1.71329478e-51	1.04897739e-70	4.18954147e-90	
4.4	4.72033382e-02	9.49976584e-01	2.82007806e-03	2.13754144e-10	1.93498809e-24	2.13358260e-42	1.52235647e-61	7.04338148e-81	
4.5	1.63339924e-02	9.50025145e-01	3.36406136e-02	2.49213287e-07	3.29038510e-18	5.25741175e-32	4.37570683e-51	2.34723035e-70	
4.6	6.27370205e-03	8.03329718e-01	1.90349073e-01	4.75070499e-05	2.03229221e-13	6.95207531e-24	6.75680368e-43	4.20565398e-62	
4.7	1.96570122e-03	4.80243172e-01	5.15853534e-01	1.93759156e-03	8.51223118e-10	1.36455810e-17	1.55022903e-36	1.12067449e-55	
4.8	4.83126200e-04	2.07955487e-01	7.67045467e-01	2.45154638e-02	4.55933998e-07	1.02421287e-12	1.36162306e-31	1.14441340e-50	
4.9	1.04465523e-04	7.56675945e-02	7.82221509e-01	1.41950413e-01	5.60103223e-05	6.75477556e-09	1.05206379e-27	1.02901388e-46	
5	1.86653665e-05	2.21416537e-02	5.52564889e-01	4.23210550e-01	2.05802797e-03	6.21330499e-06	1.13514049e-24	1.29362214e-43	
5.1	2.61909697e-06	5.00169249e-03	2.69853239e-01	6.96849802e-01	2.71730389e-02	1.11960854e-03	2.40243877e-22	3.19388297e-41	
5.2	2.91477312e-07	8.85417504e-04	9.50863427e-02	6.95795875e-01	1.54580703e-01	5.36513702e-02	2.06884710e-18	3.21284472e-37	
5.3	1.46076174e-08	6.99373312e-05	1.40456637e-02	2.54096041e-01	2.44667601e-01	4.87120742e-01	1.01128345e-13	5.83054711e-30	
5.4	2.85460046e-10	2.13554787e-06	7.64578867e-04	3.07062106e-02	1.02891916e-01	8.65635159e-01	1.75164213e-10	3.86834178e-23	
5.5	6.06649958e-12	7.02946552e-08	4.31893567e-05	3.53321908e-03	3.45282226e-02	9.61895250e-01	4.88144396e-08	8.00713429e-18	
5.6	1.86380031e-13	3.31524975e-09	3.38702347e-06	5.26571923e-04	1.30158984e-02	9.86449870e-01	4.26972718e-06	1.41337154e-13	
5.7	8.19257778e-15	2.21557292e-10	3.66637541e-07	1.02393928e-04	5.70402278e-03	9.94037647e-01	1.55568913e-04	3.69123926e-10	
5.8	5.07515809e-16	2.06394692e-11	5.40734933e-08	2.59060569e-05	2.96159904e-03	9.94191362e-01	2.82086785e-03	2.10823606e-07	
5.9	4.46480049e-17	2.69940211e-12	1.09697978e-08	8.67510899e-06	1.88329534e-03	9.70034413e-01	2.80392471e-02	3.43583333e-05	
6	5.10310750e-18	4.53618409e-13	2.80773845e-09	3.54692296e-06	1.36846975e-03	8.47090206e-01	1.49745463e-01	1.79231124e-03	
6.1	5.91764146e-19	7.64397214e-14	7.09115427e-10	1.39061923e-06	8.99363191e-04	5.72428388e-01	3.95980849e-01	3.06900077e-02	
6.2	5.66429382e-20	1.05081875e-14	1.43877907e-10	4.26964111e-07	4.39287302e-04	2.75956509e-01	5.31118835e-01	1.92484942e-01	
6.3	4.00922383e-21	1.05651404e-15	2.10352429e-11	9.22463960e-08	1.44178996e-04	9.16378699e-02	3.93220338e-01	5.14997521e-01	
6.4	2.32139065e-22	8.59988212e-17	2.45469698e-12	1.55727276e-08	3.55676520e-05	2.39683647e-02	2.00964220e-01	7.75031832e-01	
6.5	1.35486651e-23	6.98162174e-18	2.81998656e-13	2.54125429e-09	8.22690934e-06	6.16826162e-03	9.32949164e-02	9.00528592e-01	
6.6	8.79386687e-25	6.23818502e-19	3.52553286e-14	4.44544371e-10	1.99495915e-06	1.73674592e-03	4.49574531e-02	9.53303806e-01	
6.7	6.44825221e-26	6.23884159e-20	4.88428217e-15	8.50550606e-11	5.20970456e-07	5.45371798e-04	2.32769765e-02	9.76177131e-01	
6.8	5.28338058e-27	6.91606485e-21	7.43409993e-16	1.76821580e-11	1.46317100e-07	1.89369690e-04	1.29478171e-02	9.86862667e-01	
6.9	4.76918045e-28	8.38814197e-22	1.22826735e-16	3.95441417e-12	4.39115314e-08	7.17563893e-05	7.66999159e-03	9.92258208e-01	
7	4.68511882e-29	1.10066720e-22	2.17963326e-17	9.42780594e-13	1.39873470e-08	2.93154823e-05	4.79422720e-03	9.95176443e-01	
7.1	4.95731205e-30	1.54770034e-23	4.11800625e-18	2.37835219e-13	4.69935359e-09	1.27760486e-05	3.13463559e-03	9.96852584e-01	
7.2	5.60648204e-31	2.31509489e-24	8.22864225e-19	6.31410113e-14	1.65693217e-09	5.88864317e-06	2.12852436e-03	9.97865585e-01	
7.3	6.73322077e-32	3.66045335e-25	1.72898354e-19	1.75531819e-14	6.10260020e-10	2.84911108e-06	1.49185031e-03	9.98505300e-01	
7.4	8.53314876e-33	6.08190342e-26	3.79983954e-20	5.08494586e-15	2.33610791e-10	1.43670205e-06	1.07339165e-03	9.98925171e-01	
7.5	1.13495770e-33	1.05648904e-26	8.69343129e-21	1.52780773e-15	9.25141923e-11	7.50371786e-07	7.89097950e-04	9.99210152e-01	
7.6	1.57455981e-34	1.90801784e-27	2.05976448e-21	4.73772312e-16	3.77184587e-11	4.03506992e-07	5.90160119e-04	9.99409436e-01	
7.7	2.26600452e-35	3.56481347e-28	5.03074470e-22	1.50994877e-16	1.57671288e-11	2.22311327e-07	4.47486592e-04	9.99552291e-01	
7.8	3.36460744e-36	6.85562086e-29	1.26091071e-22	4.92546634e-17	6.73119380e-12	1.24934970e-07	3.42969681e-04	9.99656905e-01	
7.9	5.12677723e-37	1.35040746e-29	3.22855055e-23	1.63759679e-17	2.92307707e-12	7.13262582e-08	2.64994967e-04	9.99734934e-01	
8	7.98849136e-38	2.71566236e-30	8.42034913e-24	5.53478902e-18	1.28812030e-12	4.12555699e-08	2.06002909e-04	9.99793956e-01	
