4	6.46637744e-04	9.99353362e-01	7.32234292e-19	1.00932401e-37	3.91210858e-57	2.55543052e-77	2.97644927e-97	2.08932280e-117	5.77847389e-138	9.95962338e-158	1.22188975e-177	1.14366319e-197	
4.1	1.36733847e-04	9.99863266e-01	1.69290383e-16	2.76027430e-35	1.16094982e-54	9.98580614e-75	1.26537155e-94	8.44932927e-115	3.01654026e-135	6.04456520e-155	8.58188545e-175	9.25959522e-195	
4.2	3.73247664e-05	9.99962675e-01	1.80889266e-12	3.52102749e-31	1.63116255e-50	1.82917023e-70	2.55331625e-90	1.66992561e-110	7.73292710e-131	1.80460832e-150	2.96815460e-170	3.69426175e-190	
4.3	1.25043765e-05	9.99987493e-01	3.05842586e-09	1.45716440e-24	7.52784214e-44	1.08473474e-63	1.67529188e-83	1.10318180e-103	6.58223030e-124	1.79210714e-143	3.41816006e-163	4.91086727e-183	
4.4	4.93907580e-06	9.99993865e-01	1.19599336e-06	4.06603186e-18	2.77549743e-36	5.05260583e-56	8.61513748e-76	5.88144284e-96	4.42080791e-116	1.40673580e-135	3.11472809e-155	5.16898684e-175	
4.5	2.23921480e-06	9.99852228e-01	1.45533033e-04	5.99103026e-13	6.26914912e-27	1.41929074e-46	2.66628607e-66	1.94832742e-86	1.77394830e-106	6.60860671e-126	1.70026930e-145	3.26153210e-165	
4.6	1.17569040e-06	9.93286960e-01	6.71185711e-03	7.69326618e-09	1.75986414e-19	1.28995532e-35	2.67182130e-55	2.15399976e-75	2.25670228e-95	9.86019260e-115	2.95082825e-134	6.54735683e-154	
4.7	7.38821466e-07	8.86779632e-01	1.13209618e-01	1.00118382e-05	1.01939386e-13	4.02618595e-26	2.10459928e-42	1.90754942e-62	2.17851285e-82	1.11827568e-101	3.89670248e-121	1.00084823e-140	
4.8	4.46977570e-07	4.98504627e-01	5.00331922e-01	1.16300326e-03	1.40839743e-09	5.14317170e-19	1.17098667e-31	7.12780175e-48	8.50694819e-68	5.13921838e-87	2.08724652e-106	6.21056451e-126	
4.9	2.34384046e-07	1.89632064e-01	7.88391851e-01	2.19747474e-02	1.10316623e-06	8.83153457e-14	1.53188964e-23	3.04435084e-36	1.18706971e-52	5.93720862e-71	2.81344293e-90	9.70554344e-110	
5	1.09610276e-07	6.41331441e-02	7.82370524e-01	1.53350501e-01	1.45720109e-04	8.11624797e-10	2.66459420e-17	3.29825596e-27	4.18191219e-40	2.26392432e-54	1.25300217e-73	5.01582070e-93	
5.1	3.64244667e-08	1.68264155e-02	5.02261380e-01	4.76052922e-01	4.85846497e-03	7.81476566e-07	1.64932895e-12	3.44580090e-20	2.84534983e-30	2.61550153e-41	1.69266213e-60	7.86955290e-80	
5.2	7.98504699e-09	3.21671434e-03	2.10453323e-01	7.33323490e-01	5.28797747e-02	1.26682549e-04	7.55747317e-09	9.66567288e-15	1.46886772e-22	5.26234510e-31	3.98692711e-50	2.15497925e-69	
5.3	1.27316212e-09	4.88799863e-04	6.50099095e-02	6.78541265e-01	2.50566122e-01	5.38905255e-03	4.84998657e-06	1.73387904e-10	1.79067913e-16	7.76502058e-23	6.89549825e-42	4.33788264e-61	
5.4	1.37807341e-10	5.42717013e-05	1.38857567e-02	3.71892070e-01	5.43041810e-01	7.05387698e-02	5.87002975e-04	3.18929158e-07	1.01745630e-11	2.10822904e-16	2.19712471e-35	1.61044104e-54	
5.5	9.51584668e-12	4.08202776e-06	1.92428823e-03	1.17528050e-01	5.49553522e-01	3.14504885e-01	1.64012428e-02	8.38852174e-05	4.41174255e-08	2.08611233e-11	2.55497597e-30	2.18486058e-49	
5.6	4.30621882e-13	2.10945826e-07	1.76845668e-04	2.24807284e-02	2.83554832e-01	5.56497534e-01	1.32891236e-01	4.37555724e-03	2.29180547e-05	1.37413606e-07	7.11629516e-26	7.10918598e-45	
5.7	1.35787624e-14	7.87371541e-09	1.13921819e-05	2.80378995e-03	8.31573967e-02	4.60095571e-01	3.90695819e-01	6.10172179e-02	2.11791038e-03	1.00895048e-04	4.50369216e-19	8.07277990e-36	
5.8	2.92945799e-16	2.06576808e-10	5.02549649e-07	2.25917970e-04	1.41356282e-02	1.89545055e-01	4.68325818e-01	2.71176009e-01	4.48829206e-02	1.17081482e-02	7.40444885e-14	4.47380217e-27	
5.9	3.29298902e-18	2.88871887e-12	1.15393426e-08	9.03776459e-06	1.09551601e-03	3.17102047e-02	1.94864707e-01	3.43191120e-01	2.08088647e-01	2.21040755e-01	4.71953017e-10	1.91347480e-20	
6	1.49871706e-20	1.66563486e-14	1.06885358e-10	1.40223336e-07	3.07752476e-05	1.75863722e-03	2.38067746e-02	1.08800286e-01	1.96168173e-01	6.69435059e-01	1.54413467e-07	1.16543038e-15	
6.1	6.22038646e-23	8.87305147e-17	8.96045171e-13	1.90400738e-09	7.16653458e-07	7.54141775e-05	2.04723592e-03	2.13938156e-02	9.74122078e-02	8.79061759e-01	8.84925493e-06	4.49001605e-12	
6.2	3.93567538e-25	7.26330079e-19	1.13222042e-14	3.78469634e-11	2.33905901e-08	4.28651384e-06	2.16730639e-04	4.68136928e-03	4.73460909e-02	9.47549926e-01	2.01570322e-04	3.06161401e-09	
6.3	4.10860727e-27	9.85323995e-21	2.32775338e-16	1.19309224e-12	1.16856633e-09	3.56351410e-07	3.16067699e-05	1.29956845e-03	2.63218549e-02	9.69930667e-01	2.41536793e-03	5.77698033e-07	
6.4	6.95018594e-29	2.16800689e-22	7.63135818e-18	5.86473073e-14	8.84110104e-11	4.32302523e-08	6.40629979e-06	4.67591377e-04	1.73704273e-02	9.64963022e-01	1.71536969e-02	3.88127966e-05	
6.5	1.72582595e-30	6.98901055e-24	3.60741374e-19	4.07655906e-15	9.22965731e-12	7.01732977e-09	1.67025775e-06	2.04023433e-04	1.28494034e-02	9.09724099e-01	7.61331469e-02	1.08764997e-03	
6.6	5.27488943e-32	2.76679297e-25	2.06286141e-20	3.36975615e-16	1.12226463e-12	1.29280965e-09	4.78761699e-07	9.31730394e-05	9.27019213e-03	7.61453433e-01	2.15094801e-01	1.40879214e-02	
6.7	1.63800172e-33	1.11085074e-26	1.17987082e-21	2.74440054e-17	1.32079983e-13	2.25460167e-10	1.26502512e-07	3.76694734e-05	5.57940561e-03	5.17758819e-01	3.86542340e-01	9.00816389e-02	
6.8	4.41252158e-35	3.86392423e-28	5.77471834e-23	1.88776312e-18	1.29296363e-14	3.20876360e-11	2.66706353e-08	1.17566578e-05	2.47757242e-03	2.62577709e-01	4.37947498e-01	2.96985437e-01	
6.9	9.98654203e-37	1.12828927e-29	2.34609901e-24	1.06555821e-19	1.02506689e-15	3.63791685e-12	4.39365484e-09	2.79147358e-06	8.11580137e-04	1.00728031e-01	3.35050965e-01	5.63406627e-01	
7	2.13058086e-38	3.10390737e-31	8.88633485e-26	5.55165505e-21	7.41799236e-17	3.71142081e-13	6.40499456e-10	5.74251545e-07	2.26018882e-04	3.37649188e-02	2.06960283e-01	7.59048205e-01	
7.1	4.79831019e-40	9.00834543e-33	3.51735490e-27	2.99639595e-22	5.50735858e-18	3.83748045e-14	9.32714023e-11	1.16088907e-07	6.12183658e-05	1.12864258e-02	1.20375542e-01	8.68276698e-01	
7.2	1.19504736e-41	2.88833834e-34	1.52512663e-28	1.75838129e-23	4.40814482e-19	4.23383047e-15	1.43194226e-11	2.44298033e-08	1.71727076e-05	3.98902794e-03	7.08723317e-02	9.25121443e-01	
7.3	3.31854287e-43	1.03106121e-35	7.30835450e-30	1.13252724e-24	3.84371874e-20	5.04380798e-16	2.34981818e-12	5.44364944e-09	5.08887635e-06	1.51376248e-03	4.32564757e-02	9.55224668e-01	
7.4	1.02247229e-44	4.07767518e-37	3.85463394e-31	7.98092994e-26	3.64278009e-21	6.48054936e-17	4.12313083e-13	1.28798591e-09	1.59962039e-06	6.16637049e-04	2.75004407e-02	9.71881321e-01	
7.5	3.46373257e-46	1.77059423e-38	2.21975028e-32	6.10757261e-27	3.72700145e-22	8.92765885e-18	7.69760040e-14	3.22445087e-10	5.31729741e-07	2.67906380e-04	1.81671457e-02	9.81564416e-01	
7.6	1.27944702e-47	8.37295548e-40	1.38517715e-33	5.04108198e-28	4.09149562e-23	1.31148845e-18	1.52196701e-14	8.50720262e-11	1.86154225e-07	1.23273196e-04	1.24171251e-02	9.87459415e-01	
7.7	5.11325875e-49	4.27892049e-41	9.30087433e-35	4.45845900e-29	4.79089501e-24	2.04351330e-19	3.17230626e-15	2.35602925e-11	6.83363724e-08	5.96677116e-05	8.74210234e-03	9.91198162e-01	
7.8	2.19293848e-50	2.34442913e-42	6.66868420e-36	4.19498079e-30	5.94447929e-25	3.35749927e-20	6.93355827e-16	6.81501143e-12	2.61642448e-08	3.01649820e-05	6.31033931e-03	9.93659470e-01	
7.9	1.00089845e-51	1.36600808e-43	5.06775879e-37	4.17015826e-31	7.76560090e-26	5.78165947e-21	1.58040307e-16	2.04843591e-12	1.03905837e-08	1.58203566e-05	4.64935614e-03	9.95334813e-01	
8	4.82440545e-53	8.40032902e-45	4.05267411e-38	4.35060446e-32	1.06146578e-26	1.03769679e-21	3.73819183e-17	6.36839186e-13	4.25883262e-09	8.55587730e-06	3.48298070e-03	9.96508459e-01	
