4	9.99999876e-01	1.23632339e-07	2.58363010e-25	1.42145142e-44	4.63632675e-64	5.51287366e-84	2.42420019e-104	4.37557568e-124	9.87335713e-144	1.53565762e-163	1.77748437e-183	
4.1	9.99970495e-01	2.95053377e-05	1.43198404e-18	9.55675415e-38	3.67907074e-57	5.21646826e-77	2.93505219e-97	5.15427823e-117	1.35446424e-136	2.44008042e-156	3.25747984e-176	
4.2	9.97556597e-01	2.44340274e-03	3.71694656e-13	5.28392659e-31	2.38767582e-50	4.05102786e-70	2.85545066e-90	4.96065228e-110	1.52083275e-129	3.17674052e-149	4.89474818e-169	
4.3	9.19149939e-01	8.08500528e-02	7.86456737e-09	2.10280836e-22	1.10936869e-41	2.23338842e-61	1.91231134e-81	3.36977100e-101	1.20741374e-120	2.92720553e-140	5.20910689e-160	
4.4	3.82670493e-01	6.17318712e-01	1.07953197e-05	7.59757503e-16	2.68253596e-33	6.30206259e-53	6.36835719e-73	1.15582366e-92	4.84886377e-112	1.36576170e-131	2.80905327e-151	
4.5	5.79057917e-02	9.41067723e-01	1.02648487e-03	3.90269854e-11	1.83226214e-24	4.35394053e-43	5.08554737e-63	9.38050572e-83	4.61548205e-102	1.51193437e-121	3.59676080e-141	
4.6	1.20921581e-02	9.63795015e-01	2.41126963e-02	1.30217014e-07	1.18462334e-17	4.85183498e-32	3.66187968e-51	6.58268112e-71	3.80545793e-90	1.45124625e-109	3.99594211e-129	
4.7	4.41346288e-03	8.12459919e-01	1.83082726e-01	4.38915153e-05	1.56686255e-12	1.48922203e-23	1.78201297e-38	2.99684337e-58	2.03908510e-77	9.06219767e-97	2.89046876e-116	
4.8	1.63763968e-03	4.80231990e-01	5.15952700e-01	2.17766224e-03	8.03798343e-09	3.45931048e-17	8.88681623e-29	1.05792067e-44	7.08822125e-63	3.67493843e-82	1.35887385e-101	
4.9	4.85573270e-04	2.09244955e-01	7.60565586e-01	2.96999044e-02	3.98109802e-06	2.08459759e-12	2.33492771e-21	7.52177540e-34	5.64589279e-48	3.41823139e-67	1.46654856e-86	
5	1.16084385e-04	7.41473995e-02	7.49987386e-01	1.75351532e-01	3.97588879e-04	9.17206705e-09	1.28499817e-15	2.33567069e-25	3.05913076e-36	2.16529640e-55	1.07887215e-74	
5.1	1.99089293e-05	1.93405163e-02	4.78765207e-01	4.91043027e-01	1.08262159e-02	5.12444294e-06	3.41952348e-11	1.02417980e-18	5.34209089e-27	4.42555786e-46	2.56346030e-65	
5.2	2.35740434e-06	3.56920609e-03	1.96957858e-01	6.99951854e-01	9.89790212e-02	5.39621944e-04	8.14209090e-08	1.52174621e-13	9.77242867e-20	9.48687377e-39	6.39492671e-58	
5.3	1.99635377e-07	4.79406600e-04	5.49106788e-02	5.61616625e-01	3.68166812e-01	1.47979523e-02	2.83241879e-05	1.52940995e-09	4.75647902e-14	5.41801915e-33	4.25476610e-52	
5.4	1.17700767e-08	4.51676853e-05	1.01469060e-02	2.57489019e-01	6.04414679e-01	1.25956402e-01	1.94616879e-03	1.64361616e-06	1.17884388e-09	1.57766074e-28	1.44527368e-47	
5.5	4.97258036e-10	3.04984542e-06	1.28220910e-03	7.17616366e-02	4.91113847e-01	4.00575584e-01	3.49784051e-02	2.82675285e-04	2.59197799e-06	6.03241186e-25	6.45474588e-44	
5.6	1.53637856e-11	1.49919900e-07	1.13369190e-04	1.27639677e-02	2.16747503e-01	5.53244840e-01	2.05631382e-01	1.07133429e-02	7.85446061e-04	2.00617254e-18	1.08585024e-35	
5.7	3.31343173e-13	5.09075852e-09	6.69376219e-06	1.41097699e-03	5.24494964e-02	3.51112377e-01	4.42977271e-01	1.08338629e-01	4.37045511e-02	1.91600476e-13	4.79127632e-27	
5.8	3.41863393e-15	8.16268933e-11	1.81163938e-07	6.76640350e-05	5.00254366e-03	7.65220402e-02	2.73452843e-01	2.43479870e-01	4.01474857e-01	6.92024491e-10	1.49163027e-20	
5.9	1.75863105e-17	6.43918181e-13	2.34836541e-09	1.48999563e-06	2.03717595e-04	6.40518402e-03	5.60858212e-02	1.48465305e-01	7.88838314e-01	1.65790363e-07	8.11704354e-16	
6	1.06611272e-19	5.90330114e-15	3.45249550e-11	3.59375956e-08	8.59309290e-06	5.11902339e-04	9.78329055e-03	6.55808644e-02	9.24105979e-01	9.33485206e-06	3.59889059e-12	
6.1	1.02234591e-21	8.42675623e-17	7.72849867e-13	1.28162063e-09	5.12281027e-07	5.42387633e-05	2.06374232e-03	3.08500610e-02	9.66808469e-01	2.22972203e-04	2.91756823e-09	
6.2	1.58795724e-23	1.91673167e-18	2.70032031e-14	6.96407237e-11	4.48988442e-08	8.03416767e-06	5.65009536e-04	1.69966832e-02	9.79615777e-01	2.81381080e-03	6.40544050e-07	
6.3	3.89937111e-25	6.78494313e-20	1.44079344e-15	5.65618042e-12	5.71064459e-09	1.65981603e-06	2.03162681e-04	1.12826925e-02	9.67677581e-01	2.07864516e-02	4.84468582e-05	
6.4	1.36141795e-26	3.36630725e-21	1.05900627e-16	6.21114857e-13	9.56964573e-10	4.37184554e-07	8.86616182e-05	8.42043536e-03	8.96793535e-01	9.32361596e-02	1.46077015e-03	
6.5	5.57258358e-28	1.93375073e-22	8.87016429e-18	7.64732271e-14	1.75926301e-10	1.22980793e-07	3.96302442e-05	6.00602954e-03	7.19720531e-01	2.54988940e-01	1.92447462e-02	
6.6	2.18926304e-29	1.05478152e-23	6.95286783e-19	8.68146973e-15	2.92977387e-11	3.06672354e-08	1.51392695e-05	3.44823394e-03	4.53994520e-01	4.24098361e-01	1.18443715e-01	
6.7	7.12913002e-31	4.72523172e-25	4.41834776e-20	7.86877435e-16	3.83284817e-12	5.89758428e-09	4.32773544e-06	1.41280547e-03	2.07662751e-01	4.30246297e-01	3.60673813e-01	
6.8	1.94295643e-32	1.75689038e-26	2.30356402e-21	5.76581956e-17	3.98866762e-13	8.86703856e-10	9.44199740e-07	4.27126740e-04	7.22298948e-02	2.96238694e-01	6.31103339e-01	
6.9	5.13186887e-34	6.28128283e-28	1.14257545e-22	3.96817081e-18	3.83962096e-14	1.21344498e-10	1.83924354e-07	1.12852831e-04	2.26634178e-02	1.70271961e-01	8.06951584e-01	
7	1.46587158e-35	2.41102698e-29	6.02486018e-24	2.87273201e-19	3.83577408e-15	1.69855452e-11	3.61067045e-08	2.96870676e-05	7.28327214e-03	9.48220239e-02	8.97864981e-01	
7.1	4.68729122e-37	1.02907266e-30	3.50187358e-25	2.27301574e-20	4.13913649e-16	2.53628335e-12	7.47563525e-09	8.18607220e-06	2.51156867e-03	5.43486057e-02	9.43131632e-01	
7.2	1.67999836e-38	4.89395567e-32	2.25041578e-26	1.97535970e-21	4.85985195e-17	4.07726577e-13	1.64912599e-09	2.39837539e-06	9.37161599e-04	3.25876261e-02	9.66472812e-01	
7.3	6.68790917e-40	2.57125226e-33	1.58690246e-27	1.87330710e-22	6.18595892e-18	7.04530485e-14	3.87070706e-10	7.46731167e-07	3.76729013e-04	2.04562846e-02	9.79166239e-01	
7.4	2.92645921e-41	1.47797091e-34	1.21699100e-28	1.92170195e-23	8.47652893e-19	1.30155334e-14	9.62434681e-11	2.46182395e-07	1.61908535e-04	1.33875713e-02	9.86450274e-01	
7.5	1.39442005e-42	9.21440784e-36	1.00702819e-29	2.11579926e-24	1.24103594e-19	2.55325239e-15	2.52247772e-11	8.55097617e-08	7.37956614e-05	9.08473246e-03	9.90841386e-01	
7.6	7.19298786e-44	6.19805350e-37	8.93048334e-31	2.48443351e-25	1.92930357e-20	5.28795007e-16	6.93987391e-12	3.11473481e-08	3.54119638e-05	6.35926033e-03	9.93605297e-01	
7.7	4.05285974e-45	4.54111218e-38	8.42278777e-32	3.08897856e-26	3.16166890e-21	1.14853491e-16	1.99394535e-12	1.18360241e-08	1.77641352e-05	4.56964678e-03	9.95412577e-01	
7.8	2.69459640e-46	3.91724565e-39	8.38854617e-33	4.04008622e-27	5.42698008e-22	2.60075436e-17	5.95452243e-13	4.66666500e-09	9.25136064e-06	3.35489738e-03	9.96635847e-01	
7.9	2.48591624e-47	4.67988137e-40	8.76478575e-34	5.52541908e-28	9.70241790e-23	6.10781373e-18	1.83912487e-13	1.89944165e-09	4.97134556e-06	2.50618701e-03	9.97488840e-01	
8	3.18525065e-48	7.75417380e-41	9.55286939e-35	7.86049758e-29	1.79857015e-23	1.48180396e-18	5.84998533e-14	7.94494980e-10	2.74195171e-06	1.89849511e-03	9.98098762e-01	
