4	5.58514204e-02	9.44146103e-01	2.47705995e-06	2.57171903e-20	1.60732439e-38	4.17486855e-57	4.61311442e-76	2.63606538e-95	8.67126771e-115	9.73206252e-135	1.39047342e-155	9.26982281e-176	4.85331037e-196	2.11934951e-216	8.05836314e-237	5.42066672e-258	4.24351551e-279	1.20949566e-299	1.00000000e-300	1.00000000e-300	1.00000000e-300	1.00000000e-300	1.00000000e-300	1.00000000e-300	1.00000000e-300	1.00000000e-300	1.00000000e-300	1.00000000e-300	1.00000000e-300	
4.1	7.21292904e-03	9.92540197e-01	2.46873836e-04	1.49773442e-14	1.09981967e-32	3.39199255e-51	4.38536556e-70	2.94359347e-89	1.14501069e-108	1.53049696e-128	2.25378005e-149	1.81055595e-169	1.14730115e-189	6.06235749e-210	2.79306956e-230	1.79942634e-251	1.51850324e-272	4.21818173e-293	1.00000000e-300	1.00000000e-300	1.00000000e-300	1.00000000e-300	1.00000000e-300	1.00000000e-300	1.00000000e-300	1.00000000e-300	1.00000000e-300	1.00000000e-300	1.00000000e-300	
4.2	1.41717629e-03	9.89512562e-01	9.07026146e-03	5.71233297e-10	7.12082643e-24	2.60778819e-42	3.94479887e-61	3.11030424e-80	1.43061692e-99	2.27743591e-119	3.44231547e-140	3.33234798e-160	2.55567757e-180	1.63406494e-200	9.12273863e-221	5.83183445e-242	5.22191480e-263	1.40242106e-283	1.00000000e-300	1.00000000e-300	1.00000000e-300	1.00000000e-300	1.00000000e-300	1.00000000e-300	1.00000000e-300	1.00000000e-300	1.00000000e-300	1.00000000e-300	1.00000000e-300	
4.3	4.80289746e-04	8.64791734e-01	1.34725745e-01	2.23117470e-06	1.43371435e-16	1.34038202e-32	2.37235755e-51	2.19703422e-70	1.19501453e-89	2.26564515e-109	3.52410195e-130	4.11108228e-150	3.81609791e-170	2.95249355e-190	1.99722218e-210	1.32047748e-231	1.25771738e-252	3.31825285e-273	2.01081860e-293	1.00000000e-300	1.00000000e-300	1.00000000e-300	1.00000000e-300	1.00000000e-300	1.00000000e-300	1.00000000e-300	1.00000000e-300	1.00000000e-300	1.00000000e-300	
4.4	1.73973315e-04	4.13368102e-01	5.85602189e-01	8.55735531e-04	5.17195626e-11	5.79284738e-23	1.19962049e-41	1.30498498e-60	8.39326586e-80	1.89519856e-99	3.05632821e-120	4.29645778e-140	4.82699253e-160	4.51880971e-180	3.70394239e-200	2.62226010e-221	2.67561180e-242	7.12736227e-263	5.00903948e-283	1.00000000e-300	1.00000000e-300	1.00000000e-300	1.00000000e-300	1.00000000e-300	1.00000000e-300	1.00000000e-300	1.00000000e-300	1.00000000e-300	1.00000000e-300	
4.5	4.33918744e-05	1.07054290e-01	8.47683340e-01	4.52183139e-02	6.64876666e-07	1.37821991e-15	7.15424098e-30	1.28238810e-48	9.75348415e-68	2.62289145e-87	4.42592463e-108	7.49737372e-128	1.01946829e-147	1.15487770e-167	1.14707758e-187	8.86458714e-209	9.64454118e-230	2.64996323e-250	2.16447213e-270	1.04847517e-290	1.00000000e-300	1.00000000e-300	1.00000000e-300	1.00000000e-300	1.00000000e-300	1.00000000e-300	1.00000000e-300	1.00000000e-300	1.00000000e-300	
4.6	6.75338525e-06	1.73467889e-02	5.32711968e-01	4.49393531e-01	5.40958035e-04	4.70531645e-10	1.25135299e-20	7.02576228e-35	2.29937485e-53	7.36436232e-73	1.31358691e-93	2.68139157e-113	4.41286896e-133	6.04875466e-153	7.27809823e-173	6.16370108e-194	7.01329117e-215	1.99462221e-235	1.89729118e-255	1.03001693e-275	4.39295827e-296	1.00000000e-300	1.00000000e-300	1.00000000e-300	1.00000000e-300	1.00000000e-300	1.00000000e-300	1.00000000e-300	1.00000000e-300	
4.7	6.69534321e-07	1.89441567e-03	1.72493248e-01	7.96331371e-01	2.92770801e-02	3.21574795e-06	7.79032603e-14	1.71236404e-24	1.53651153e-38	7.01941434e-56	1.34035026e-76	3.29583521e-96	6.56227145e-116	1.08702669e-135	1.57906260e-155	1.46155368e-176	1.70445566e-197	4.95524511e-218	5.50032757e-238	3.34366418e-258	1.61039550e-278	2.81907309e-299	1.00000000e-300	1.00000000e-300	1.00000000e-300	1.00000000e-300	1.00000000e-300	1.00000000e-300	1.00000000e-300	
4.8	8.68041005e-08	2.86411334e-04	6.36964146e-02	6.82810644e-01	2.52059600e-01	1.14683732e-03	5.64479535e-09	9.01798374e-17	2.88609223e-27	1.61085742e-40	4.90621222e-58	1.44376794e-77	3.45506483e-97	6.81472354e-117	1.15936093e-136	1.17454783e-157	1.39712359e-178	4.08062268e-199	5.29675841e-219	3.60912947e-239	1.94646180e-259	3.84585039e-280	1.00000000e-300	1.00000000e-300	1.00000000e-300	1.00000000e-300	1.00000000e-300	1.00000000e-300	1.00000000e-300	
4.9	1.09001352e-08	4.39633364e-05	2.07945777e-02	3.82830641e-01	5.65212962e-01	3.11109094e-02	6.93558334e-06	1.79782691e-11	3.77700345e-19	3.90068572e-29	7.68302603e-43	5.76648087e-62	1.56987936e-81	3.36891213e-101	5.85378556e-121	6.54639405e-142	8.04976888e-163	2.32732997e-183	3.53998839e-203	2.71742411e-223	1.62408804e-243	3.64039190e-264	6.26864792e-285	1.00000000e-300	1.00000000e-300	1.00000000e-300	1.00000000e-300	1.00000000e-300	1.00000000e-300	
5	1.22184061e-09	6.24815543e-06	5.70476979e-03	1.67351921e-01	6.52225897e-01	1.74193265e-01	5.17844988e-04	5.26021551e-08	1.54901125e-13	6.54921601e-21	1.40309325e-31	1.61129046e-46	3.81015224e-63	6.45641351e-82	8.65691465e-102	1.07854166e-122	1.40152253e-143	3.96840765e-164	7.08770789e-184	6.19121933e-204	4.08284050e-224	1.04591672e-244	2.07687990e-265	5.18908630e-286	1.00000000e-300	1.00000000e-300	1.00000000e-300	1.00000000e-300	1.00000000e-300	
5.1	1.15087092e-10	7.66764516e-07	1.25835515e-03	5.75942680e-02	5.00939601e-01	4.31510877e-01	8.68386899e-03	1.22618803e-05	1.25615195e-09	6.21527272e-15	3.46649508e-23	5.74219476e-35	4.35418688e-48	5.04430949e-63	3.78853076e-80	1.28013801e-99	1.91811976e-120	5.30277497e-141	1.11437953e-160	1.12263086e-180	8.21236915e-201	2.42883271e-221	5.64582219e-242	1.57739780e-262	3.68189579e-283	1.00000000e-300	1.00000000e-300	1.00000000e-300	1.00000000e-300	
5.2	8.96196400e-12	7.93119819e-08	2.23209472e-04	1.58375251e-02	2.80859278e-01	6.42583230e-01	5.98517252e-02	6.44072318e-04	8.79617899e-07	1.64373671e-10	7.56144037e-17	3.22850805e-26	1.18291733e-36	1.33152864e-48	2.45861547e-62	6.84870417e-78	1.58698013e-94	1.46893886e-113	3.63959083e-133	4.28934006e-153	3.52538839e-173	1.21590274e-193	3.35116373e-214	1.03430979e-234	2.72158139e-255	8.61696237e-276	7.89822398e-296	1.00000000e-300	1.00000000e-300	
5.3	5.79099865e-13	6.89841233e-09	3.22720602e-05	3.54408620e-03	1.20501351e-01	6.47480002e-01	2.16168093e-01	1.21493209e-02	1.24547103e-04	3.21298995e-07	4.84119766e-12	1.65722721e-19	7.88789106e-28	2.11598591e-37	1.99478275e-48	7.47277742e-61	3.85140727e-74	2.18808002e-89	6.69540703e-105	9.33378923e-125	8.73132762e-145	3.53123337e-165	1.16381035e-185	3.94793022e-206	1.18060114e-226	4.28281631e-247	4.58555463e-267	4.00100744e-287	1.00000000e-300	
5.4	2.89571345e-14	4.68327436e-10	3.55061901e-06	6.03597689e-04	3.75537887e-02	4.32430220e-01	4.28392851e-01	9.58766954e-02	5.05268050e-03	8.65955290e-05	2.04815686e-08	2.40727732e-14	5.70227116e-21	1.26547190e-28	1.81699346e-37	2.18318115e-47	5.37623585e-58	3.30638737e-70	1.90780877e-82	3.15548920e-102	3.37846810e-122	1.60010803e-142	6.32029083e-163	2.37212537e-183	8.10484273e-204	3.37715852e-224	4.23112685e-244	4.29264039e-264	3.68245722e-284	
5.5	9.70099723e-16	2.14026485e-11	2.58438537e-07	6.80104698e-05	7.45988267e-03	1.71288649e-01	4.35846580e-01	3.15743785e-01	6.49060451e-02	4.67700738e-03	9.78164986e-06	2.05972741e-10	1.16458845e-15	9.39908908e-22	7.95687649e-29	9.93730231e-37	3.47087180e-45	5.88566196e-55	1.43903987e-64	2.80066925e-84	3.41403473e-104	1.88350145e-124	8.88779469e-145	3.74569905e-165	1.46625657e-185	7.06153234e-206	1.03701187e-225	1.22460985e-245	1.21597642e-265	
5.6	1.89997499e-17	5.73083356e-13	1.08788705e-08	4.43056381e-06	8.31535035e-04	3.59295324e-02	2.09988425e-01	4.18791065e-01	2.72081937e-01	6.16358613e-02	7.37036365e-04	1.66880570e-07	1.26741466e-11	1.94480111e-16	4.57801465e-22	2.45389301e-28	4.67135482e-35	7.41802483e-43	2.34823226e-50	7.59728423e-70	1.04226585e-89	6.67391848e-110	3.74539451e-130	1.80075701e-150	8.09765723e-171	4.55077960e-191	7.84698349e-211	1.07975115e-230	1.24184980e-250	
5.7	2.24248107e-19	9.25018110e-15	2.72234190e-10	1.71448579e-07	5.37136213e-05	4.16523300e-03	5.12431961e-02	2.47622394e-01	4.31890820e-01	2.52525296e-01	1.24788832e-02	2.02795935e-05	1.31415905e-08	2.28900788e-12	8.24452743e-17	9.45460214e-22	4.62141225e-27	2.92744883e-33	4.69811882e-39	1.99939898e-54	3.14615674e-71	1.74735445e-89	2.49449028e-109	1.38428983e-129	7.19410578e-150	4.77664550e-170	9.68795355e-190	1.55499880e-209	2.07327645e-229	
5.8	2.00340840e-21	1.12915261e-16	5.09998585e-12	4.95616188e-09	2.53786775e-06	3.39700643e-04	8.20972029e-03	8.68838330e-02	3.58303181e-01	4.70105850e-01	7.55143485e-02	6.38356951e-04	2.46284992e-06	3.22443859e-09	1.10493040e-12	1.56509593e-16	1.08704032e-20	1.40555999e-25	5.50486925e-30	4.54621017e-42	2.28597508e-55	7.13152384e-70	1.12630729e-85	1.23866204e-102	8.78667189e-121	2.33157869e-140	5.57220727e-160	1.04444289e-179	1.61568419e-199	
5.9	1.62858705e-23	1.25140208e-18	8.62713950e-14	1.28732602e-10	1.05881604e-07	2.36833870e-05	1.06342474e-03	2.27414096e-02	2.00810589e-01	5.33968313e-01	2.33312076e-01	7.94233637e-03	1.37090387e-04	9.69450763e-07	2.16736724e-09	2.45906870e-12	1.52821936e-15	2.40966138e-19	1.31344210e-22	4.58900962e-32	1.47272262e-42	4.65392909e-54	1.27702080e-66	3.69709975e-80	1.10513795e-94	2.35169166e-110	1.47563758e-126	3.23370715e-146	5.80912433e-166	
6	1.27768419e-25	1.33466213e-20	1.38591409e-15	3.15355424e-12	4.10287926e-09	1.49176659e-06	1.18895661e-04	4.81615664e-03	8.42379235e-02	4.20969025e-01	4.37808601e-01	4.89452105e-02	3.01335768e-03	8.83703785e-05	9.57537254e-07	6.20223489e-09	2.41269764e-11	3.15034245e-14	1.51703336e-16	6.59293319e-24	3.73519134e-32	3.04791105e-41	3.32885123e-51	5.33765601e-62	1.30068616e-73	3.76809687e-86	4.22752581e-99	1.08439805e-118	2.26444632e-138	
6.1	9.45859675e-28	1.33922348e-22	2.06861656e-17	7.11929083e-14	1.44302710e-10	8.32629737e-08	1.13361471e-05	8.25391318e-04	2.68845745e-02	2.38623996e-01	5.33516189e-01	1.66464678e-01	3.05375384e-02	3.00729993e-03	1.25278376e-04	3.56870408e-06	6.61884821e-08	5.30848906e-10	1.47508172e-11	2.94927672e-17	1.04563265e-23	7.35443913e-31	9.83949165e-39	2.54040339e-47	1.36954558e-56	1.31919090e-66	6.01040673e-77	1.80693465e-96	4.39066592e-116	
6.2	5.93474708e-30	1.13524374e-24	2.56680147e-19	1.32191316e-15	4.11365144e-12	3.68740375e-09	8.29863196e-07	1.04030128e-04	6.00463113e-03	9.06371265e-02	4.02585545e-01	3.07914794e-01	1.45911881e-01	4.07863181e-02	5.45446540e-03	5.58697731e-04	3.99884807e-05	1.52719826e-06	1.61857185e-07	6.61518399e-12	6.30565587e-17	1.57666881e-22	1.00305896e-28	1.56152371e-35	6.58400687e-43	6.84937202e-51	3.90308395e-59	1.37708921e-78	3.89823136e-98	
6.3	2.34006747e-32	6.02739079e-27	2.02879398e-21	1.54601277e-17	7.28851365e-14	9.95708338e-11	3.59941437e-08	7.49216946e-06	7.35782981e-04	1.82544585e-02	1.51278397e-01	2.55542190e-01	2.79225641e-01	1.93894499e-01	7.21800573e-02	2.26571216e-02	5.25549977e-03	7.52979804e-04	2.15751713e-04	9.36563157e-08	1.20663998e-11	5.22644044e-16	7.37244596e-21	3.14233779e-26	4.50446011e-32	2.05509957e-38	5.74511491e-45	2.38228351e-64	7.86595625e-84	
6.4	3.73945058e-35	1.29267973e-29	6.24642097e-24	6.96617269e-20	4.90957319e-16	1.00469001e-12	5.68737093e-10	1.90541375e-07	3.07656538e-05	1.22036025e-03	1.79337297e-02	6.15067722e-02	1.41458589e-01	2.19328581e-01	2.02253128e-01	1.70447664e-01	1.09852255e-01	4.71046183e-02	2.87836334e-02	7.96314840e-05	8.00014192e-08	3.34797871e-11	5.64896554e-15	3.46647341e-19	8.64151971e-24	8.37141860e-29	5.45495137e-34	2.66238048e-53	1.02675684e-72	
6.5	1.28068812e-38	5.92401146e-33	4.07277720e-27	6.57519242e-23	6.83926117e-19	2.06378197e-15	1.78843516e-12	9.38338052e-10	2.41837306e-07	1.49811218e-05	3.74345133e-04	2.43577366e-03	1.09544246e-02	3.48125784e-02	7.20182923e-02	1.45426188e-01	2.26573308e-01	2.37410137e-01	2.66748611e-01	3.21460168e-03	1.64749943e-05	4.18253326e-08	5.13862785e-11	2.68838057e-14	6.79112874e-18	7.79044848e-22	6.54904167e-26	1.11960800e-43	1.16253776e-62	
6.6	2.34467145e-42	1.44670692e-36	1.40447534e-30	3.24417464e-26	4.92159059e-22	2.15900223e-18	2.80585592e-15	2.25001364e-12	9.01719287e-10	8.54381564e-08	3.50273620e-06	4.09035877e-05	3.38801020e-04	2.05846839e-03	8.77435658e-03	3.84772206e-02	1.28114971e-01	2.77617106e-01	5.23287345e-01	2.08846024e-02	3.98319659e-04	4.29086452e-06	2.59819286e-08	7.62321910e-11	1.26532112e-13	1.07615248e-16	7.29195821e-20	3.88692991e-34	1.80248620e-49	
6.7	5.79586884e-46	4.75450661e-40	6.44042843e-34	2.10443852e-29	4.60253472e-25	2.89738195e-21	5.54384453e-18	6.64786228e-15	4.04683243e-12	5.75398582e-10	3.75218777e-08	7.50499733e-07	1.08887619e-05	1.19414822e-04	9.75038457e-04	8.53479748e-03	5.47308701e-02	2.16197392e-01	6.45243312e-01	7.00909846e-02	3.95474282e-03	1.38660906e-04	3.07298111e-06	3.65649775e-08	2.82662581e-10	1.22881468e-12	4.61484199e-15	1.55438715e-26	6.04882403e-39	
6.8	2.16706606e-49	2.35523708e-43	4.41445387e-37	2.01991829e-32	6.29087465e-28	5.61671115e-24	1.55640789e-20	2.73646967e-17	2.47703031e-14	5.19252270e-12	5.24001529e-10	1.72502741e-08	4.19981792e-07	7.91841418e-06	1.16355305e-04	1.89241574e-03	2.14842452e-02	1.41475062e-01	6.44201024e-01	1.65157685e-01	2.33236070e-02	2.19322482e-03	1.42491680e-04	5.38270606e-06	1.48000676e-07	2.45705787e-09	3.79741954e-11	2.27443272e-20	1.96804535e-30	
6.9	1.09434091e-52	1.56997935e-46	4.04786183e-40	2.57121496e-35	1.12674350e-30	1.41169404e-26	5.58288590e-23	1.41419759e-19	1.86753488e-16	5.67822316e-14	8.65415939e-12	4.52938161e-10	1.78289479e-08	5.54248181e-07	1.38994638e-05	3.95376632e-04	7.43975325e-03	7.67998863e-02	5.20770956e-01	2.83292901e-01	8.84706797e-02	1.93513634e-02	3.12633621e-03	3.12174139e-04	2.47856052e-05	1.25333984e-06	6.28460018e-08	2.44458859e-15	1.63801722e-23	
7	6.11061523e-56	1.15267762e-49	4.05763291e-43	3.55150770e-38	2.16649707e-33	3.77292851e-29	2.10150771e-25	7.55222561e-22	1.43027196e-18	6.21430879e-16	1.39973351e-13	1.12991035e-11	6.95972442e-10	3.44041363e-08	1.40782616e-06	6.65832816e-05	1.97443528e-03	3.06377244e-02	3.04440216e-01	3.23803937e-01	2.03596015e-01	9.31100057e-02	3.30645205e-02	7.60242448e-03	1.48478560e-03	1.92107051e-04	2.58026175e-05	2.92646863e-11	6.57013268e-18	
7.1	2.75344005e-59	6.80207506e-53	3.26342751e-46	3.91038167e-41	3.29001879e-36	7.89543129e-32	6.12174969e-28	3.07796495e-24	8.23274568e-21	5.04287430e-18	1.64721966e-15	1.99793106e-13	1.87186342e-11	1.42562504e-09	9.16460899e-08	6.90852721e-06	3.10789556e-04	7.04223117e-03	1.01409899e-01	1.97747280e-01	2.32735997e-01	2.05054013e-01	1.45677435e-01	6.94096999e-02	2.94650472e-02	8.52204184e-03	2.61851836e-03	4.57805238e-08	1.77066735e-13	
7.2	6.73946961e-63	2.17153783e-56	1.41655102e-49	2.31011709e-44	2.65941455e-39	8.72610668e-35	9.31891284e-31	6.47416994e-27	2.41227775e-23	2.05775261e-20	9.58745847e-18	1.70858390e-15	2.37578817e-13	2.71326411e-11	2.65430794e-09	3.07942224e-07	2.04206535e-05	6.62261560e-04	1.37052509e-02	4.65087606e-02	9.66938061e-02	1.53917409e-01	2.03311949e-01	1.84958386e-01	1.54884762e-01	8.99935781e-02	5.53341358e-02	8.97013859e-06	3.52757109e-10	
7.3	8.03522611e-67	3.36293058e-60	2.97107599e-53	6.55479568e-48	1.02532649e-42	4.56756156e-38	6.65416697e-34	6.31651612e-30	3.23831864e-26	3.80429819e-23	2.49219434e-20	6.40009321e-18	1.29346208e-15	2.16358550e-13	3.13614708e-11	5.44111159e-09	5.20487923e-07	2.38189979e-05	7.03436968e-04	3.97681918e-03	1.39256260e-02	3.80171775e-02	8.80667524e-02	1.43386232e-01	2.19198685e-01	2.34759125e-01	2.57683697e-01	2.58037109e-04	6.79141922e-08	
7.4	7.58285485e-71	4.10401807e-64	4.88868477e-57	1.45024353e-51	3.06255322e-46	1.84008263e-41	3.62465416e-37	4.65366472e-33	3.24615099e-29	5.19880235e-26	4.72906398e-23	1.72096669e-20	4.96472035e-18	1.19211299e-15	2.50355261e-13	6.34384802e-11	8.61163377e-09	5.50446788e-07	2.30515949e-05	2.09281603e-04	1.18639546e-03	5.32087624e-03	2.06036835e-02	5.69752008e-02	1.49244206e-01	2.74513847e-01	4.89726900e-01	2.19322285e-03	2.77518367e-06	
7.5	8.64315827e-75	6.02022714e-68	9.62577551e-61	3.81701502e-55	1.08106798e-49	8.70558557e-45	2.29944053e-40	3.95399332e-36	3.71423973e-32	8.03421145e-29	1.00404231e-25	5.10291019e-23	2.06877344e-20	7.00800984e-18	2.09278523e-15	7.59606344e-13	1.44477328e-10	1.27981422e-08	7.55326986e-07	1.06664035e-05	9.47404534e-05	6.73693844e-04	4.19191623e-03	1.88613781e-02	8.03441931e-02	2.39489913e-01	6.46254354e-01	1.00313959e-02	4.69806959e-05	
7.6	1.33932036e-78	1.19438047e-71	2.55249962e-64	1.34520430e-58	5.07503602e-53	5.44522461e-48	1.91310702e-43	4.36533035e-39	5.46850636e-35	1.58380270e-31	2.69457654e-28	1.88869599e-25	1.06151037e-22	4.99697930e-20	2.08841409e-17	1.06831939e-14	2.81810599e-12	3.43787317e-10	2.84178355e-08	6.06789551e-07	8.21825850e-06	8.99711638e-05	8.70901378e-04	6.15558159e-03	4.08670563e-02	1.88327501e-01	7.31017011e-01	3.22093671e-02	4.53756043e-04	
7.7	2.78608605e-82	3.16308084e-75	8.99962975e-68	6.26893060e-62	3.12918129e-56	4.44788596e-51	2.06215793e-46	6.18741412e-42	1.02401440e-37	3.93796089e-34	9.04768977e-31	8.65042024e-28	6.66077609e-25	4.30001656e-22	2.48136412e-19	1.76500776e-16	6.40355139e-14	1.06997442e-11	1.23070273e-09	3.87562083e-08	7.82033393e-07	1.28569186e-05	1.88420106e-04	2.03189077e-03	2.03194940e-02	1.39523599e-01	7.54252916e-01	8.07672762e-02	2.90272557e-03	
7.8	7.39754307e-86	1.06256919e-78	4.01074523e-71	3.67298000e-65	2.40966384e-59	4.51297884e-54	2.73940129e-49	1.07082080e-44	2.31981229e-40	1.17487097e-36	3.62018939e-33	4.67465468e-30	4.87925818e-27	4.26948225e-24	3.36216585e-21	3.28832635e-18	1.62917272e-15	3.71052181e-13	5.89954043e-11	2.68283721e-09	7.90250889e-08	1.90923641e-06	4.13847016e-05	6.64205719e-04	9.73426586e-03	9.68037161e-02	7.14803339e-01	1.64717001e-01	1.32340958e-02	
7.9	2.36810360e-89	4.27458218e-82	2.13385153e-74	2.55576686e-68	2.18892693e-62	5.37330270e-57	4.23747714e-52	2.13807203e-47	6.00751851e-43	3.97436261e-39	1.63209518e-35	2.82051271e-32	3.95225683e-29	4.63657263e-26	4.92905451e-23	6.56541160e-20	4.41472073e-17	1.36425220e-14	2.97860441e-12	1.91960647e-10	8.11068802e-09	2.82630275e-07	8.88099195e-06	2.07666213e-04	4.36291849e-03	6.14894096e-02	6.13125619e-01	2.76217506e-01	4.45877090e-02	
8	8.70794955e-93	1.96100314e-85	1.29083331e-77	2.01156170e-71	2.23424344e-65	7.15139930e-60	7.26840316e-55	4.68973701e-50	1.69322974e-45	1.45127353e-41	7.89757918e-38	1.81082501e-34	3.37521558e-31	5.25557549e-28	7.46719641e-25	1.34355434e-21	1.21917367e-18	5.09005716e-16	1.51616364e-13	1.36078500e-11	8.12277589e-10	4.01707409e-08	1.79835055e-06	6.01637228e-05	1.78036402e-03	3.49790579e-02	4.67745829e-01	3.81812878e-01	1.13619867e-01	
