4	9.98169116e-01	1.83088443e-03	4.17308032e-18	3.06799024e-37	5.76928474e-57	2.43872204e-76	1.07451623e-95	2.94589783e-115	5.61840412e-135	
4.1	9.41193387e-01	5.88066130e-02	7.63504419e-13	6.13108825e-32	1.28335250e-51	5.38160986e-71	2.77373975e-90	8.82597686e-110	1.94400495e-129	
4.2	4.81779388e-01	5.18220605e-01	6.82619757e-09	6.90907430e-24	1.61400572e-43	6.70881089e-63	4.05219309e-82	1.49803811e-101	3.81325725e-121	
4.3	9.54066453e-02	9.04590324e-01	3.03089978e-06	1.55092717e-17	2.11730343e-35	8.45872488e-55	5.99824485e-74	2.57889198e-93	7.59212193e-113	
4.4	2.50021374e-02	9.74741199e-01	2.56663398e-04	1.17524222e-12	2.06243880e-26	7.32400141e-46	6.10791544e-65	3.05701474e-84	1.04160780e-103	
4.5	1.09984159e-02	9.82126313e-01	6.87526514e-03	6.38121633e-09	2.07354077e-19	2.46290431e-36	2.41983131e-55	1.41130952e-74	5.56993261e-94	
4.6	5.78062106e-03	9.24622950e-01	6.95927522e-02	3.67724744e-06	4.59128621e-14	2.66295247e-27	2.51616000e-43	1.71167347e-62	7.83087873e-82	
4.7	2.58739129e-03	6.89065797e-01	3.07992393e-01	3.54418091e-04	4.73401024e-10	2.37896275e-20	1.17356640e-32	9.32215743e-52	4.94832923e-71	
4.8	7.97140051e-04	3.47060083e-01	6.43817436e-01	8.32490713e-03	4.33281165e-07	4.95757923e-15	2.32645861e-24	2.16012870e-43	1.33152235e-62	
4.9	1.84373593e-04	1.30840675e-01	7.96278985e-01	7.26274749e-02	6.84916322e-05	6.28955524e-11	7.25811112e-18	7.88667948e-37	5.65110309e-56	
5	3.37499202e-05	3.90533627e-02	6.58670608e-01	2.99349883e-01	2.89230295e-03	9.38631285e-08	9.08949800e-13	1.15714606e-31	9.64770767e-51	
5.1	4.49716007e-06	8.48278167e-03	3.48965333e-01	6.03586221e-01	3.89378291e-02	2.33309506e-05	8.06454869e-09	1.20432906e-27	1.16970577e-46	
5.2	4.48403316e-07	1.37491044e-03	1.24914582e-01	6.65552065e-01	2.06784450e-01	1.36500933e-03	8.53541656e-06	1.49717884e-24	1.69615475e-43	
5.3	3.40949473e-08	1.68975461e-04	3.13542167e-02	4.36093927e-01	5.06392887e-01	2.43836388e-02	1.60632093e-03	2.42880312e-21	3.21368025e-40	
5.4	1.88073987e-09	1.49440652e-05	5.31599156e-03	1.69656918e-01	6.03725060e-01	1.52471380e-01	6.88157051e-02	9.52036445e-16	7.12638656e-33	
5.5	4.54085073e-11	5.72557620e-07	3.70618432e-04	2.45668947e-02	2.29356535e-01	2.33355313e-01	5.12350067e-01	1.05285140e-11	4.07759200e-25	
5.6	5.17394121e-13	1.02261396e-08	1.15458776e-05	1.47195244e-03	3.18965208e-02	1.05849911e-01	8.60770053e-01	6.20004191e-09	2.26464647e-19	
5.7	7.05018423e-15	2.15552994e-10	4.09961696e-07	9.46448312e-05	4.31848783e-03	3.94782931e-02	9.56107398e-01	7.66397763e-07	6.82938191e-15	
5.8	1.44317058e-16	6.73049739e-12	2.09284177e-08	8.33907345e-06	7.41787987e-04	1.63104096e-02	9.82904226e-01	3.52159822e-05	2.61522289e-11	
5.9	4.40836003e-18	3.09106915e-13	1.53276422e-09	1.01457591e-06	1.65445878e-04	7.84066419e-03	9.91228317e-01	7.64536342e-04	2.01587885e-08	
6	2.01035880e-19	2.08807730e-14	1.61642811e-10	1.72222182e-07	4.89847408e-05	4.57204814e-03	9.86385358e-01	8.98916336e-03	4.27365811e-06	
6.1	1.33336749e-20	2.02083978e-15	2.39507623e-11	4.00039341e-08	1.90590501e-05	3.24374246e-03	9.36328775e-01	6.01073904e-02	3.00992556e-04	
6.2	1.08341920e-21	2.36213082e-16	4.20818424e-12	1.07768142e-08	8.31069366e-06	2.40679516e-03	7.68697809e-01	2.21269823e-01	7.61725133e-03	
6.3	8.44817507e-23	2.61563157e-17	6.89923078e-13	2.65782798e-09	3.21401933e-06	1.48707287e-03	4.86725955e-01	4.37876987e-01	7.39067691e-02	
6.4	5.28000517e-24	2.29426371e-18	8.83918291e-14	5.03399298e-10	9.27327674e-07	6.48420446e-04	2.18458359e-01	4.78101385e-01	3.02790908e-01	
6.5	2.53557590e-25	1.52904760e-19	8.49690458e-15	7.03758834e-11	1.92495570e-07	1.94385920e-04	6.99974632e-02	3.18238535e-01	6.11569423e-01	
6.6	1.10146049e-26	9.12549031e-21	7.22951619e-16	8.57673183e-12	3.40625835e-08	4.80265168e-05	1.93238683e-02	1.65474861e-01	8.15153210e-01	
6.7	5.07942492e-28	5.72862858e-22	6.40178585e-17	1.07330175e-12	6.06573629e-09	1.16732987e-05	5.46691041e-03	8.26482316e-02	9.11873179e-01	
6.8	2.63008835e-29	4.00529190e-23	6.24505166e-18	1.46255376e-13	1.15626065e-09	2.99529605e-06	1.68998961e-03	4.30963209e-02	9.55210693e-01	
6.9	1.53540466e-30	3.13488619e-24	6.74321524e-19	2.18264964e-14	2.38074709e-10	8.23601452e-07	5.75408935e-04	2.39138426e-02	9.75509925e-01	
7	9.98759381e-32	2.71716229e-25	7.98007150e-20	3.53651670e-15	5.26459080e-11	2.42188276e-07	2.13959709e-04	1.40900553e-02	9.85695743e-01	
7.1	7.14682080e-33	2.57646102e-26	1.02414204e-20	6.16217688e-16	1.24135288e-11	7.57746555e-08	8.59837082e-05	8.75467970e-03	9.91159261e-01	
7.2	5.55930089e-34	2.64261623e-27	1.41134926e-21	1.14447372e-16	3.09917077e-12	2.50728513e-08	3.69542573e-05	5.69241220e-03	9.94270608e-01	
7.3	4.65714395e-35	2.90580417e-28	2.07257206e-22	2.25032886e-17	8.14796612e-13	8.72759715e-09	1.68340814e-05	3.84558648e-03	9.96137571e-01	
7.4	4.16962404e-36	3.40110248e-29	3.22374658e-23	4.66045903e-18	2.24528104e-13	3.18054325e-09	8.06793790e-06	2.68352477e-03	9.97308404e-01	
7.5	3.96325161e-37	4.21187421e-30	5.28172295e-24	1.01168132e-18	6.45390721e-14	1.20735176e-09	4.03811810e-06	1.92377584e-03	9.98072185e-01	
7.6	3.97372674e-38	5.48640962e-31	9.06176085e-25	2.28935261e-19	1.92548616e-14	4.74836800e-10	2.09659514e-06	1.40985875e-03	9.98588044e-01	
7.7	4.17834441e-39	7.47737205e-32	1.61991238e-25	5.37537068e-20	5.93664885e-15	1.92609018e-10	1.12268000e-06	1.05186722e-03	9.98947010e-01	
7.8	4.58104518e-40	1.06053247e-32	3.00210010e-26	1.30351263e-20	1.88351524e-15	8.02251724e-11	6.16739683e-07	7.96032722e-04	9.99203350e-01	
7.9	5.20444293e-41	1.55623288e-33	5.73714015e-27	3.24867340e-21	6.12146389e-16	3.41622922e-11	3.45948294e-07	6.09183669e-04	9.99390470e-01	
8	6.09280146e-42	2.35030077e-34	1.12516661e-27	8.28528462e-22	2.02997457e-16	1.48154385e-11	1.97327982e-07	4.70151263e-04	9.99529651e-01	
