4	5.94645357e-01	4.05354488e-01	1.55773907e-07	2.74583647e-20	1.83741734e-39	1.55279079e-58	4.13152083e-78	6.44321891e-98	5.01964702e-118	2.74222727e-138	3.65513338e-159	5.91263751e-180	2.62573830e-200	1.96302206e-220	1.13469483e-240	5.32295741e-261	
4.1	8.24202411e-02	9.17531171e-01	4.85884415e-05	1.59953066e-14	3.97593675e-33	3.97037822e-52	1.31748680e-71	2.34153272e-91	2.03363967e-111	1.26289491e-131	1.89680821e-152	3.41115745e-173	1.52638153e-193	1.31948611e-213	8.80009412e-234	4.74987538e-254	
4.2	1.09307953e-02	9.86637192e-01	2.43201268e-03	3.19302271e-10	1.30890986e-24	1.83994870e-43	7.59524746e-63	1.55306154e-82	1.48433675e-102	1.04744672e-122	1.82963322e-143	3.76196816e-164	1.72670316e-184	1.72893348e-204	1.33189545e-224	8.27726957e-245	
4.3	3.58346013e-03	9.54568528e-01	4.18474038e-02	6.07725000e-07	4.72047735e-18	1.57532202e-32	8.06492611e-52	1.91894121e-71	2.00606459e-91	1.61544902e-111	3.36320659e-132	8.03499197e-153	3.87452598e-173	4.50133718e-193	4.00974272e-213	2.87128014e-233	
4.4	1.92250498e-03	7.42296481e-01	2.55645187e-01	1.35827117e-04	3.55787570e-13	3.76259614e-24	2.38033539e-43	6.64935299e-63	7.63591295e-83	7.08735191e-103	1.79331290e-123	5.00408209e-144	2.60439372e-164	3.51678962e-184	3.62626661e-204	2.99394535e-224	
4.5	8.33379720e-04	3.97364386e-01	5.97138101e-01	4.66413201e-03	1.15517927e-09	7.81477713e-18	6.08437958e-37	1.99644953e-56	2.54072327e-76	2.75235158e-96	8.60002368e-117	2.80204082e-137	1.61138698e-157	2.53338833e-177	3.02700145e-197	2.88340775e-217	
4.6	2.87761989e-04	1.70992431e-01	7.82145730e-01	4.65736435e-02	4.33745452e-07	5.26121422e-13	5.01258977e-32	1.91021294e-51	2.70787029e-71	3.44938447e-91	1.34631141e-111	5.12392545e-132	3.29174190e-152	6.03590638e-172	8.36565866e-192	9.20071561e-212	
4.7	8.40262789e-05	6.43811283e-02	7.23571443e-01	2.11926174e-01	3.72255339e-05	2.94499791e-09	3.40312685e-28	1.47692338e-47	2.32729295e-67	3.46107039e-87	1.69303448e-107	7.54740763e-128	5.37871125e-148	1.15227645e-167	1.85441275e-187	2.35642568e-207	
4.8	1.92939572e-05	1.96588099e-02	4.73507533e-01	5.05826773e-01	9.85316000e-04	2.27414629e-06	5.11328305e-22	2.47736582e-41	4.30606587e-61	7.28643733e-81	4.42272372e-101	2.30806999e-121	1.78836975e-141	4.48381533e-161	8.38739096e-181	1.23226195e-200	
4.9	3.64028737e-06	5.06006369e-03	2.37472757e-01	7.46445648e-01	1.06402099e-02	3.77681672e-04	4.63030697e-16	2.44256182e-31	3.02323778e-50	5.61752162e-70	4.12961965e-90	2.49117431e-110	2.05746144e-130	6.04762188e-150	1.31624557e-169	2.23748545e-189	
5	6.26850583e-07	1.21277404e-03	1.03330259e-01	8.14252150e-01	6.11543907e-02	2.00497992e-02	2.27312761e-11	3.93129233e-23	6.37930589e-38	5.51113200e-56	4.74811063e-76	3.22430438e-96	2.81574044e-116	9.71983997e-136	2.46396268e-155	4.84984288e-175	
5.1	7.23825814e-08	1.97656256e-04	2.89439392e-02	5.05765979e-01	1.54328278e-01	3.10763999e-01	7.57844226e-08	7.99474155e-17	2.43050547e-28	1.76626702e-42	2.95027664e-59	1.28589389e-78	1.19540196e-98	4.85442421e-118	1.43477691e-137	3.27260826e-157	
5.2	2.76314580e-09	1.07349484e-05	2.58697944e-03	9.11344289e-02	9.19949256e-02	8.14259793e-01	1.31355104e-05	2.19292840e-12	2.66246851e-21	2.58050579e-32	1.66781022e-45	7.77907585e-61	6.82949778e-79	3.26848422e-98	1.12756899e-117	2.98282892e-137	
5.3	8.37685043e-11	4.65554635e-07	1.78246982e-04	1.17460866e-02	3.33661018e-02	9.54298685e-01	4.10410243e-04	3.77806520e-09	5.45844392e-16	1.64029706e-24	7.71217226e-35	5.94756201e-47	3.02457612e-61	1.71890534e-76	6.92883480e-96	2.12762845e-115	
5.4	3.83853561e-12	3.06317234e-08	1.81179130e-05	2.10491948e-03	1.48373963e-02	9.77383057e-01	5.65519838e-03	1.28016471e-06	8.61052691e-12	2.54168539e-18	2.32878197e-26	6.83413078e-36	3.64161127e-47	4.12592635e-59	1.94554927e-78	6.94144882e-98	
5.5	2.73116831e-13	3.13640475e-09	2.80425583e-06	5.48002415e-04	8.68798609e-03	9.47038328e-01	4.35927017e-02	1.30154510e-04	1.96672559e-08	2.31541875e-13	1.47004208e-19	5.16413877e-27	7.44874691e-36	3.73699745e-45	2.06384131e-64	8.56401222e-84	
5.6	2.35454326e-14	3.89482603e-10	5.17184271e-07	1.63650157e-04	5.39153773e-03	7.97079308e-01	1.92723949e-01	4.63219730e-03	8.83780734e-06	2.03898374e-09	3.98102083e-14	6.71973183e-20	8.97102741e-27	6.03026152e-34	3.90535686e-53	1.88682813e-72	
5.7	1.76290358e-15	4.19563413e-11	8.14798928e-08	4.04743393e-05	2.59259765e-03	4.89509853e-01	4.48723730e-01	5.82530580e-02	8.77963669e-04	2.24143945e-06	7.06066844e-10	2.78100639e-14	1.46221694e-19	5.09217409e-25	3.87237573e-44	2.18088293e-63	
5.8	9.24955920e-17	3.15799961e-12	8.85915283e-09	6.73105242e-06	7.90613306e-04	1.91795193e-01	5.20683479e-01	2.64965619e-01	2.13791038e-02	3.78110522e-04	1.14047481e-06	5.90054093e-10	6.15235460e-14	5.21535783e-18	4.66364824e-37	3.06576929e-56	
5.9	3.17954195e-18	1.54910200e-13	6.21237268e-10	7.05980549e-07	1.44231517e-04	4.60445902e-02	3.09244008e-01	4.80850908e-01	1.50857044e-01	1.26197479e-02	2.37743358e-04	1.01929444e-06	1.20743459e-09	1.36658610e-12	9.44595759e-31	7.25774690e-50	
6	7.22056095e-20	4.98452189e-15	2.83059838e-11	4.71759072e-08	1.59958109e-05	6.88246469e-03	1.00532685e-01	3.96434150e-01	3.76328769e-01	1.10398792e-01	9.18023270e-03	2.24923978e-04	1.92097436e-06	1.80036570e-08	7.79582906e-23	5.60888795e-39	
6.1	1.10046051e-21	1.06817526e-16	8.51625743e-13	2.04622402e-09	1.10504886e-06	6.52874727e-04	1.89022960e-02	1.64872499e-01	3.92659787e-01	3.22926502e-01	9.02108727e-02	9.35410948e-03	3.98794041e-04	2.11581124e-05	1.00749218e-16	1.44665163e-29	
6.2	1.11085594e-23	1.50527390e-18	1.67208574e-14	5.70404411e-11	4.73721357e-08	3.89318622e-05	2.08496501e-03	3.63882882e-02	1.89673280e-01	3.71518968e-01	2.83426266e-01	9.78365766e-02	1.55763354e-02	3.45634185e-03	4.54383425e-12	2.88716058e-22	
6.3	6.35373462e-26	1.19317630e-20	1.83068731e-16	8.74629840e-13	1.08464648e-09	1.24965660e-06	1.17356619e-04	3.80272050e-03	3.92861225e-02	1.62773580e-01	2.90654812e-01	2.76397251e-01	1.31311537e-01	9.56553574e-02	1.15784609e-08	9.83964047e-17	
6.4	1.61598396e-28	4.17386475e-23	8.75897976e-19	5.79018919e-15	1.04649493e-11	1.69638499e-08	2.67756446e-06	1.52051114e-04	2.89147082e-03	2.32114625e-02	8.65230806e-02	1.95570490e-01	2.33512930e-01	4.58133689e-01	2.13151641e-06	9.36541508e-13	
6.5	3.00649933e-31	1.06014327e-25	3.01383935e-21	2.72758279e-17	7.04428700e-14	1.60714564e-10	4.11723140e-08	3.91101367e-06	1.29262579e-04	1.88013703e-03	1.34229067e-02	6.43083188e-02	1.69001015e-01	7.51187598e-01	6.68091721e-05	7.13348539e-10	
6.6	7.52229161e-34	3.59676715e-28	1.37382817e-23	1.68701761e-19	6.12831633e-16	1.96444589e-12	7.92786030e-10	1.21273407e-07	6.64857799e-06	1.66198500e-04	2.12640031e-03	1.97317278e-02	1.02657783e-01	8.74465683e-01	8.45315842e-04	1.20475287e-07	
6.7	2.95953385e-36	1.90724541e-30	9.72171549e-26	1.60719563e-21	8.10789330e-18	3.63951061e-14	2.25457716e-11	5.38495139e-09	4.71617905e-07	1.94030977e-05	4.21770483e-04	7.04600084e-03	6.64683291e-02	9.19953597e-01	6.08322724e-03	7.19483077e-06	
6.8	1.76716228e-38	1.52672604e-32	1.03313095e-27	2.28382440e-23	1.58336855e-19	9.90989560e-16	9.20996304e-13	3.34834058e-10	4.54464769e-08	2.97041103e-06	1.05059604e-04	2.97081826e-03	4.71388476e-02	9.21066315e-01	2.85239126e-02	1.92030413e-04	
6.9	1.43318301e-40	1.65224487e-34	1.47830454e-29	4.34318259e-25	4.10269700e-21	3.56132665e-17	4.86549221e-14	2.63465634e-11	5.40627815e-09	5.45352034e-07	3.03113050e-05	1.37799541e-03	3.44964155e-02	8.68200064e-01	9.32425593e-02	2.65210325e-03	
7	1.37577737e-42	2.10740334e-36	2.48376785e-31	9.64485264e-27	1.23209470e-22	1.47490968e-18	2.90938950e-15	2.30261792e-12	6.99387822e-10	1.06261785e-07	9.02293724e-06	6.32122245e-04	2.37033018e-02	7.36494512e-01	2.18435931e-01	2.07250023e-02	
7.1	1.36196596e-44	2.75994696e-38	4.26759739e-33	2.17896935e-28	3.73957839e-24	6.13676825e-20	1.72045222e-16	1.95762234e-13	8.64101707e-11	1.93645695e-08	2.45354530e-06	2.55976172e-04	1.38265307e-02	5.25616213e-01	3.64638561e-01	9.56602467e-02	
7.2	1.24776476e-46	3.33102558e-40	6.72987747e-35	4.49743159e-30	1.03070106e-25	2.30476537e-21	9.05999543e-18	1.46062968e-14	9.22159713e-12	2.99348967e-09	5.54719724e-07	8.38639508e-05	6.34830684e-03	2.97577362e-01	4.28363672e-01	2.67626237e-01	
7.3	1.04010070e-48	3.64317745e-42	9.58173604e-37	8.34536589e-32	2.53942792e-27	7.69198159e-23	4.19037782e-19	9.44979311e-16	8.41381080e-13	3.89472973e-10	1.03750850e-07	2.22489631e-05	2.31792254e-03	1.35856666e-01	3.71589239e-01	4.90213819e-01	
7.4	8.46822442e-51	3.87795147e-44	1.32313477e-38	1.49632691e-33	6.01399451e-29	2.45352944e-24	1.83386330e-20	5.72278565e-17	7.09895933e-14	4.62176491e-11	1.74366354e-08	5.21710492e-06	7.39694907e-04	5.50107194e-02	2.67606468e-01	6.76637883e-01	
7.5	7.27348571e-53	4.34035588e-46	1.91540880e-40	2.80370324e-35	1.48124701e-30	8.09497053e-26	8.22919387e-22	3.52101870e-18	6.02287564e-15	5.45049090e-12	2.87466508e-09	1.18462696e-06	2.27017389e-04	2.17021703e-02	1.78393265e-01	7.99676360e-01	
7.6	6.86072089e-55	5.32023495e-48	3.02864189e-42	5.72213350e-37	3.95710871e-32	2.88189334e-27	3.95508195e-23	2.30190228e-19	5.38326027e-16	6.70461185e-13	4.88988933e-10	2.74808122e-07	7.08545222e-05	8.79796292e-03	1.17190793e-01	8.73940114e-01	
7.7	7.19781811e-57	7.23569792e-50	5.30104851e-44	1.28965857e-38	1.16293831e-33	1.12326577e-28	2.06767845e-24	1.62540799e-20	5.15761133e-17	8.76643171e-14	8.75956625e-11	6.66183507e-08	2.30367760e-05	3.74270372e-03	7.79992398e-02	9.18234953e-01	
7.8	8.38337290e-59	1.09024860e-51	1.02603685e-45	3.20810181e-40	3.75972385e-35	4.79441031e-30	1.17701513e-25	1.24190713e-21	5.31118185e-18	1.22287826e-14	1.66077458e-11	1.69898865e-08	7.85970627e-06	1.67903207e-03	5.31137728e-02	9.45199318e-01	
7.9	1.07856742e-60	1.81105269e-53	2.18579154e-47	8.76734885e-42	1.33159479e-36	2.23251543e-31	7.27233098e-27	1.02409250e-22	5.86666243e-19	1.81761358e-15	3.33120481e-12	4.56026217e-09	2.81564640e-06	7.93063671e-04	3.70808433e-02	9.62123273e-01	
8	1.52036822e-62	3.29108520e-55	5.08774425e-49	2.61423143e-43	5.13309977e-38	1.12721327e-32	4.84910558e-28	9.06704640e-24	6.91967206e-20	2.86749442e-16	7.04658274e-13	1.28486570e-09	1.05620919e-06	3.92690918e-04	2.65097263e-02	9.73096525e-01	
