4	6.55241291e-01	3.44758709e-01	8.41467005e-10	6.28687736e-25	7.08891748e-45	2.97478703e-64	1.56939437e-83	4.13782527e-103	1.78608593e-123	9.59332865e-144	3.21761820e-164	1.64752596e-184	3.80008294e-205	8.70839641e-226	5.51164329e-246	2.73029340e-266	1.11199992e-286	
4.1	1.11108242e-01	8.88890908e-01	8.50199274e-07	3.11443531e-18	1.86648942e-35	7.79946272e-55	4.84198083e-74	1.51174899e-93	7.87041330e-114	4.01859245e-134	1.61824687e-154	9.69823126e-175	2.49857819e-195	6.18276302e-216	4.51956361e-236	2.58083806e-256	1.20910661e-276	
4.2	1.39812765e-02	9.85904352e-01	1.14371751e-04	3.72801372e-13	2.29163267e-26	9.17680871e-46	6.71506564e-65	2.49121337e-84	1.58655800e-104	7.97185208e-125	3.82214704e-145	2.67395203e-165	7.85117163e-186	2.15916936e-206	1.82624491e-226	1.20353560e-246	6.49016176e-267	
4.3	2.99791371e-03	9.91953741e-01	5.04834193e-03	3.66559123e-09	3.63564325e-19	5.93868857e-36	5.13017326e-55	2.26727947e-74	1.78427597e-94	9.16282015e-115	5.14360624e-135	4.11686108e-155	1.38349332e-175	4.31129113e-196	4.22634166e-216	3.21810832e-236	1.99882505e-256	
4.4	1.27666007e-03	9.19332179e-01	7.93871841e-02	3.97658510e-06	1.36496377e-13	1.10012164e-26	9.18268122e-43	4.84114362e-62	4.74621923e-82	2.57876622e-102	1.66694649e-122	1.47608828e-142	5.59166709e-163	2.00188568e-183	2.27839124e-203	2.00668596e-223	1.43663084e-243	
4.5	6.16376589e-04	6.12451430e-01	3.86449707e-01	4.82484963e-04	1.55402924e-09	9.40137728e-20	4.47135070e-32	2.80987287e-51	3.45622071e-71	2.04813079e-91	1.51198198e-111	1.43615310e-131	5.97500872e-152	2.48296572e-172	3.28660682e-192	3.35186769e-212	2.76785111e-232	
4.6	2.22844632e-04	2.75656819e-01	7.14351437e-01	9.76786793e-03	1.03135466e-06	1.14318619e-14	5.54354065e-24	4.13080525e-43	6.41738299e-63	4.26205950e-83	3.59880056e-103	3.61430593e-123	1.61909507e-143	7.84255302e-164	1.20939334e-183	1.42972886e-203	1.36268477e-223	
4.7	6.92212983e-05	1.08272697e-01	8.22576984e-01	6.89714628e-02	1.09635111e-04	7.77760669e-11	9.79624542e-18	8.56015853e-37	1.68929381e-56	1.28875024e-76	1.25072810e-96	1.32903484e-116	6.38989776e-137	3.57917311e-157	6.44141657e-177	8.83632600e-197	9.72649481e-217	
4.8	1.88298290e-05	3.85135529e-02	7.09233445e-01	2.48824895e-01	3.40920792e-03	6.95409199e-08	7.67252425e-13	7.74103239e-32	1.94503188e-51	1.73710090e-71	1.93309768e-91	2.17590716e-111	1.13405283e-131	7.19074774e-152	1.51291795e-171	2.41087094e-191	3.06703171e-211	
4.9	4.09996257e-06	1.12914413e-02	4.44446853e-01	5.04617356e-01	3.96277421e-02	1.25022254e-05	5.09077526e-09	4.18704560e-25	1.32564369e-44	1.39334639e-64	1.75039119e-84	2.06243806e-104	1.17793024e-124	8.23785051e-145	2.02972712e-164	3.76105236e-184	5.53372621e-204	
5	6.69732557e-07	2.54161646e-03	1.96238034e-01	6.01575487e-01	1.99042021e-01	5.97656668e-04	4.51506319e-06	2.15047292e-18	8.97814212e-34	1.94209936e-52	2.68970204e-72	3.24111252e-92	2.02988195e-112	1.53907192e-132	4.44857045e-152	9.59550150e-172	1.63402781e-191	
5.1	8.06529021e-08	4.32046955e-04	6.10057639e-02	4.41875551e-01	4.86440457e-01	9.47758639e-03	7.68514428e-04	3.57032345e-13	4.77852249e-25	1.11500803e-39	4.04932662e-57	4.89380090e-77	3.32753172e-97	2.73084261e-117	9.27595995e-137	2.33152192e-156	4.59875327e-176	
5.2	7.56655926e-09	5.82357706e-05	1.41830023e-02	2.19333277e-01	6.68866783e-01	6.24598665e-02	3.50988243e-02	3.70475211e-09	2.89215812e-18	1.08931731e-29	2.29385909e-43	3.39215519e-59	2.13118907e-77	1.91602002e-97	7.66162835e-117	2.24648244e-136	5.13634323e-156	
5.3	4.06575211e-10	4.53305864e-06	1.82265374e-03	5.56214444e-02	4.07410675e-01	1.43742471e-01	3.91395326e-01	2.89658299e-06	3.47060503e-13	4.72365527e-22	1.00423470e-32	3.36962159e-45	1.25410271e-59	2.08790283e-76	2.91951930e-94	9.99698430e-114	2.65179031e-133	
5.4	8.49971338e-12	1.37553746e-07	8.80097130e-05	4.97807101e-03	7.83658959e-02	8.67777576e-02	8.29616733e-01	1.73394369e-04	1.14588517e-09	1.75169860e-16	9.40683412e-25	1.53073147e-34	5.95534088e-46	3.10311812e-59	2.70234768e-73	1.08184782e-92	3.33224858e-112	
5.5	1.80876327e-13	4.25545845e-09	4.22405692e-06	4.21213652e-04	1.30688551e-02	3.93637664e-02	9.44341352e-01	2.80012077e-03	4.63393311e-07	3.19159981e-12	1.44558653e-18	3.37762305e-26	3.50632192e-35	1.17587731e-45	1.12089498e-56	5.25255379e-76	1.88047895e-95	
5.6	5.98981675e-15	2.05116697e-10	3.08651401e-07	5.21120455e-05	2.97930663e-03	2.18163672e-02	9.51635041e-01	2.34649003e-02	5.19557792e-05	7.82627954e-09	1.25570401e-13	1.61238455e-19	1.52130254e-26	9.37518910e-35	2.45752259e-43	1.34961974e-62	5.62201008e-82	
5.7	2.67327522e-16	1.33303377e-11	3.00638185e-08	8.31108354e-06	8.30729583e-04	1.34796404e-02	8.67708099e-01	1.15910029e-01	2.05937756e-03	3.78262804e-06	1.07715458e-09	3.54993571e-14	1.29850582e-19	5.43558191e-26	1.30743958e-32	8.42639585e-52	4.08869710e-71	
5.8	1.23065621e-17	8.93804089e-13	2.96835765e-09	1.30580395e-06	2.18797381e-04	7.25819778e-03	6.34744017e-01	3.26657654e-01	3.06938844e-02	4.24914686e-04	1.22539618e-06	5.62526564e-10	4.05190402e-14	5.20629685e-19	4.80169493e-24	3.63654569e-43	2.05791731e-62	
5.9	4.60447399e-19	4.86221237e-14	2.33660193e-10	1.59508278e-07	4.32681271e-05	2.73136846e-03	3.19688828e-01	4.89906376e-01	1.75102547e-01	1.22998756e-02	2.26696325e-04	8.79937569e-07	7.25582406e-10	1.50834708e-13	2.66560909e-17	2.37576567e-36	1.57002754e-55	
6	1.20311641e-20	1.83832304e-15	1.27769894e-11	1.32309229e-08	5.63986149e-06	6.35762528e-04	1.00496563e-01	3.81057229e-01	4.04140167e-01	1.04944337e-01	8.53310555e-03	1.86045727e-04	1.13409617e-06	2.26322838e-09	4.41498283e-12	1.10189036e-28	3.82497917e-47	
6.1	2.13126682e-22	4.67856454e-17	4.64493770e-13	7.14653883e-10	4.66310605e-07	8.88195544e-05	1.92328797e-02	1.58397935e-01	4.16089743e-01	3.13825844e-01	8.46589924e-02	7.46609786e-03	2.36224660e-04	2.95552221e-06	4.10327174e-08	2.97304599e-21	5.66805861e-36	
6.2	2.53367722e-24	7.92082306e-19	1.11395749e-14	2.50010564e-11	2.43996717e-08	7.49435951e-06	2.25168382e-03	3.67170524e-02	2.09667856e-01	3.84731115e-01	2.79206196e-01	7.72976340e-02	9.55158719e-03	5.32272865e-04	3.70843664e-05	1.60404536e-15	3.02413446e-27	
6.3	1.96581071e-26	8.67373612e-21	1.71115971e-16	5.51126116e-13	7.88067440e-10	3.75491013e-07	1.57998682e-04	4.76338595e-03	5.37501635e-02	2.11052656e-01	3.54040323e-01	2.54587590e-01	9.80773492e-02	1.86370635e-02	4.93309374e-03	3.62608897e-11	1.73183027e-20	
6.4	8.26182024e-29	5.10046542e-23	1.40245032e-18	6.39002508e-15	1.31469571e-11	9.41279323e-09	5.57849128e-06	2.94998750e-04	6.12526632e-03	4.68677389e-02	1.62723198e-01	2.64206542e-01	2.66115882e-01	1.40610009e-01	1.13050726e-01	5.20266676e-08	2.13376996e-15	
6.5	1.56360224e-31	1.33982734e-25	5.07418303e-21	3.22963431e-17	9.41011282e-14	9.86551904e-11	8.25327310e-08	7.33826689e-06	2.65264332e-04	3.68802027e-03	2.44060603e-02	8.06334031e-02	1.85267311e-01	2.33070971e-01	4.72655402e-01	6.14691585e-06	9.16693857e-12	
6.6	2.33384103e-34	2.75368373e-28	1.41938303e-23	1.24845443e-19	5.07993205e-16	7.63733810e-13	9.01445959e-10	1.30155940e-07	7.82963290e-06	1.87264004e-04	2.21740182e-03	1.37776711e-02	6.49468797e-02	1.72456279e-01	7.46261569e-01	1.44970414e-04	3.97316387e-09	
6.7	4.73203492e-37	7.62721309e-31	5.34819648e-26	6.44026547e-22	3.61609368e-18	7.66781582e-15	1.27423806e-11	2.89989516e-09	2.79788743e-07	1.10093020e-05	2.21747690e-04	2.43700188e-03	2.16668943e-02	1.10139700e-01	8.64027945e-01	1.49498047e-03	4.38187703e-07	
6.8	1.49390649e-39	3.26265236e-33	3.08191810e-28	5.03976058e-24	3.86626123e-20	1.14099044e-16	2.66078509e-13	9.29931146e-11	1.39629167e-08	8.72069882e-07	2.86691075e-05	5.30337880e-04	8.29677151e-03	7.43630982e-02	9.07600314e-01	9.16123192e-03	1.86916474e-05	
6.9	6.98285316e-42	2.05009661e-35	2.59121313e-30	5.71276832e-26	5.93652301e-22	2.41211093e-18	7.85935350e-15	4.12203069e-12	9.39510673e-10	9.04833692e-08	4.69343194e-06	1.40369885e-04	3.64434817e-03	5.36695067e-02	9.04340929e-01	3.78178589e-02	3.82202881e-04	
7	4.31655010e-44	1.69001185e-37	2.84410668e-32	8.40013689e-28	1.17376568e-23	6.50880835e-20	2.94800185e-16	2.27336548e-13	7.70023961e-11	1.11677563e-08	8.88929582e-07	4.15975827e-05	1.70716566e-03	3.89424536e-02	8.43241434e-01	1.11790514e-01	4.27593493e-03	
7.1	3.10489779e-46	1.60812373e-39	3.58248879e-34	1.40907069e-29	2.63015929e-25	1.97552372e-21	1.23663219e-17	1.37710575e-14	6.80388369e-12	1.45597672e-09	1.73700534e-07	1.23810733e-05	7.72091066e-04	2.60436423e-02	7.03198601e-01	2.41710780e-01	2.82623292e-02	
7.2	2.28622589e-48	1.55357063e-41	4.56300477e-36	2.37702326e-31	5.89320701e-27	5.95595175e-23	5.12246330e-19	8.10707707e-16	5.74899782e-13	1.78325601e-10	3.12458412e-08	3.31570906e-06	3.04427990e-04	1.46759337e-02	4.92023441e-01	3.78732110e-01	1.14260740e-01	
7.3	1.57112310e-50	1.38874499e-43	5.37800119e-38	3.69161692e-33	1.20902207e-28	1.63432995e-24	1.91957949e-20	4.25868684e-17	4.27266139e-14	1.89141157e-11	4.78297820e-09	7.40920934e-07	9.77007623e-05	6.57492298e-03	2.75881154e-01	4.27135145e-01	2.90310331e-01	
7.4	1.01489273e-52	1.15615308e-45	5.85526782e-40	5.27244903e-35	2.27029550e-30	4.08199241e-26	6.50917241e-22	2.00042023e-18	2.80416305e-15	1.74739691e-12	6.28055733e-10	1.39646363e-07	2.59438770e-05	2.39973326e-03	1.27571057e-01	3.66723538e-01	5.03279588e-01	
7.5	6.57289963e-55	9.55846393e-48	6.30988594e-42	7.42331505e-37	4.18461593e-32	9.95566355e-28	2.14329190e-23	9.03227220e-20	1.75021409e-16	1.51711455e-13	7.64856375e-11	2.40517645e-08	6.20281351e-06	7.80981450e-04	5.32451044e-02	2.67394207e-01	6.78573480e-01	
7.6	4.56254237e-57	8.38364562e-50	7.19790356e-44	1.10258835e-38	8.10619033e-34	2.53964684e-29	7.34197649e-25	4.20544879e-21	1.11631027e-17	1.33265659e-14	9.31739824e-12	4.09145159e-09	1.44779545e-06	2.46543344e-04	2.17841119e-02	1.82114862e-01	7.95853031e-01	
7.7	3.52110459e-59	8.08920805e-52	8.99868916e-46	1.78953374e-40	1.71044998e-35	7.02629391e-31	2.71397370e-26	2.09714729e-22	7.56663397e-19	1.23348718e-15	1.18458593e-12	7.18555922e-10	3.45759380e-07	7.92800850e-05	9.15082030e-03	1.22337919e-01	8.68431634e-01	
7.8	3.04896400e-61	8.66280136e-54	1.24539141e-47	3.20690633e-42	3.97385916e-37	2.13218000e-32	1.09522128e-27	1.13442706e-23	5.52501425e-20	1.22092884e-16	1.59735630e-13	1.32636186e-10	8.61810762e-08	2.65190424e-05	4.02027264e-03	8.30830918e-02	9.12870030e-01	
7.9	2.96599358e-63	1.03034203e-55	1.90625496e-49	6.34199927e-44	1.01642970e-38	7.09985242e-34	4.82800887e-29	6.66609833e-25	4.35542171e-21	1.29605303e-17	2.29330348e-14	2.58613281e-11	2.25614865e-08	9.28985481e-06	1.85584359e-03	5.75646542e-02	9.40570190e-01	
8	3.21613654e-65	1.35036712e-57	3.21095403e-51	1.37766058e-45	2.85003503e-40	2.58407346e-35	2.31681293e-30	4.24239623e-26	3.69753309e-22	1.47278912e-18	3.50164077e-15	5.32473597e-12	6.20599358e-09	3.41013268e-06	8.99016085e-04	4.07804798e-02	9.58317088e-01	
