4	1.69454937e-01	8.20509516e-01	1.00355476e-02	2.15698777e-11	2.21036816e-30	1.73525527e-49	9.97559799e-69	3.42286508e-88	3.83591658e-109	5.91305429e-130	1.45882473e-150	1.75834044e-170	1.32415125e-190	5.18279091e-211	8.66006802e-232	1.15928195e-252	3.69127539e-273	1.07211019e-293	1.00000000e-300	1.00000000e-300	1.00000000e-300	1.00000000e-300	
4.1	4.20185347e-02	8.59955014e-01	9.80263401e-02	1.10969200e-07	1.34366426e-26	1.26605508e-45	8.77620325e-65	3.63313597e-84	4.77943587e-105	7.30264617e-126	1.82977855e-146	2.56627333e-166	2.22902226e-186	1.01296172e-206	1.96764188e-227	2.72432244e-248	8.74020674e-269	2.62452908e-289	1.00000000e-300	1.00000000e-300	1.00000000e-300	1.00000000e-300	
4.2	1.21737139e-02	7.09297681e-01	2.78479551e-01	4.90548887e-05	7.01846921e-24	7.93711036e-43	6.63360665e-62	3.31332434e-81	5.05735226e-102	7.78090106e-123	2.02201114e-143	3.30604656e-163	3.32901678e-183	1.77235627e-203	3.96083820e-224	5.76742705e-245	1.85221499e-265	5.57845674e-286	1.00000000e-300	1.00000000e-300	1.00000000e-300	1.00000000e-300	
4.3	3.69319335e-03	4.91895120e-01	4.99390155e-01	5.02153190e-03	8.94676844e-19	1.21417480e-37	1.22362116e-56	7.37343270e-76	1.29942068e-96	2.05247303e-117	5.66152604e-138	1.08116605e-157	1.26549858e-177	7.95260841e-198	2.03552904e-218	3.20273309e-239	1.03718808e-259	3.09710079e-280	1.00000000e-300	1.00000000e-300	1.00000000e-300	1.00000000e-300	
4.4	9.51534252e-04	2.56463675e-01	5.97436286e-01	1.45148505e-01	2.28722986e-13	3.26591334e-29	3.96830297e-48	2.88289355e-67	5.89211402e-88	9.81086971e-109	2.94629560e-129	6.58360653e-149	8.95290271e-169	6.65841344e-189	1.93738752e-209	3.38508819e-230	1.12230230e-250	3.34855680e-271	9.81923875e-292	1.00000000e-300	1.00000000e-300	1.00000000e-300	
4.5	1.00008978e-04	5.05667299e-02	2.50732310e-01	6.98600949e-01	1.59635275e-09	1.87487208e-21	8.10773274e-37	7.01482327e-56	1.67534171e-76	3.02883899e-97	1.01282026e-117	2.65302876e-137	4.18188358e-157	3.66896261e-177	1.19736395e-197	2.37421468e-218	8.17341875e-239	2.47439415e-259	8.10877978e-280	5.32806346e-300	1.00000000e-300	1.00000000e-300	
4.6	6.07750452e-06	5.46603311e-03	5.47170345e-02	9.39810129e-01	7.25972958e-07	8.48485217e-16	2.04413619e-27	4.81475315e-43	5.19366852e-63	1.04179659e-83	3.90405316e-104	1.20091457e-123	2.19097016e-143	2.25311096e-163	8.13749987e-184	1.85961742e-204	6.71075537e-225	2.08778128e-245	7.63747908e-266	5.82036205e-286	1.00000000e-300	1.00000000e-300	
4.7	5.19748077e-07	7.97780388e-04	1.54876436e-02	9.83643334e-01	7.07226969e-05	1.14789732e-11	2.33757185e-20	1.87703277e-32	3.33756661e-48	2.86234206e-66	1.17232227e-86	4.24231842e-106	8.97028824e-126	1.07601279e-145	4.28110445e-166	1.14104972e-186	4.35199558e-207	1.40432255e-227	5.70630861e-248	5.05161881e-268	3.60392296e-288	1.00000000e-300	
4.8	7.16352254e-08	1.81407764e-04	6.60123452e-03	9.91498043e-01	1.71923303e-03	1.05465994e-08	3.06465680e-15	1.05064256e-24	4.14489667e-37	2.27186894e-51	1.99242781e-69	8.49649385e-89	2.09077559e-108	2.92354834e-128	1.29131994e-148	4.05998848e-169	1.65652963e-189	5.60471523e-210	2.51163578e-230	2.58755463e-250	2.13900523e-270	1.47192763e-290	
4.9	1.49158664e-08	6.05821527e-05	4.00202958e-03	9.82029258e-01	1.39066206e-02	1.49495311e-06	1.57397640e-11	5.57051280e-19	9.84215429e-29	5.68645745e-40	2.74711992e-54	1.71912790e-69	4.94343196e-89	8.07315003e-109	4.02670958e-129	1.51022375e-149	6.70376308e-170	2.41594460e-190	1.18550694e-210	1.42370744e-230	1.36501192e-250	1.08454785e-270	
5	3.97421087e-09	2.52512410e-05	2.93682283e-03	9.34875791e-01	6.20934347e-02	6.86845346e-05	1.14973405e-08	1.62076827e-14	3.66733427e-22	5.36132325e-31	2.42771992e-42	3.64851540e-54	1.22396437e-73	2.32648617e-93	1.33475971e-113	6.01866667e-134	2.95467191e-154	1.15434908e-174	6.16540661e-195	8.64580025e-215	9.62473171e-235	8.83570339e-255	
5.1	1.10889658e-09	1.07778822e-05	2.14466282e-03	8.08021755e-01	1.88389198e-01	1.43135367e-03	2.25108252e-06	6.29389494e-11	6.93122354e-17	8.41392863e-24	9.02506357e-33	6.95375836e-42	2.68526350e-61	5.82764769e-81	3.88458051e-101	2.10466518e-121	1.15292532e-141	4.94647899e-162	2.86569665e-182	4.70056040e-202	6.08179741e-222	6.45550670e-242	
5.2	2.74574674e-10	4.00053066e-06	1.32745424e-03	5.86341281e-01	3.97069158e-01	1.51055086e-02	1.52548413e-04	4.94997761e-08	1.25625387e-12	5.33134265e-18	4.65136788e-25	5.38446390e-32	2.33457505e-51	5.57403971e-71	4.28904256e-91	2.76106770e-111	1.68594229e-131	7.98079193e-152	5.02410571e-172	9.65598531e-192	1.45353605e-211	1.78523219e-231	
5.3	5.50703317e-11	1.18075662e-06	6.38171045e-04	3.35660457e-01	5.74304746e-01	8.52586935e-02	4.12653045e-03	1.02180578e-05	3.34421138e-09	2.53157104e-13	7.78896953e-19	5.10519098e-24	1.57851576e-40	3.95051131e-59	3.43702046e-79	2.58480895e-99	1.74826442e-119	9.12741162e-140	6.30172026e-160	1.42157961e-179	2.49225037e-199	3.54450865e-219	
5.4	8.28596360e-12	2.57172306e-07	2.21652284e-04	1.41375290e-01	5.48592191e-01	2.61061352e-01	4.80948299e-02	6.52675556e-04	1.75061835e-06	1.39748198e-09	7.85720908e-14	1.34319910e-17	1.86360263e-30	4.60771966e-45	9.59214046e-62	1.48753830e-80	1.11060049e-100	6.40780345e-121	4.93477355e-141	1.30888906e-160	2.67529701e-180	4.40936992e-200	
5.5	8.10908119e-13	3.59056146e-08	4.83979093e-05	3.82410575e-02	3.09062378e-01	4.03425113e-01	2.35539853e-01	1.34744972e-02	2.07510702e-04	1.15660160e-06	7.08518646e-10	1.71438659e-12	1.93960560e-22	7.34524275e-34	5.03733198e-47	6.75803207e-62	2.41799045e-78	1.82399705e-96	1.60168339e-116	5.00400959e-136	1.19373305e-155	2.28203604e-175	
5.6	4.75836764e-14	2.96932788e-09	6.14674288e-06	6.15501121e-03	9.67381430e-02	3.06029586e-01	4.88772810e-01	9.57163578e-02	6.40093425e-03	1.80187110e-04	8.03985075e-07	1.70438676e-08	4.02533041e-16	5.36360174e-25	2.40531630e-35	4.57341496e-47	4.17326761e-60	1.53754850e-74	1.42296448e-90	2.37001620e-107	6.60613278e-127	1.46604220e-146	
5.7	1.80825824e-15	1.57210616e-10	4.91250362e-07	6.38467617e-04	1.84513603e-02	1.28121115e-01	4.97087451e-01	2.82352376e-01	6.58764537e-02	7.27640052e-03	1.74213519e-04	2.16712454e-05	3.57191290e-11	5.20350314e-18	4.27786503e-26	2.74616726e-35	1.35259157e-45	4.54690544e-57	8.08393257e-70	4.01976929e-83	1.31069461e-102	3.37990822e-122	
5.8	4.30478926e-17	5.15453034e-12	2.39255781e-08	4.12771413e-05	2.09354790e-03	2.94469077e-02	2.51921357e-01	3.64026971e-01	2.49793760e-01	8.90766343e-02	9.11457735e-03	4.48472913e-03	2.13464325e-07	1.33286455e-12	7.34177412e-19	5.07153764e-26	3.94157263e-34	3.19992997e-43	2.49660764e-53	7.57604617e-64	2.89316664e-83	8.67802467e-103	
5.9	4.65810529e-19	7.59018024e-14	5.15667648e-10	1.19726489e-06	1.02533746e-04	2.73675801e-03	4.76793808e-02	1.57931093e-01	2.79113259e-01	2.76510392e-01	1.01194111e-01	1.34640677e-01	9.05856567e-05	1.13674802e-08	1.86628080e-13	5.54385435e-19	2.55718276e-25	1.74501415e-32	1.84431708e-40	9.67596926e-49	4.33336435e-68	1.51352183e-87	
6	1.66347991e-21	3.64534940e-16	3.57698739e-12	1.11806322e-08	1.56420160e-06	7.50980191e-05	2.49615496e-03	1.74356962e-02	7.15012495e-02	1.74784583e-01	1.95894163e-01	5.34958163e-01	2.84945021e-03	3.86541115e-06	9.69820913e-10	5.89763321e-14	7.36205593e-19	1.82292622e-24	1.01895784e-30	3.39172486e-37	1.78371016e-56	7.26295923e-76	
6.1	4.30909504e-24	1.25600809e-18	1.75983558e-14	7.34742261e-11	1.63155594e-08	1.34747035e-06	8.09720186e-05	1.11480804e-03	9.74869992e-03	5.33006218e-02	1.58054351e-01	7.57260534e-01	2.02589606e-02	1.79294998e-04	3.93648129e-07	2.67112503e-10	4.75814480e-14	2.18278849e-18	3.02431709e-23	2.87932638e-28	1.78076961e-47	8.46453851e-67	
6.2	1.47556031e-26	5.66293610e-21	1.12214735e-16	6.19828825e-13	2.12977343e-10	2.91293595e-08	3.02453746e-06	7.75900308e-05	1.34868671e-03	1.51445915e-02	1.03590866e-01	7.99925050e-01	7.68818233e-02	2.99166440e-03	3.65050771e-05	1.68598529e-07	2.53428589e-10	1.25245230e-13	2.32836006e-17	3.36446434e-21	3.79338636e-40	2.10778816e-59	
6.3	6.84269841e-29	3.42226977e-23	9.51405810e-19	6.91350915e-15	3.59277810e-12	7.87544477e-10	1.35911597e-07	6.19032068e-06	2.01403506e-04	4.30839573e-03	6.02158662e-02	7.14145569e-01	1.94994867e-01	2.49118918e-02	1.19014809e-03	2.53201979e-05	2.10082434e-07	7.20598225e-10	1.09337375e-12	1.44906591e-15	1.11080523e-30	3.60086752e-47	
6.4	3.72823546e-31	2.40195224e-25	9.30231424e-21	8.87522186e-17	6.83383821e-14	2.33261229e-11	6.46819851e-09	5.01341657e-07	2.89671631e-05	1.10530803e-03	2.85597988e-02	5.05744662e-01	3.33352015e-01	1.13549219e-01	1.64212844e-02	1.19815639e-03	3.94185758e-05	6.58080562e-07	5.46874484e-09	4.45156760e-11	4.00513558e-23	2.32299697e-36	
6.5	1.93460364e-33	1.58576508e-27	8.50129229e-23	1.06624949e-18	1.19478900e-15	6.19139946e-13	2.67761801e-10	3.40236023e-08	3.33379839e-06	2.14494845e-04	9.47285968e-03	2.46285389e-01	3.49039873e-01	2.73287429e-01	9.94629404e-02	2.00629455e-02	2.04121363e-03	1.25174766e-04	4.16136275e-06	1.51207510e-07	3.95577458e-17	9.30920655e-28	
6.6	7.70390820e-36	7.93201249e-30	5.85255499e-25	9.67424933e-21	1.55248314e-17	1.19465430e-14	7.84972993e-12	1.58196983e-09	2.52472888e-07	2.61357612e-05	1.85889351e-03	7.02303978e-02	1.96513150e-01	3.17486914e-01	2.54387886e-01	1.21295259e-01	3.17727083e-02	5.75264145e-03	6.00275630e-04	7.54839098e-05	1.89501699e-12	5.56753349e-21	
6.7	1.97399029e-38	2.52123116e-32	2.54617200e-27	5.54878790e-23	1.25743727e-19	1.40940362e-16	1.37534736e-13	4.27009921e-11	1.07182488e-08	1.71774799e-06	1.88197671e-04	1.02641664e-02	5.31070102e-02	1.63286299e-01	2.60997479e-01	2.62154309e-01	1.54415990e-01	6.98350950e-02	1.90134197e-02	6.73629933e-03	6.72179350e-09	9.66687729e-16	
6.8	2.61059708e-41	4.08961823e-35	5.62455862e-30	1.61302386e-25	5.09812478e-22	8.18422643e-19	1.16285881e-15	5.42371707e-13	2.07772581e-10	4.99680303e-08	8.15578181e-06	6.38942399e-04	5.80251799e-03	3.18960281e-02	9.43769158e-02	1.83083340e-01	2.19077206e-01	2.17778439e-01	1.34348347e-01	1.12987839e-01	2.21940966e-06	7.42776678e-12	
6.9	1.70554456e-44	3.24409913e-38	6.04621678e-33	2.27487703e-28	9.91972929e-25	2.24798316e-21	4.57144850e-18	3.13414618e-15	1.78604327e-12	6.28542136e-10	1.49042130e-07	1.66962152e-05	2.54982220e-04	2.38303572e-03	1.23122724e-02	4.31329531e-02	9.70158949e-02	1.91956866e-01	2.40351523e-01	4.12484783e-01	9.08394555e-05	3.92172991e-09	
7	9.64613568e-48	2.20696932e-41	5.54848730e-36	2.72894157e-31	1.62631372e-27	5.13809828e-24	1.47326050e-20	1.45724554e-17	1.20894483e-14	6.10180060e-12	2.06231238e-09	3.28852060e-07	8.14662718e-06	1.24168117e-04	1.06789493e-03	6.40407034e-03	2.54718028e-02	9.26991149e-02	2.15573688e-01	6.57619030e-01	1.03139325e-03	3.59731093e-07	
7.1	7.23317776e-51	1.97217768e-44	6.66105128e-39	4.26708745e-34	3.44618031e-30	1.50158611e-26	5.99307039e-23	8.41821983e-20	9.98626585e-17	7.11536285e-14	3.37938009e-11	7.63669057e-09	2.97550465e-07	7.14686784e-06	9.83949883e-05	9.66654966e-04	6.47200395e-03	4.05857239e-02	1.62825554e-01	7.82962470e-01	6.06994262e-03	1.18028916e-05	
7.2	7.79002609e-54	2.50746689e-47	1.13329835e-41	9.42296242e-37	1.02343216e-32	6.09260275e-29	3.34747007e-25	6.58933969e-22	1.10093948e-18	1.09347304e-15	7.21822180e-13	2.30079961e-10	1.37207379e-08	5.04918373e-07	1.07812370e-05	1.67410634e-04	1.81212976e-03	1.85444751e-02	1.20654385e-01	8.34668816e-01	2.39478499e-02	1.93633891e-04	
7.3	1.14217502e-56	4.29987377e-50	2.59142266e-44	2.78805279e-39	4.04300861e-35	3.26115529e-31	2.44248978e-27	6.66268905e-24	1.54850756e-20	2.12220977e-17	1.93028239e-14	8.63374054e-12	7.69244446e-10	4.23700748e-08	1.36732132e-06	3.25839817e-05	5.51731536e-04	8.81129172e-03	8.83848373e-02	8.29969526e-01	7.03731527e-02	1.87546629e-03	
7.4	2.08356817e-59	9.09211029e-53	7.28278384e-47	1.01139761e-41	1.94491781e-37	2.10963352e-33	2.13513666e-29	7.99275228e-26	2.55714644e-22	4.79559513e-19	5.96817181e-16	3.72426343e-13	4.85443237e-11	3.92202920e-09	1.87174510e-07	6.68038943e-06	1.72180263e-04	4.14025418e-03	6.15500126e-02	7.61603692e-01	1.60783002e-01	1.17439879e-02	
7.5	4.30366874e-62	2.15868892e-55	2.29137948e-49	4.09975956e-44	1.03830859e-39	1.50382950e-35	2.04024792e-31	1.03902087e-27	4.53502289e-24	1.15543978e-20	1.95559485e-17	1.69219615e-14	3.16840518e-12	3.68986098e-10	2.55596153e-08	1.33790616e-06	5.12802854e-05	1.80443963e-03	3.86017400e-02	6.22495398e-01	2.87375764e-01	4.96700139e-02	
7.6	9.26710589e-65	5.30266447e-58	7.43836124e-52	1.71174865e-46	5.67262196e-42	1.08979247e-37	1.96706744e-33	1.35210171e-29	7.98935842e-26	2.74828003e-22	6.29182817e-19	7.50235195e-16	1.98468494e-13	3.28156360e-11	3.24636302e-09	2.44794591e-07	1.36776478e-05	6.88741780e-04	2.07543258e-02	4.35697623e-01	3.98190008e-01	1.44655376e-01	
7.7	1.99369179e-67	1.29230665e-60	2.38960935e-54	7.06317693e-49	3.04379297e-44	7.70813110e-40	1.83755927e-35	1.69217442e-31	1.34432860e-27	6.20878355e-24	1.91309384e-20	3.12390056e-17	1.15085414e-14	2.66592475e-12	3.71361830e-10	3.97207202e-08	3.18006980e-06	2.25157951e-04	9.41329399e-03	2.58087228e-01	4.32267840e-01	3.00003260e-01	
7.8	4.33072621e-70	3.15986406e-63	7.68428322e-57	2.91389276e-51	1.62318985e-46	5.38711679e-42	1.68447995e-37	2.06342542e-33	2.19060593e-29	1.35141071e-25	5.57880448e-22	1.24015764e-18	6.28373665e-16	2.01641117e-13	3.90705448e-11	5.84921968e-09	6.61091250e-07	6.49184894e-05	3.72540218e-03	1.33981344e-01	3.87060006e-01	4.75167663e-01	
7.9	9.92718518e-73	8.10593073e-66	2.58684731e-59	1.25708930e-53	8.99816803e-49	3.89257544e-44	1.58620411e-39	2.56712036e-35	3.62168353e-31	2.97034877e-27	1.63538192e-23	4.92211459e-20	3.39348571e-17	1.49391415e-14	3.98517873e-12	8.25499174e-10	1.30045649e-07	1.75152277e-05	1.36855114e-03	6.48007533e-02	3.07250973e-01	6.26562077e-01	
8	2.49275086e-75	2.26609752e-68	9.47193072e-62	5.89320634e-56	5.38940119e-51	3.02356251e-46	1.59560434e-41	3.38988487e-37	6.32473283e-33	6.86683252e-29	5.02080424e-25	2.03539929e-21	1.89207170e-18	1.13357523e-15	4.12682921e-13	1.17143483e-10	2.54427771e-08	4.65904198e-06	4.92546470e-04	3.07776568e-02	2.29771259e-01	7.38953854e-01	
