4	4.58208863e-01	5.41757338e-01	3.37987263e-05	1.17799557e-19	1.80198796e-38	1.10422695e-57	3.20697883e-77	3.57594482e-97	3.85563239e-118	8.51095402e-139	1.47014337e-159	1.44174108e-179	1.29257762e-199	8.80742449e-220	4.81964785e-240	
4.1	9.26303897e-02	9.04703033e-01	2.66657726e-03	2.94350542e-14	4.70638640e-30	3.45068290e-49	1.16427657e-68	1.47996869e-88	2.06601431e-109	5.28716939e-130	1.00650474e-150	1.02674182e-170	1.06568183e-190	8.38261491e-211	5.28071999e-231	
4.2	1.97857203e-02	9.34769700e-01	4.54445793e-02	2.44609922e-10	2.71272685e-22	2.38083803e-41	9.37264005e-61	1.36297590e-80	2.46906977e-101	7.24152327e-122	1.53042739e-142	1.57352627e-162	1.89408045e-182	1.72189132e-202	1.24955828e-222	
4.3	5.63790480e-03	7.46236753e-01	2.48125197e-01	1.45151943e-07	1.92029079e-16	2.01624383e-35	9.28502800e-55	1.55621950e-74	3.66169293e-95	1.21598410e-115	2.86295789e-136	2.94919227e-156	4.12410996e-176	4.33774384e-196	3.62869654e-216	
4.4	1.74273579e-03	4.24955551e-01	5.73289092e-01	1.26208497e-05	4.91621820e-12	6.15897648e-31	3.30275444e-50	6.39969470e-70	1.95805125e-90	7.33874760e-111	1.93782778e-131	2.02771645e-151	3.29978268e-171	4.01986024e-191	3.87905070e-211	
4.5	5.35371060e-04	1.96523542e-01	8.02622959e-01	3.18116078e-04	1.19978694e-08	1.78399022e-27	1.09858379e-46	2.44368670e-66	9.74434443e-87	4.15714353e-107	1.24622086e-127	1.34486684e-147	2.55130013e-167	3.60363306e-187	4.01380365e-207	
4.6	1.71122067e-04	8.85507490e-02	9.07498358e-01	3.77408247e-03	5.68881299e-06	9.96376738e-25	6.91544099e-44	1.73855268e-63	9.06393139e-84	4.47844824e-104	1.54626532e-124	1.71853085e-144	3.80702875e-164	6.24123537e-184	8.02958441e-204	
4.7	5.70720435e-05	4.11108821e-02	9.31129981e-01	2.69005534e-02	8.01511557e-04	2.62896708e-18	4.10391636e-37	1.14449115e-56	7.81382636e-77	4.56068777e-97	1.83277920e-117	2.05470824e-137	5.32445774e-157	1.01418243e-176	1.50814524e-196	
4.8	1.78576530e-05	1.79974054e-02	8.22246252e-01	1.19538206e-01	4.02002785e-02	4.77797207e-13	1.60548368e-27	3.49192458e-46	3.10145180e-66	2.16642344e-86	1.01543166e-106	1.12189996e-126	3.40661332e-146	7.54677297e-166	1.29807922e-185	
4.9	2.77258617e-06	3.94344404e-03	3.38305131e-01	1.91851924e-01	4.65896725e-01	3.73482352e-09	3.48398947e-20	9.92876464e-35	2.00744964e-53	1.67036915e-73	9.06626762e-94	9.81367728e-114	3.49763963e-133	9.02127785e-153	1.79610127e-172	
5	1.30845629e-07	2.64446126e-04	4.00436120e-02	7.23742562e-02	8.87316363e-01	1.19198675e-06	5.78472286e-15	2.99350530e-26	7.52243745e-41	3.06241147e-58	1.89775762e-78	2.04543826e-98	8.57194814e-118	2.57686702e-137	5.94309606e-157	
5.1	5.90913960e-09	1.70286601e-05	4.32448865e-03	2.12065713e-02	9.74382121e-01	6.97843319e-05	4.52966372e-11	8.85209212e-20	4.00947211e-31	8.89126562e-45	6.67819366e-61	4.59850649e-80	2.26985857e-99	7.96106402e-119	2.12862674e-138	
5.2	3.91709148e-10	1.61557886e-06	6.57678606e-04	7.69832320e-03	9.90093352e-01	1.54898375e-03	4.68963464e-08	1.02411849e-14	1.80671630e-23	3.77277143e-34	7.12201208e-47	4.88996643e-62	2.23145838e-78	9.14157469e-98	2.83617979e-117	
5.3	4.06280350e-11	2.40643229e-07	1.51551601e-04	3.82487731e-03	9.78742787e-01	1.72694603e-02	1.10832117e-05	1.06633070e-10	2.20268337e-17	1.09196400e-25	1.08078634e-35	1.19635176e-47	1.91391572e-60	9.16845855e-80	3.30347285e-99	
5.4	5.85977586e-12	5.00181158e-08	4.81620246e-05	2.41690802e-03	8.88296134e-01	1.08424220e-01	8.14356493e-04	1.68970607e-07	1.59419501e-12	6.39521738e-19	9.66554740e-27	4.07361281e-36	4.51900333e-46	2.53435216e-65	1.06155322e-84	
5.5	8.28517009e-13	1.02247010e-08	1.49546060e-05	1.39784228e-03	6.18458082e-01	3.60154214e-01	1.99239694e-02	5.09165922e-05	1.04313570e-08	1.45597175e-13	1.27566166e-19	6.51704226e-27	1.38328745e-34	9.09339636e-54	4.43255977e-73	
5.6	8.20220931e-14	1.46475286e-09	3.20174050e-06	5.27868654e-04	2.71459045e-01	5.65819438e-01	1.58998962e-01	3.18367196e-03	7.81012166e-06	1.94281061e-09	4.60817204e-14	1.14882224e-19	1.67715230e-25	1.29399915e-44	7.34851015e-64	
5.7	5.07655546e-15	1.30773869e-10	4.18385335e-07	1.16030735e-04	7.13436002e-02	4.27049817e-01	4.51828985e-01	4.87738175e-02	8.85039379e-04	2.29102515e-06	8.05692338e-10	4.73501162e-14	2.10795313e-18	1.91145551e-37	1.26628387e-56	
5.8	2.07337009e-16	7.66949665e-12	3.51727107e-08	1.57336617e-05	1.20701212e-02	1.75856211e-01	5.53728317e-01	2.36437928e-01	2.15160249e-02	3.74421439e-04	1.20751943e-06	9.30647373e-10	6.61694560e-13	7.06282152e-32	5.46531109e-51	
5.9	5.78961305e-18	3.06073918e-13	2.00378107e-09	1.39396509e-06	1.38592710e-03	4.35180362e-02	3.41158739e-01	4.49968495e-01	1.51293082e-01	1.24231037e-02	2.49643693e-04	1.56686873e-06	1.06385127e-08	2.98229639e-24	8.23397780e-42	
6	1.10885183e-19	8.32655727e-15	7.70825769e-11	8.08009976e-08	1.07140231e-04	6.62764369e-03	1.13345438e-01	3.82411164e-01	3.76835501e-01	1.10211061e-01	1.00964301e-02	3.50452980e-04	1.50890049e-05	8.48303851e-18	9.45938687e-32	
6.1	1.41122867e-21	1.49510285e-16	1.95036922e-12	3.00018381e-09	5.40921868e-06	6.16106342e-04	2.08550584e-02	1.56513724e-01	3.81089284e-01	3.19568796e-01	1.03844544e-01	1.46244304e-02	2.88264543e-03	7.21155508e-13	6.22900180e-24	
6.2	1.01675189e-23	1.50920456e-18	2.77203442e-14	6.12244445e-11	1.51855960e-07	3.02153992e-05	1.88364085e-03	2.83781514e-02	1.50739249e-01	3.07626374e-01	2.90552062e-01	1.30197083e-01	9.05930706e-02	3.04940977e-09	5.49572297e-18	
6.3	3.16197220e-26	6.52042080e-21	1.66912470e-16	5.19879110e-13	1.78445055e-09	5.94816850e-07	6.46491442e-05	1.81075250e-03	1.91367217e-02	8.40518364e-02	1.97298244e-01	2.33310320e-01	4.64326067e-01	8.12587842e-07	1.07794124e-13	
6.4	6.91745593e-29	1.96206554e-23	6.89161036e-19	2.98386087e-15	1.42044176e-11	7.66355908e-09	1.39182996e-06	6.82748790e-05	1.33945012e-03	1.15414074e-02	5.95799331e-02	1.61074274e-01	7.66362606e-01	3.26555073e-05	1.39362814e-10	
6.5	2.02379388e-31	7.81629517e-26	3.74481149e-21	2.22767268e-17	1.47016055e-13	1.24648011e-10	3.65743944e-08	2.99411988e-06	1.03310086e-04	1.62612650e-03	1.67641361e-02	9.26119876e-02	8.88391184e-01	5.00189455e-04	3.55947203e-08	
6.6	9.45671447e-34	4.93165467e-28	3.18696392e-23	2.58048172e-19	2.35582691e-15	3.05933028e-12	1.41070178e-09	1.85385488e-07	1.07672541e-05	2.92561787e-04	5.57003994e-03	5.73554165e-02	9.32563008e-01	4.20505680e-03	2.96262080e-06	
6.7	6.87772334e-36	4.80876406e-30	4.16722900e-25	4.55789373e-21	5.73636510e-17	1.11538491e-13	7.89175683e-11	1.61341531e-08	1.52135188e-06	6.81548683e-05	2.24349729e-03	3.97885452e-02	9.35458969e-01	2.23362776e-02	1.03018423e-04	
6.8	6.98842327e-38	6.51216439e-32	7.54370395e-27	1.10739769e-22	1.91320205e-18	5.45868184e-15	5.80680690e-12	1.80005378e-09	2.67358746e-07	1.90332832e-05	1.02479934e-03	2.92170553e-02	8.87592524e-01	8.03966387e-02	1.74968009e-03	
6.9	8.57564889e-40	1.05954411e-33	1.63774108e-28	3.20889431e-24	7.57263608e-20	3.11455283e-16	4.89295200e-13	2.25052417e-10	5.13083782e-08	5.63313980e-06	4.73787595e-04	2.04944668e-02	7.60657146e-01	2.02334350e-01	1.60345649e-02	
7	1.09722247e-41	1.78852361e-35	3.67288964e-30	9.55592466e-26	3.06408330e-21	1.78872052e-17	4.08281204e-14	2.73447968e-11	9.35239290e-09	1.54461493e-06	1.95527249e-04	1.22724878e-02	5.48527913e-01	3.55498068e-01	8.35044493e-02	
7.1	1.29049520e-43	2.76027894e-37	7.51394710e-32	2.58392509e-27	1.11952960e-22	9.15259375e-19	2.99157034e-15	2.87047983e-12	1.44371166e-09	3.51158453e-07	6.49380685e-05	5.72963741e-03	3.10687361e-01	4.29539733e-01	2.53977978e-01	
7.2	1.35524503e-45	3.78282037e-39	1.35841785e-33	6.14782267e-29	3.57947164e-24	4.05194476e-20	1.87286320e-16	2.53792994e-13	1.84422764e-10	6.48751330e-08	1.71208549e-05	2.07986439e-03	1.39006999e-01	3.72513099e-01	4.86382852e-01	
7.3	1.37725189e-47	4.99038261e-41	2.34304359e-35	1.38996101e-30	1.08157543e-25	1.67859388e-21	1.08403136e-17	2.04951589e-14	2.11872625e-11	1.06099213e-08	3.92441744e-06	6.48179398e-04	5.43326849e-02	2.62949990e-01	6.82065211e-01	
7.4	1.46768720e-49	6.87049068e-43	4.21910565e-37	3.26912394e-32	3.38206621e-27	7.13453344e-23	6.36293831e-19	1.66110179e-15	2.41024717e-12	1.69492502e-09	8.66489104e-07	1.93136965e-04	2.06215996e-02	1.70787237e-01	8.08397158e-01	
7.5	1.72608867e-51	1.03949531e-44	8.31415216e-39	8.38746656e-34	1.14784700e-28	3.26687662e-24	3.98037545e-20	1.42232997e-16	2.86409150e-13	2.79576519e-10	1.95398853e-07	5.85244624e-05	8.06198449e-03	1.09442963e-01	8.82436333e-01	
7.6	2.26479849e-53	1.74813107e-46	1.81879485e-40	2.38200171e-35	4.29273697e-30	1.63777529e-25	2.70081341e-21	1.31087328e-17	3.62822847e-14	4.86814164e-11	4.61323928e-08	1.85116288e-05	3.32134130e-03	7.12942793e-02	9.25365822e-01	
7.7	3.31314875e-55	3.26701567e-48	4.41154663e-42	7.48164932e-37	1.76810350e-31	8.98996707e-27	1.99070179e-22	1.30330888e-18	4.91741132e-15	8.99343753e-12	1.14819120e-08	6.15998069e-06	1.44897273e-03	4.76873208e-02	9.50857535e-01	
7.8	5.35597938e-57	6.72934182e-50	1.17835241e-43	2.58210576e-38	7.97240410e-33	5.37425915e-28	1.58765889e-23	1.39352716e-19	7.11484377e-16	1.76058810e-12	3.01222248e-09	2.15649726e-06	6.67790419e-04	3.28008979e-02	9.66529152e-01	
7.9	9.57485460e-59	1.52919815e-51	3.44103319e-45	9.72345907e-40	3.90926074e-34	3.47728350e-29	1.36327277e-24	1.59530199e-20	1.09479417e-16	3.64110241e-13	8.30844085e-10	7.92121053e-07	3.23611539e-04	2.31629883e-02	9.76512607e-01	
8	1.84359258e-60	3.73581084e-53	1.08966338e-46	3.96410796e-41	2.06928110e-35	2.41840800e-30	1.25245017e-25	1.94401720e-21	1.78243212e-17	7.92005753e-14	2.40001315e-10	3.04022073e-07	1.63935528e-04	1.67443446e-02	9.83091416e-01	
