4	1.65412855e-01	8.34492995e-01	9.41496533e-05	7.75255013e-15	2.06968887e-34	1.11453359e-53	5.17905942e-73	1.87307755e-92	4.20821736e-112	4.50998013e-133	3.11850376e-154	8.77808860e-175	8.63220434e-195	3.95211260e-215	1.64774342e-235	2.77379204e-256	7.60505591e-278	1.38755604e-298	1.00000000e-300	1.00000000e-300	1.00000000e-300	1.00000000e-300	1.00000000e-300	
4.1	3.07613989e-02	9.65534195e-01	3.70440586e-03	2.67935190e-10	2.75781781e-25	1.76443878e-44	9.86601865e-64	4.29106587e-83	1.16314265e-102	1.45832151e-123	1.21638294e-144	3.83523440e-165	4.38152264e-185	2.29940837e-205	1.06247499e-225	2.03847775e-246	6.74322774e-268	1.20421232e-288	1.00000000e-300	1.00000000e-300	1.00000000e-300	1.00000000e-300	1.00000000e-300	
4.2	7.59225696e-03	9.29789845e-01	6.26173198e-02	5.78631494e-07	2.67276752e-18	2.03144145e-37	1.36677754e-56	7.14879197e-76	2.33796382e-95	3.33708795e-116	3.34578700e-137	1.21272500e-157	1.61268767e-177	9.82567274e-198	5.08601519e-218	1.11800211e-238	4.52449254e-260	7.90967544e-281	1.00000000e-300	1.00000000e-300	1.00000000e-300	1.00000000e-300	1.00000000e-300	
4.3	2.04723010e-03	5.93491971e-01	4.04350407e-01	1.10392098e-04	4.18835883e-13	3.77091818e-32	3.04819189e-51	1.91625818e-70	7.56099345e-90	1.20396068e-110	1.42065286e-131	5.98169624e-152	9.27682420e-172	6.61873873e-192	3.88013760e-212	9.84731519e-233	4.94641109e-254	8.65165565e-275	1.21173345e-295	1.00000000e-300	1.00000000e-300	1.00000000e-300	1.00000000e-300	
4.4	4.30834540e-04	2.01817768e-01	7.94844415e-01	2.90697999e-03	2.38446854e-09	7.69089174e-27	7.27408658e-46	5.43572454e-65	2.58770091e-84	4.57886703e-105	6.18389767e-126	3.00305831e-146	5.44199900e-166	4.56046175e-186	3.04132161e-206	8.92878165e-227	5.63863697e-248	1.02238123e-268	1.48509105e-289	1.00000000e-300	1.00000000e-300	1.00000000e-300	1.00000000e-300	
4.5	1.17358999e-04	7.44997151e-02	8.98573544e-01	2.68077173e-02	1.66482235e-06	6.00707061e-20	7.48622577e-37	5.99329579e-56	3.44145609e-75	6.83900577e-96	1.03619730e-116	5.68090623e-137	1.20516488e-156	1.18478655e-176	8.94313522e-197	3.01369342e-217	2.41443152e-238	4.71697636e-259	7.32677284e-280	3.32340236e-300	1.00000000e-300	1.00000000e-300	1.00000000e-300	
4.6	4.39731007e-05	3.60253464e-02	8.24108125e-01	1.39535527e-01	2.87028346e-04	8.55486577e-15	5.81866801e-28	4.61417952e-44	3.17934233e-63	7.19047930e-84	1.21368542e-104	7.24372083e-125	1.80232411e-144	2.07464156e-164	1.75386048e-184	6.69182525e-205	6.82741776e-226	1.48405994e-246	2.53209340e-267	1.16337854e-287	1.00000000e-300	1.00000000e-300	1.00000000e-300	
4.7	1.49275328e-05	1.57491038e-02	5.60828988e-01	4.08973669e-01	1.44333121e-02	6.50957741e-11	2.75788307e-21	5.34657224e-34	1.74057215e-49	6.69811857e-69	1.25552842e-89	7.68847777e-110	2.24776430e-129	3.03092501e-149	2.84781078e-169	1.21784587e-189	1.58133049e-210	3.89423128e-231	7.42975403e-252	3.47444539e-272	2.73535301e-292	1.00000000e-300	1.00000000e-300	
4.8	3.10228591e-06	4.26232253e-03	2.24875350e-01	5.71874875e-01	1.98984301e-01	4.80798860e-08	3.15340993e-16	2.53620731e-26	2.83158815e-38	1.26211813e-53	5.76325278e-71	3.35990951e-91	1.15623714e-110	1.83395797e-130	1.91758380e-150	9.18867123e-171	1.51465775e-191	4.23419923e-212	9.12051530e-233	4.39818455e-253	4.02653534e-273	2.97556558e-293	1.00000000e-300	
4.9	2.99008213e-07	5.42674770e-04	4.22619789e-02	3.18445271e-01	6.38745878e-01	3.89825610e-06	1.47557915e-12	1.45520036e-20	7.21576559e-30	5.40433323e-42	1.03773959e-55	1.34562178e-72	1.14260178e-90	2.14653726e-110	2.52240009e-130	1.36611790e-150	2.85309282e-171	8.98131021e-192	2.19747748e-212	1.10910891e-232	1.18273411e-252	1.01330886e-272	7.25658024e-293	
5	2.35101391e-08	5.69288876e-05	6.57949056e-03	1.29138496e-01	8.64150761e-01	7.42995935e-05	7.60501075e-10	3.68700872e-16	1.81802835e-23	4.93845307e-33	7.22908156e-44	2.69374441e-57	1.92301483e-71	4.30792543e-91	5.76164645e-111	3.56030801e-131	9.40810191e-152	3.31142935e-172	9.26248034e-193	4.94605668e-213	6.15426124e-233	6.11938077e-253	5.06194125e-273	
5.1	2.47594793e-09	8.05479276e-06	1.38761495e-03	6.38940919e-02	9.33996944e-01	7.13183067e-04	1.08587551e-07	1.27085499e-12	2.34263632e-18	6.98717744e-26	2.02978630e-34	4.35850332e-45	4.31795911e-56	1.15509045e-75	1.76841062e-95	1.24729201e-115	4.15583918e-136	1.63764006e-156	5.26911216e-177	2.99585636e-197	4.35684878e-217	5.03286293e-237	4.81245260e-257	
5.2	3.34343705e-10	1.47242232e-06	3.78741603e-04	3.75223331e-02	9.57590745e-01	4.50036836e-03	6.33808683e-06	1.02179023e-09	3.54230415e-14	4.61022562e-20	9.29460703e-27	3.29396939e-35	1.08193408e-43	3.42027021e-63	5.93621711e-83	4.71764850e-103	1.96396840e-123	8.74390456e-144	3.24364898e-164	1.97674994e-184	3.36571195e-204	4.52161851e-224	5.00145843e-244	
5.3	5.18475974e-11	3.10881668e-07	1.19280844e-04	2.36617951e-02	9.55404650e-01	2.06299927e-02	1.83708603e-04	2.61355619e-07	1.01361116e-10	2.81595899e-15	1.73821603e-20	3.81844973e-27	1.33246462e-33	7.12160101e-53	1.36819677e-72	1.20175386e-92	6.15841888e-113	3.12943690e-133	1.33451467e-153	8.82265418e-174	1.76174727e-193	2.75544251e-213	3.52823093e-233	
5.4	8.54100110e-12	6.97564611e-08	3.97819915e-05	1.48900388e-02	9.10518893e-01	7.15621962e-02	2.96289395e-03	2.60513376e-05	7.52355938e-08	2.55449542e-11	2.54715749e-15	1.60292954e-20	2.40523083e-25	2.00167914e-40	2.25681871e-57	2.18803041e-76	1.35792864e-96	7.91333704e-117	3.86054105e-137	2.82141420e-157	6.61884298e-177	1.20647509e-196	1.78973029e-216	
5.5	1.35911794e-12	1.50930392e-08	1.27278834e-05	8.55721434e-03	7.77774823e-01	1.84793997e-01	2.77130902e-02	1.13051256e-03	1.75730307e-05	4.70661604e-08	4.58991520e-11	4.49735345e-15	1.41830448e-18	2.58026533e-30	1.26743573e-43	1.16172424e-58	1.23804441e-75	3.34072986e-94	1.86289514e-114	1.54098366e-134	4.25439291e-154	9.04747233e-174	1.55612603e-193	
5.6	1.77570252e-13	2.66976710e-09	3.30667292e-06	3.83131602e-03	5.14002088e-01	3.18389982e-01	1.41195179e-01	2.11913954e-02	1.36616085e-03	2.04376519e-05	1.31309988e-07	1.24162372e-10	4.69951083e-13	3.94042794e-22	1.56281253e-32	2.17929296e-44	8.20722732e-58	1.43986992e-72	9.16137217e-89	1.30228642e-106	2.84911714e-125	7.07679370e-145	1.41247729e-164	
5.7	1.45917145e-14	2.95315613e-10	5.32803717e-07	1.02696900e-03	2.02373644e-01	2.90460321e-01	3.23795609e-01	1.48108139e-01	3.21241446e-02	2.04667231e-03	6.35541915e-05	4.01610630e-07	1.17111197e-08	1.30687608e-15	1.10277590e-23	5.51532299e-33	1.45301200e-43	2.86678069e-55	3.60837453e-68	2.18447701e-82	3.25139469e-97	9.44349314e-117	2.18928785e-136	
5.8	5.78698653e-16	1.56757692e-11	4.08116297e-08	1.26936337e-04	3.66301437e-02	1.10810845e-01	2.73337072e-01	3.27242893e-01	2.02077476e-01	4.43466263e-02	5.23457906e-03	1.67993348e-04	2.53952057e-05	1.38218226e-10	8.56808703e-17	4.86042723e-24	2.47095960e-32	1.37042160e-41	7.69743074e-52	3.83980533e-63	6.71057516e-75	2.28181004e-94	6.15026561e-114	
5.9	1.00946279e-17	3.65275085e-13	1.35850574e-09	6.63839813e-06	2.79510413e-03	1.65113827e-02	8.16422094e-02	2.26328458e-01	3.48811235e-01	2.23637743e-01	8.34327321e-02	1.10372859e-02	5.79653258e-03	6.77426787e-07	1.30717911e-11	3.33072379e-17	1.16604082e-23	6.07990477e-31	4.68180261e-39	5.21235414e-48	2.64857771e-57	1.05571497e-76	3.31194305e-96	
6	6.63164380e-20	3.20703448e-15	1.68666972e-11	1.26492168e-07	7.71703851e-05	8.37122156e-04	7.69314500e-03	4.47610334e-02	1.55223319e-01	2.55824493e-01	2.61447752e-01	1.19638008e-01	1.54299702e-01	1.98068851e-04	5.87833515e-08	3.16785627e-12	3.32687284e-17	6.82774770e-23	2.81853536e-29	2.47344349e-36	1.20532024e-43	5.63918890e-63	2.06140843e-82	
6.1	1.43102460e-22	9.23979832e-18	6.80580573e-14	7.67628805e-10	6.73179474e-07	1.27507495e-05	2.05578420e-04	2.32149781e-03	1.66837012e-02	6.38181014e-02	1.59069582e-01	2.13847091e-01	5.39568235e-01	4.46139009e-03	1.13912940e-05	7.00321611e-09	1.12173591e-12	4.48959837e-17	4.68846250e-22	1.40965239e-27	2.72831089e-33	1.50039094e-52	6.39880136e-72	
6.2	2.49496115e-25	2.13852262e-20	2.18769310e-16	3.64747874e-12	4.57277661e-09	1.44978800e-07	3.92063675e-06	8.07546097e-05	1.12531118e-03	9.18471744e-03	5.05411207e-02	1.70822304e-01	7.41456372e-01	2.64183930e-02	3.65405528e-04	1.54987889e-06	2.17873514e-09	9.55605645e-13	1.37908032e-16	7.24887665e-21	2.76490886e-25	1.79004847e-44	8.91858138e-64	
6.3	5.97942654e-28	6.73784450e-23	9.49986173e-19	2.30642108e-14	4.11316440e-11	2.10604327e-09	9.21339981e-08	3.29124640e-06	8.41360764e-05	1.36437429e-03	1.51755371e-02	1.11943153e-01	7.77015435e-01	8.95783268e-02	4.74162983e-03	9.32819689e-05	7.38527471e-07	2.21129226e-09	2.70326719e-12	1.43636721e-15	6.18421759e-19	1.23334988e-35	9.49582348e-54	
6.4	1.96552026e-30	2.87811694e-25	5.55417362e-21	1.93829854e-16	4.89289711e-13	3.92345961e-11	2.69466502e-09	1.60100618e-07	7.15981627e-06	2.16883706e-04	4.51226484e-03	6.44998580e-02	6.85852173e-01	2.09537346e-01	3.30674568e-02	2.23494218e-03	7.07551437e-05	9.90529554e-07	6.90826062e-09	2.37981444e-11	7.42377049e-14	3.45248840e-27	9.65347736e-42	
6.5	7.60565315e-33	1.42983514e-27	3.75209060e-23	1.86075864e-18	6.61574809e-15	8.08749431e-13	8.49912210e-11	8.10692942e-09	6.08509395e-07	3.26204887e-05	1.18745670e-03	2.99614930e-02	4.75497898e-01	3.34439325e-01	1.31761066e-01	2.45843315e-02	2.41350318e-03	1.18203116e-04	3.43171890e-06	5.38549959e-08	8.55321671e-10	1.99557105e-20	3.97273869e-32	
6.6	2.78096779e-35	6.64410527e-30	2.35559384e-25	1.64345007e-20	8.17412567e-17	1.48840076e-14	2.34045478e-12	3.47637780e-10	4.22355252e-08	3.82312384e-06	2.30264200e-04	9.56031893e-03	2.22806475e-01	3.25701372e-01	2.81717591e-01	1.23876713e-01	3.13406297e-02	4.33007875e-03	4.09067954e-04	2.22635599e-05	1.35938063e-06	4.69462540e-15	1.82404420e-24	
6.7	7.66099445e-38	2.30581176e-32	1.09725266e-27	1.06720922e-22	7.34955547e-19	1.95418453e-16	4.50946493e-14	1.01586124e-11	1.93509985e-09	2.83926670e-07	2.70328649e-05	1.75398480e-03	5.94057667e-02	1.67082550e-01	2.88395042e-01	2.66174970e-01	1.51570211e-01	5.04271175e-02	1.28262692e-02	1.96799801e-03	3.68770961e-04	7.14629870e-11	1.93815573e-18	
6.8	1.28921135e-40	4.84981997e-35	3.07723112e-30	4.13865784e-25	3.89991560e-21	1.48821824e-18	4.95522048e-16	1.65520487e-13	4.80769493e-11	1.10411023e-08	1.60169311e-06	1.56421849e-04	7.64376951e-03	3.89473134e-02	1.24704804e-01	2.21551177e-01	2.56698901e-01	1.82813434e-01	1.08302598e-01	4.00349311e-02	1.91449404e-02	9.61895840e-08	8.04770140e-14	
6.9	1.04026342e-43	4.84977735e-38	4.07388766e-33	7.52054128e-28	9.59452704e-24	5.17720645e-21	2.45118074e-18	1.19070746e-15	5.14903288e-13	1.79634350e-10	3.85633133e-08	5.51226983e-06	3.86442379e-04	3.39776011e-03	1.90555277e-02	6.09674731e-02	1.33070297e-01	1.85542866e-01	2.28937332e-01	1.80520334e-01	1.88103190e-01	1.32262542e-05	1.78518733e-10	
7	4.75879724e-47	2.72212013e-41	3.00592155e-36	7.56508010e-31	1.29551357e-26	9.76035201e-24	6.48733587e-21	4.50694414e-18	2.84218812e-15	1.46878949e-12	4.56111798e-10	9.34600408e-08	9.35321884e-06	1.36293894e-04	1.27726030e-03	6.97860207e-03	2.70108725e-02	6.88069622e-02	1.61909073e-01	2.46971016e-01	4.86608574e-01	2.91861137e-04	3.80058976e-08	
7.1	2.26198652e-50	1.57102127e-44	2.26356929e-39	7.71830226e-34	1.76237798e-29	1.83414484e-26	1.69277615e-23	1.65765178e-20	1.49784198e-17	1.12268707e-14	4.95485970e-12	1.43289707e-09	2.03789493e-07	4.75613611e-06	7.16391305e-05	6.39819202e-04	4.18154624e-03	1.84148107e-02	7.69343224e-02	2.09380159e-01	6.88007932e-01	2.36283545e-03	1.97440207e-06	
7.2	1.48669810e-53	1.24005589e-47	2.31342529e-42	1.06263000e-36	3.21949699e-32	4.58540046e-29	5.82098010e-26	7.93564589e-23	1.01223065e-19	1.08131652e-16	6.69024956e-14	2.69867429e-11	5.42964539e-09	1.97038013e-07	4.62048569e-06	6.50944218e-05	6.89884208e-04	5.02047689e-03	3.50855256e-02	1.59210772e-01	7.88596071e-01	1.12835336e-02	4.38199225e-05	
7.3	1.37627418e-56	1.36365652e-50	3.26780032e-45	2.01100355e-39	8.05268839e-35	1.55674778e-31	2.69598912e-28	5.06268456e-25	9.00224405e-22	1.35075308e-18	1.15886585e-15	6.46060927e-13	1.82986976e-10	1.00572209e-08	3.57636772e-07	7.72086852e-06	1.28386571e-04	1.48786113e-03	1.65567800e-02	1.18465045e-01	8.24526782e-01	3.82916570e-02	5.35400022e-04	
7.4	1.68122769e-59	1.95754673e-53	5.97588116e-48	4.90255533e-42	2.58276342e-37	6.72825965e-34	1.57801245e-30	4.04407256e-27	9.91733857e-24	2.06506559e-20	2.43496539e-17	1.86254851e-14	7.38522677e-12	6.00713242e-10	3.16839659e-08	1.02338990e-06	2.59749148e-05	4.64997617e-04	7.91784767e-03	8.54712446e-02	8.02254606e-01	9.97629538e-02	4.10131963e-03	
7.5	2.48845959e-62	3.37027875e-56	1.29945207e-50	1.41443082e-44	9.75578028e-40	3.40093985e-36	1.07307423e-32	3.72194855e-29	1.24694623e-25	3.56650688e-22	5.73673764e-19	5.98322026e-16	3.30143026e-13	3.89567063e-11	2.98997535e-09	1.41566749e-07	5.35767618e-06	1.44413168e-04	3.64551707e-03	5.74189928e-02	7.12695508e-01	2.04995867e-01	2.10941996e-02	
7.6	4.09759983e-65	6.39334237e-59	3.08589040e-53	4.43699539e-47	3.98766380e-42	1.84874994e-38	7.79883515e-35	3.63361085e-31	1.64891228e-27	6.42188756e-24	1.40003130e-20	1.98031200e-17	1.51110206e-14	2.54149552e-12	2.79200075e-10	1.90406061e-08	1.05288741e-06	4.17981568e-05	1.52557358e-03	3.42060203e-02	5.57618996e-01	3.31555461e-01	7.50510778e-02	
7.7	7.03144783e-68	1.25255015e-61	7.49875166e-56	1.41836853e-49	1.65371607e-44	1.01348080e-40	5.68316712e-37	3.53179398e-33	2.15363304e-29	1.13353069e-25	3.33022872e-22	6.35730884e-19	6.66668784e-16	1.57286025e-13	2.43777276e-11	2.35805988e-09	1.87226360e-07	1.07433606e-05	5.55937128e-04	1.74318260e-02	3.73028178e-01	4.20385989e-01	1.88587137e-01	
7.8	1.22994814e-70	2.48076776e-64	1.82506642e-58	4.52384948e-52	6.81628093e-47	5.49243447e-43	4.07135452e-39	3.35200103e-35	2.72574785e-31	1.92594288e-27	7.58520449e-24	1.94510719e-20	2.78583127e-17	9.09354492e-15	1.96380445e-12	2.65882573e-10	2.98552668e-08	2.43616230e-06	1.75994250e-04	7.61834790e-03	2.14454411e-01	4.27919372e-01	3.49829409e-01	
7.9	2.24412353e-73	5.08625229e-67	4.55454699e-61	1.47403953e-54	2.86043346e-49	3.01518924e-45	2.93969584e-41	3.18612512e-37	3.42953526e-33	3.23362066e-29	1.69889562e-25	5.82722171e-22	1.13321473e-18	5.05729049e-16	1.50577378e-13	2.82113211e-11	4.42178485e-09	5.05967073e-07	5.04073307e-05	2.98417533e-03	1.10778665e-01	3.70536259e-01	5.15649983e-01	
8	4.44374586e-76	1.12396669e-69	1.21337175e-63	5.10937249e-57	1.27320368e-51	1.74779293e-47	2.23089989e-43	3.16401345e-39	4.47556069e-35	5.60126764e-31	3.90869077e-27	1.78565126e-23	4.68965607e-20	2.83240827e-17	1.15226912e-14	2.95906130e-12	6.40244373e-10	1.01510876e-07	1.38073119e-05	1.10960308e-03	5.44135867e-02	2.91526860e-01	6.52936041e-01	
