4	9.68556483e-02	9.03043380e-01	1.00971637e-04	6.74441284e-17	1.80689408e-35	7.26857105e-55	2.37628189e-74	6.79189954e-94	1.56182297e-113	2.38133591e-133	6.95788432e-155	9.51427482e-176	7.22859354e-196	5.91102587e-216	2.11811584e-236	7.44635556e-257	2.12171061e-277	5.68807971e-299	1.00000000e-300	1.00000000e-300	1.00000000e-300	1.00000000e-300	1.00000000e-300	1.00000000e-300	
4.1	1.59029092e-02	9.79387182e-01	4.70990853e-03	4.55722230e-12	1.37951728e-26	6.42562431e-46	2.50805008e-65	8.64457341e-85	2.39110818e-104	4.40246015e-124	1.60838088e-145	2.31355133e-166	1.79233911e-186	1.70002761e-206	6.29034120e-227	2.32673986e-247	6.96190974e-268	2.13071854e-289	1.00000000e-300	1.00000000e-300	1.00000000e-300	1.00000000e-300	1.00000000e-300	1.00000000e-300	
4.2	3.27106735e-03	9.07389593e-01	8.93393101e-02	2.98236445e-08	8.19979302e-19	1.11030081e-37	5.17405661e-57	2.15057010e-76	7.15544869e-96	1.59087747e-115	7.31572460e-137	1.13531218e-157	8.77434249e-178	9.67232075e-198	3.80680130e-218	1.47236562e-238	4.56561635e-259	1.60987883e-280	1.00000000e-300	1.00000000e-300	1.00000000e-300	1.00000000e-300	1.00000000e-300	1.00000000e-300	
4.3	6.12192594e-04	4.96074158e-01	5.03295008e-01	1.86419076e-05	7.38549619e-13	3.22585407e-27	1.79483340e-46	8.99620770e-66	3.60035527e-85	9.66616175e-105	5.58737673e-126	9.43574556e-147	7.15371157e-167	9.18296266e-187	3.97427623e-207	1.61516550e-227	5.17980085e-248	2.13970623e-269	4.24056885e-290	1.00000000e-300	1.00000000e-300	1.00000000e-300	1.00000000e-300	1.00000000e-300	
4.4	1.11785363e-04	1.67329504e-01	8.31177565e-01	1.38112729e-03	1.84614676e-08	3.29972137e-19	2.19192332e-38	1.32490529e-57	6.37832320e-77	2.06779589e-96	1.49288563e-117	2.73733109e-138	1.99892734e-158	2.99379553e-178	1.47035781e-198	6.32820230e-219	2.10918985e-239	1.04152380e-260	1.87953189e-281	1.00000000e-300	1.00000000e-300	1.00000000e-300	1.00000000e-300	1.00000000e-300	
4.5	3.35878580e-05	6.92621546e-02	8.99909721e-01	3.07503063e-02	4.42297783e-05	5.94169576e-13	3.73173741e-31	2.72012349e-50	1.57505703e-69	6.15809918e-89	5.51702131e-110	1.09682332e-130	7.59625543e-151	1.32999307e-170	7.61562684e-191	3.49436856e-211	1.21522120e-231	7.31224021e-253	1.25175298e-273	1.05030456e-294	1.00000000e-300	1.00000000e-300	1.00000000e-300	1.00000000e-300	
4.6	1.13831071e-05	2.92563377e-02	7.24073896e-01	2.32119078e-01	1.45392687e-02	3.67595382e-08	5.02547349e-22	5.31986931e-39	3.69923462e-58	1.71713996e-77	1.90163676e-98	4.12878710e-119	2.68713771e-139	5.51049486e-159	3.75963353e-179	1.85331437e-199	6.73442721e-220	5.01371889e-241	8.52267438e-262	8.86836318e-283	1.00000000e-300	1.00000000e-300	1.00000000e-300	1.00000000e-300	
4.7	1.72773393e-06	5.49236814e-03	2.29613508e-01	3.36300869e-01	4.28526114e-01	6.54130445e-05	2.61057434e-15	3.22886539e-28	6.75799807e-44	3.36855651e-63	4.58569047e-84	1.10264751e-104	6.66453619e-125	1.60378683e-144	1.32577237e-164	7.10908021e-185	2.71018269e-205	2.52180393e-226	4.43495469e-247	5.70669071e-268	2.08395074e-288	1.00000000e-300	1.00000000e-300	1.00000000e-300	
4.8	7.13985290e-08	2.86357736e-04	1.93328405e-02	8.29849881e-02	8.94207472e-01	3.18827018e-03	6.97635062e-11	1.39057580e-20	1.32332655e-32	8.37597320e-48	1.29968723e-66	3.74719930e-87	2.05686645e-107	5.81939865e-127	5.90178761e-147	3.50608187e-167	1.41963877e-187	1.66101789e-208	3.12868316e-229	4.92869005e-250	1.89346525e-270	1.54821362e-290	1.00000000e-300	1.00000000e-300	
4.9	5.28983791e-09	2.74015364e-05	2.93360839e-03	2.97932559e-02	9.32318227e-01	3.49274163e-02	8.55983360e-08	4.27865170e-15	2.48733914e-24	2.51227487e-36	3.11771447e-51	1.78375343e-67	2.96313557e-87	9.87448538e-107	1.23942329e-126	8.34347556e-147	3.66407956e-167	5.41294937e-188	1.12504923e-208	2.14319585e-229	8.82227742e-250	8.39657126e-270	6.46238071e-290	1.00000000e-300	
5	6.47327783e-10	4.41520703e-06	7.43275738e-04	1.59574092e-02	8.14478827e-01	1.68804897e-01	1.11759427e-05	2.91701977e-11	2.01987234e-18	6.22457383e-28	9.82602047e-40	1.50182291e-52	2.60854977e-68	6.33997297e-85	9.89893824e-105	7.72509617e-125	3.77201962e-145	7.05934463e-166	1.66125680e-186	3.79074661e-207	1.69433988e-227	1.88032259e-247	1.67900936e-267	1.25711992e-287	
5.1	7.91688638e-11	7.21240209e-07	1.89947846e-04	8.00752033e-03	5.76100175e-01	4.15395582e-01	3.06038336e-04	1.56754484e-08	4.30672541e-14	1.26000484e-21	5.89150458e-31	4.83948795e-41	1.34778867e-53	1.32391904e-66	2.56971863e-86	2.36644132e-106	1.31206549e-126	3.11610101e-147	8.46904661e-168	2.30112124e-188	1.12337495e-208	1.45607308e-228	1.50990106e-248	1.30636880e-268	
5.2	8.96444427e-12	1.10135535e-07	4.51577953e-05	3.53296889e-03	3.48141013e-01	6.45079461e-01	3.19953192e-03	1.75679997e-06	9.18984416e-11	1.06490820e-16	4.72330106e-24	5.82295976e-32	6.00562407e-42	4.57480050e-52	1.09202027e-71	1.19413035e-91	7.59093733e-112	2.28223365e-132	7.24541619e-153	2.33054013e-173	1.24554547e-193	1.88879271e-213	2.27705303e-233	2.27814654e-253	
5.3	1.00631405e-12	1.67662711e-08	1.06347413e-05	1.47416018e-03	1.98273607e-01	7.81467253e-01	1.87024863e-02	7.17999156e-05	4.19300930e-08	9.75914972e-13	1.69625433e-18	1.14613617e-24	1.38761142e-32	2.20691288e-40	6.32335143e-60	8.13627657e-80	5.90741057e-100	2.23038985e-120	8.29233689e-141	3.13048318e-161	1.84124408e-181	3.27227567e-201	4.59105672e-221	5.31532257e-241	
5.4	1.14295394e-13	2.58818780e-09	2.51839832e-06	5.94895067e-04	1.09482182e-01	8.14939707e-01	7.35476351e-02	1.42688096e-03	6.17716441e-06	1.69113071e-09	5.78662164e-14	9.72560671e-19	5.59299934e-25	6.54548857e-31	2.35579238e-48	8.27978115e-68	6.78893174e-88	3.18101946e-108	1.38203044e-128	6.06419675e-149	3.97287523e-169	8.28908434e-189	1.35491261e-208	1.81662636e-228	
5.5	1.24260578e-14	3.82487437e-10	5.65148025e-07	2.20117780e-04	5.56520841e-02	7.24352499e-01	2.03892106e-01	1.55207873e-02	3.61079334e-04	7.61109824e-07	2.99026859e-10	6.75280367e-14	9.02382718e-19	3.39797901e-23	7.71597098e-37	3.65014745e-52	3.10468728e-69	2.17247747e-88	1.10216502e-108	5.58935554e-129	4.15503682e-149	1.01951584e-168	1.94360089e-188	3.02021799e-208	
5.6	1.14253002e-15	4.77513096e-11	1.05902217e-07	6.61165799e-05	2.30609557e-02	4.98468876e-01	3.77040089e-01	9.23212346e-02	8.93869558e-03	1.03619561e-04	3.05801205e-07	5.75045648e-10	1.01666155e-13	6.43315585e-17	1.56776462e-27	1.46239397e-39	4.66647428e-53	3.00802569e-68	7.80561816e-85	7.50894690e-103	1.32918852e-122	3.84236268e-142	8.55264809e-162	1.54160098e-181	
5.7	7.35117376e-17	4.16563763e-12	1.36955089e-08	1.33738971e-05	6.45871548e-03	2.23737760e-01	4.04006267e-01	2.71958867e-01	8.93895951e-02	4.36539222e-03	6.92654829e-05	7.48648487e-07	1.13112572e-09	7.26538047e-12	4.65304666e-20	1.86954223e-29	4.35668474e-40	4.21257902e-52	2.76020893e-65	1.17594464e-79	2.05355767e-95	7.93214588e-112	2.06383563e-131	4.31891272e-151	
5.8	2.69840237e-18	2.06991564e-13	9.96142909e-10	1.48923864e-06	9.98552616e-04	5.40481280e-02	2.11972192e-01	3.46354252e-01	3.28155488e-01	5.47079745e-02	3.59232653e-03	1.67969724e-04	1.55948625e-06	6.72381276e-08	3.64703471e-14	1.88796548e-21	8.77652080e-30	3.01006531e-39	1.06302660e-49	3.82667005e-61	1.07485455e-73	9.68440178e-87	2.94878563e-106	7.17117129e-126	
5.9	5.45628184e-20	5.65378338e-15	3.93456831e-11	8.83726108e-08	8.23995226e-05	6.83736569e-03	5.39296707e-02	1.93640233e-01	4.63639324e-01	2.23725385e-01	4.96237409e-02	8.09131012e-03	3.60567096e-04	6.99139715e-05	1.27256409e-09	3.23898372e-15	1.06593897e-21	4.10381744e-29	2.28735257e-37	1.87214615e-46	1.99998319e-56	9.04012285e-67	3.22538991e-86	9.12467442e-106	
6	6.09853820e-22	8.51358479e-17	8.47049508e-13	2.81115737e-09	3.64669819e-06	4.56954868e-04	6.80426479e-03	4.95467127e-02	2.69542974e-01	3.30943278e-01	2.11926817e-01	1.02278794e-01	1.79287737e-02	1.05647639e-02	3.01704317e-06	1.72975855e-10	1.74792935e-15	2.99966453e-21	9.90080936e-28	6.49070253e-35	8.35494222e-43	5.58718686e-51	2.33890944e-70	7.70569445e-90	
6.1	2.51946847e-24	4.72395252e-19	6.65052708e-15	3.21317649e-11	5.79477385e-08	1.08244836e-05	2.88925400e-04	3.99679195e-03	4.53047358e-02	1.27850965e-01	2.08994175e-01	2.62205785e-01	1.50968868e-01	1.99893131e-01	4.85409980e-04	3.28737555e-07	5.15315951e-11	1.86678660e-15	1.66060607e-20	3.79339960e-26	2.34538195e-32	8.79304498e-39	4.32473194e-58	1.66131374e-77	
6.2	3.63357105e-27	9.11760500e-22	1.79879475e-17	1.24833921e-13	3.12479578e-10	8.59889576e-08	3.93972096e-06	9.81589404e-05	2.16047982e-03	1.29043897e-02	4.87156932e-02	1.42365313e-01	2.26547709e-01	5.59953505e-01	7.21674479e-03	3.39339644e-05	4.70238822e-08	1.95350177e-11	2.47276466e-15	1.00952895e-19	1.43051005e-24	1.39010211e-29	8.04503799e-49	3.60828758e-68	
6.3	4.90173978e-30	1.63826305e-24	4.48869811e-20	4.42056279e-16	1.53261269e-12	6.14235679e-10	4.65467079e-08	1.99831722e-06	8.06017476e-05	9.51508087e-04	7.62400904e-03	4.70852882e-02	1.76348413e-01	7.31640638e-01	3.54966077e-02	7.64920761e-04	5.95116911e-06	1.72689892e-08	1.84664074e-11	7.86075842e-15	1.40294529e-18	1.91376958e-22	8.55270437e-41	4.48490004e-60	
6.4	9.27031034e-33	4.10168515e-27	1.54755827e-22	2.13884946e-18	1.02441989e-14	5.91205677e-12	7.17514344e-10	5.11052765e-08	3.59815356e-06	7.91843990e-05	1.25244060e-03	1.49930935e-02	1.15020094e-01	7.52645584e-01	1.07899184e-01	7.86142172e-03	2.42011508e-04	3.31639944e-06	1.96706487e-08	5.64563705e-11	7.81437776e-14	9.18708383e-17	1.96761459e-31	2.35751279e-47	
6.5	2.37042297e-35	1.37834788e-29	7.10160957e-25	1.36343181e-20	8.99353756e-17	7.39253281e-14	1.39660072e-11	1.59703482e-09	1.88268674e-07	7.33999834e-06	2.15208328e-04	4.63495899e-03	6.51775174e-02	6.47932272e-01	2.31479741e-01	4.60069736e-02	4.33240340e-03	2.08393567e-04	4.93490478e-06	6.73001254e-08	4.89794075e-10	3.36613559e-12	6.40883238e-24	9.85352785e-37	
6.6	6.95936507e-38	5.27460402e-32	3.68066053e-27	9.72243894e-23	8.80279906e-19	1.01971323e-15	2.92394139e-13	5.21479053e-11	9.92717052e-09	6.55787522e-07	3.37455450e-05	1.22832057e-03	2.91266751e-02	4.29977980e-01	3.38658435e-01	1.57704805e-01	3.77475172e-02	5.12468258e-03	3.78043737e-04	1.85892508e-05	5.24617555e-07	1.54759469e-08	6.87119328e-18	3.29175120e-28	
6.7	1.87109555e-40	1.83112493e-34	1.71623597e-29	6.18023643e-25	7.65262259e-21	1.23692780e-17	5.26522105e-15	1.42751823e-12	4.25086618e-10	4.57631268e-08	3.94293993e-06	2.30559748e-04	8.67702375e-03	1.87533122e-01	2.97274115e-01	2.90290391e-01	1.54377830e-01	5.04526085e-02	9.64723849e-03	1.38161686e-03	1.19665027e-04	1.18394631e-05	4.23360305e-13	2.05307168e-21	
6.8	3.61974843e-43	4.52666984e-37	5.65086203e-32	2.74945304e-27	4.63840682e-23	1.03653030e-19	6.42494427e-17	2.58922669e-14	1.17287641e-11	1.98900750e-09	2.75551235e-07	2.48573737e-05	1.42172097e-03	4.45737708e-02	1.32590652e-01	2.49777917e-01	2.67156341e-01	1.86886404e-01	8.08292556e-02	2.86337498e-02	6.37274856e-03	1.73230312e-03	2.14215132e-09	4.30507062e-16	
6.9	3.91416378e-46	6.18723377e-40	1.01982502e-34	6.64536273e-30	1.52150879e-25	4.66144396e-22	4.13683383e-19	2.42995404e-16	1.63451160e-13	4.23992179e-11	9.12411446e-09	1.22983019e-06	1.03631944e-04	4.68275479e-03	2.47282893e-02	8.42285511e-02	1.67961336e-01	2.30105523e-01	2.03174846e-01	1.57057339e-01	7.83901149e-02	4.95652954e-02	1.08041943e-06	4.42740361e-12	
7	1.97674866e-49	3.90558616e-43	8.42577705e-38	7.28937410e-33	2.25636298e-28	9.40540573e-25	1.17751483e-21	9.91138672e-19	9.69429133e-16	3.75040396e-13	1.21776662e-10	2.39190841e-08	2.90241520e-06	1.87989139e-04	1.68418725e-03	9.84616476e-03	3.44934832e-02	8.64034763e-02	1.43966446e-01	2.20263939e-01	2.21480407e-01	2.81607886e-01	6.30916867e-05	3.00358224e-09	
7.1	7.04688783e-53	1.72082509e-46	4.81552915e-41	5.48273677e-36	2.28560780e-31	1.28747899e-27	2.24479792e-24	2.66770691e-21	3.72526385e-18	2.10335206e-15	1.00568678e-12	2.82350610e-10	4.85137422e-08	4.48107952e-06	6.55544939e-05	6.29975817e-04	3.69329193e-03	1.60139384e-02	4.73303446e-02	1.32558392e-01	2.46102932e-01	5.52775538e-01	8.25211504e-04	2.92138812e-07	
7.2	3.01211889e-56	8.98831265e-50	3.23266555e-44	4.80103822e-39	2.68529135e-34	2.03178214e-30	4.87906624e-27	8.08220929e-24	1.58570173e-20	1.28304229e-17	8.85267447e-15	3.50006708e-12	8.41143839e-10	1.10259662e-07	2.55009416e-06	3.88713574e-05	3.66433887e-04	2.62950170e-03	1.31124376e-02	6.30399880e-02	2.00961450e-01	7.14814364e-01	5.02500339e-03	9.28916014e-06	
7.3	1.81415859e-59	6.54093741e-53	2.99491279e-47	5.74965830e-42	4.29864193e-37	4.34486389e-33	1.42311366e-29	3.25017846e-26	8.83605182e-23	1.00889567e-19	9.87846023e-17	5.43660570e-14	1.81040632e-11	3.35108847e-09	1.19088435e-07	2.79557182e-06	4.10196491e-05	4.69502933e-04	3.79189207e-03	2.96620730e-02	1.52835670e-01	7.93095198e-01	1.99560385e-02	1.45687202e-04	
7.4	1.51044240e-62	6.50512430e-56	3.75504807e-50	9.23262047e-45	9.19307706e-40	1.23492833e-35	5.46911023e-32	1.70553856e-28	6.34733258e-25	1.00943668e-21	1.38313475e-18	1.04970399e-15	4.80855188e-13	1.25004681e-10	6.65587882e-09	2.34815887e-07	5.22189696e-06	9.24747789e-05	1.16970282e-03	1.42498654e-02	1.13001656e-01	8.11104772e-01	5.90127902e-02	1.36327544e-03	
7.5	1.61977641e-65	8.23695721e-59	5.93414621e-53	1.85108321e-47	2.44622207e-42	4.34695352e-38	2.58221530e-34	1.09017969e-30	5.49333087e-27	1.20318776e-23	2.28033818e-20	2.36810633e-17	1.48312734e-14	5.38331026e-12	4.20122212e-10	2.18111561e-08	7.18826015e-07	1.91998900e-05	3.69922598e-04	6.77622751e-03	7.96158865e-02	7.67675697e-01	1.37133823e-01	8.40850238e-03	
7.6	2.06284068e-68	1.22439393e-61	1.08970889e-55	4.27086447e-50	7.46514370e-45	1.74707645e-40	1.38164515e-36	7.83554853e-33	5.29267874e-29	1.58066473e-25	4.10353334e-22	5.79322354e-19	4.93493772e-16	2.48527332e-13	2.78943119e-11	2.09262685e-09	1.00257960e-07	3.95090825e-06	1.13233703e-04	3.03292632e-03	5.13192690e-02	6.55893277e-01	2.53752682e-01	3.58845585e-02	
7.7	2.89799088e-71	1.98540576e-64	2.16023118e-58	1.05340995e-52	2.42774484e-47	7.45230111e-43	7.78866484e-39	5.88978547e-35	5.28307556e-31	2.13178677e-27	7.51714787e-24	1.43426883e-20	1.65382831e-17	1.14828018e-14	1.82208297e-12	1.94428182e-10	1.33177254e-08	7.59834628e-07	3.17381042e-05	1.21590508e-03	2.90181389e-02	4.89370367e-01	3.72016503e-01	1.08346575e-01	
7.8	4.28378619e-74	3.35184398e-67	4.41209249e-61	2.65037627e-55	8.02929739e-50	3.22091457e-45	4.41750439e-41	4.42316295e-37	5.22096120e-33	2.82216312e-29	1.34182278e-25	3.44221667e-22	5.34907209e-19	5.08800420e-16	1.12412355e-13	1.68275586e-11	1.62427724e-09	1.31980865e-07	7.89606864e-06	4.25217339e-04	1.40979897e-02	3.13619387e-01	4.34178102e-01	2.37671274e-01	
7.9	6.63861464e-77	5.87323953e-70	9.25587056e-64	6.78116275e-58	2.69260730e-52	1.40693181e-47	2.51504940e-43	3.31219980e-39	5.09922622e-35	3.66197294e-31	2.33268310e-27	8.00712788e-24	1.66984199e-20	2.16305511e-17	6.56704237e-15	1.36287112e-12	1.83067974e-10	2.08854813e-08	1.76288259e-06	1.31624971e-04	5.99574317e-03	1.76168925e-01	4.18095202e-01	3.99606721e-01	
8	1.11088500e-79	1.10127626e-72	2.05658197e-66	1.81949784e-60	9.44424227e-55	6.40987665e-50	1.48388356e-45	2.55414852e-41	5.08413870e-37	4.81183170e-33	4.08273973e-29	1.86676699e-25	5.20252042e-22	9.12591118e-19	3.76469586e-16	1.07225233e-13	1.98345226e-11	3.13907841e-09	3.69013513e-07	3.77818590e-05	2.34461008e-03	9.10841665e-02	3.52606253e-01	5.53926817e-01	
