4	9.79260049e-01	2.07398806e-02	7.08541677e-08	6.74253621e-24	3.06478919e-42	9.57746621e-61	2.13782728e-79	2.97747532e-98	2.30812040e-117	1.15406020e-136	3.31626495e-156	2.38580212e-176	5.56351496e-197	2.41891955e-217	8.60825461e-238	2.58506145e-258	6.98665256e-279	1.40737920e-300	1.00000000e-300	1.00000000e-300	1.00000000e-300	1.00000000e-300	1.00000000e-300	1.00000000e-300	1.00000000e-300	1.00000000e-300	1.00000000e-300	1.00000000e-300	1.00000000e-300	1.00000000e-300	1.00000000e-300	
4.1	7.82091689e-01	2.17884300e-01	2.40102670e-05	3.60210973e-17	1.92215034e-35	7.05738851e-54	1.85082702e-72	3.06083717e-91	2.77626954e-110	1.63051010e-129	5.54048761e-149	4.75170464e-169	1.21464842e-189	6.35808430e-210	2.73795724e-230	9.93994278e-251	3.25377026e-271	7.36947423e-293	1.00000000e-300	1.00000000e-300	1.00000000e-300	1.00000000e-300	1.00000000e-300	1.00000000e-300	1.00000000e-300	1.00000000e-300	1.00000000e-300	1.00000000e-300	1.00000000e-300	1.00000000e-300	1.00000000e-300	
4.2	2.95757513e-01	7.02983682e-01	1.25880471e-03	2.87550529e-12	4.84815917e-28	2.09116596e-46	6.44327827e-65	1.26527340e-83	1.34275008e-102	9.26353971e-122	3.72224041e-141	3.80531034e-161	1.04240798e-181	6.56924616e-202	3.42308695e-222	1.50234231e-242	5.95623958e-263	1.50330370e-284	1.00000000e-300	1.00000000e-300	1.00000000e-300	1.00000000e-300	1.00000000e-300	1.00000000e-300	1.00000000e-300	1.00000000e-300	1.00000000e-300	1.00000000e-300	1.00000000e-300	1.00000000e-300	1.00000000e-300	
4.3	6.39944074e-02	9.19661501e-01	1.63440846e-02	7.24938484e-09	1.09632703e-20	2.44181425e-38	8.83946658e-57	2.06110630e-75	2.55923599e-94	2.07393516e-113	9.85429613e-133	1.20090865e-152	3.49213019e-173	2.64956767e-193	1.67059752e-213	8.86399705e-234	4.25621677e-254	1.20559052e-275	6.08884101e-297	1.00000000e-300	1.00000000e-300	1.00000000e-300	1.00000000e-300	1.00000000e-300	1.00000000e-300	1.00000000e-300	1.00000000e-300	1.00000000e-300	1.00000000e-300	1.00000000e-300	1.00000000e-300	
4.4	1.33334101e-02	8.80465209e-01	1.06198901e-01	2.47982600e-06	3.72553948e-15	1.89373521e-28	8.05056842e-47	2.22896296e-65	3.23826557e-84	3.08230114e-103	1.73182444e-122	2.51587024e-142	7.71171604e-163	7.04394962e-183	5.37418907e-203	3.44720274e-223	2.00477042e-243	6.48079919e-265	3.64848235e-286	1.00000000e-300	1.00000000e-300	1.00000000e-300	1.00000000e-300	1.00000000e-300	1.00000000e-300	1.00000000e-300	1.00000000e-300	1.00000000e-300	1.00000000e-300	1.00000000e-300	1.00000000e-300	
4.5	2.54714352e-03	6.20633040e-01	3.76613514e-01	2.06302857e-04	4.91089396e-11	6.47312521e-21	3.04341058e-35	1.00023353e-53	1.70023889e-72	1.90098266e-91	1.26302748e-110	2.18724994e-130	6.93176757e-151	7.62285566e-171	7.03734829e-191	5.45700084e-211	3.84377040e-231	1.44182843e-252	9.29073025e-274	1.14222332e-294	1.00000000e-300	1.00000000e-300	1.00000000e-300	1.00000000e-300	1.00000000e-300	1.00000000e-300	1.00000000e-300	1.00000000e-300	1.00000000e-300	1.00000000e-300	1.00000000e-300	
4.6	3.87126582e-04	2.91929107e-01	7.02635567e-01	5.04814197e-03	5.76413315e-08	2.68644350e-15	5.33402423e-26	5.15403039e-40	1.02453592e-58	1.34524149e-77	1.05683203e-96	2.18168913e-116	6.92511785e-137	9.16857694e-157	1.02422746e-176	9.59823314e-197	8.18473023e-217	3.59042386e-238	2.68422836e-259	3.39294717e-280	2.52357543e-300	1.00000000e-300	1.00000000e-300	1.00000000e-300	1.00000000e-300	1.00000000e-300	1.00000000e-300	1.00000000e-300	1.00000000e-300	1.00000000e-300	1.00000000e-300	
4.7	5.26894065e-05	1.06691716e-01	8.42485944e-01	5.07568727e-02	1.27786126e-05	4.47875543e-11	5.32085022e-19	2.17872850e-29	3.07012223e-44	3.47900431e-62	3.22997337e-81	7.94835585e-101	2.45774763e-121	3.91741602e-141	5.29523657e-161	5.98237180e-181	6.15021106e-201	3.14588801e-222	2.71010338e-243	3.61940701e-264	3.13558608e-284	1.00000000e-300	1.00000000e-300	1.00000000e-300	1.00000000e-300	1.00000000e-300	1.00000000e-300	1.00000000e-300	1.00000000e-300	1.00000000e-300	1.00000000e-300	
4.8	6.62145599e-06	3.20751107e-02	7.13577423e-01	2.53542413e-01	7.98353141e-04	7.85476477e-08	9.76012007e-14	2.45447169e-21	1.74372578e-32	4.09677351e-46	3.50337789e-63	1.02690172e-82	3.05762011e-103	5.86413785e-123	9.58631048e-143	1.28837869e-162	1.55842207e-182	9.21815962e-204	8.93578870e-225	1.28124524e-245	1.29570531e-265	3.82326738e-286	1.00000000e-300	1.00000000e-300	1.00000000e-300	1.00000000e-300	1.00000000e-300	1.00000000e-300	1.00000000e-300	1.00000000e-300	1.00000000e-300	
4.9	6.48742588e-07	6.83900345e-03	3.79070414e-01	5.98947472e-01	1.51211532e-02	2.13076046e-05	8.03794622e-10	1.99437648e-15	8.32374443e-24	3.79632896e-34	3.54077301e-47	2.26403962e-62	7.99195134e-82	1.82974297e-101	3.59026562e-121	5.46438613e-141	7.13077753e-161	4.85119908e-182	5.15717423e-203	7.99574292e-224	9.45861182e-244	3.56996106e-264	1.26450873e-284	1.00000000e-300	1.00000000e-300	1.00000000e-300	1.00000000e-300	1.00000000e-300	1.00000000e-300	1.00000000e-300	1.00000000e-300	
5	5.10898420e-08	1.08368512e-03	1.35423584e-01	7.56041105e-01	1.06178651e-01	1.27226865e-03	6.54421076e-07	4.35328484e-11	1.67205570e-17	1.78666489e-25	1.83209927e-35	4.72347723e-47	2.24367798e-62	5.78252617e-82	1.28938974e-101	1.94648371e-121	2.28917289e-141	1.79289857e-162	2.06208287e-183	3.45853591e-204	4.79586204e-224	2.30481644e-244	8.86161113e-265	1.97733201e-285	1.00000000e-300	1.00000000e-300	1.00000000e-300	1.00000000e-300	1.00000000e-300	1.00000000e-300	1.00000000e-300	
5.1	3.54144879e-09	1.41524438e-04	3.67407041e-02	5.97605510e-01	3.42605006e-01	2.28150409e-02	9.21347527e-05	7.58875335e-08	8.56605313e-13	5.39796985e-19	8.90072711e-27	1.33193493e-35	1.18779711e-47	1.73108144e-63	7.33028416e-81	3.30818037e-100	2.89733786e-120	2.62155072e-141	3.26209587e-162	5.89240777e-183	9.59816223e-203	5.84398577e-223	2.48373742e-243	6.36529323e-264	9.71666981e-285	1.00000000e-300	1.00000000e-300	1.00000000e-300	1.00000000e-300	1.00000000e-300	1.00000000e-300	
5.2	2.08538811e-10	1.48556869e-05	7.48830058e-03	3.01596767e-01	5.44490431e-01	1.43330724e-01	3.06007292e-03	1.88458638e-05	3.10319258e-09	4.90736064e-14	3.82624912e-20	6.28895889e-27	2.20523027e-36	6.83800351e-49	1.22863463e-62	4.54007003e-78	1.74204412e-95	4.66695973e-115	9.38714849e-136	1.81755930e-156	3.48511907e-176	2.67612614e-196	1.28431451e-216	3.80233445e-237	6.87471197e-258	1.57514308e-278	3.13523702e-299	1.00000000e-300	1.00000000e-300	1.00000000e-300	1.00000000e-300	
5.3	1.05369306e-11	1.27745730e-06	1.18226660e-03	1.03275181e-01	4.77842522e-01	3.84128990e-01	3.25268623e-02	1.04137958e-03	1.52056813e-06	3.27787972e-10	5.46856313e-15	3.07404578e-20	1.22473849e-27	1.37685141e-37	1.53951388e-48	6.76468979e-61	7.42935921e-75	1.60760746e-90	4.40819838e-107	7.84953466e-126	6.43756648e-145	6.20607971e-165	3.43617724e-185	1.17964133e-205	2.55112745e-226	6.80028641e-247	1.58677581e-267	5.18927271e-288	1.00000000e-300	1.00000000e-300	1.00000000e-300	
5.4	4.75168833e-13	9.42364316e-08	1.52879966e-04	2.61239442e-02	2.65888993e-01	5.41910807e-01	1.47129538e-01	1.86280728e-02	1.65366735e-04	3.04346719e-07	6.09762333e-11	5.47751228e-15	9.27439344e-21	1.09429089e-28	1.95197185e-37	2.42007876e-47	1.55207277e-58	4.50538476e-71	2.49146177e-84	2.27878905e-99	1.67425961e-114	2.01160592e-134	1.30708637e-154	5.21416295e-175	1.35937715e-195	4.20898893e-216	1.15112923e-236	4.27849557e-257	4.48879564e-277	3.85966951e-297	1.00000000e-300	
5.5	1.80543933e-14	5.66155841e-09	1.54994325e-05	4.80182066e-03	9.65041870e-02	4.37312516e-01	3.24297089e-01	1.31702681e-01	5.30830155e-03	5.78103815e-05	8.94233240e-08	7.50495708e-11	2.50094216e-15	1.24675989e-21	1.30301535e-28	1.52052811e-36	1.65281747e-45	1.55014109e-55	3.80449577e-66	3.27308777e-78	3.51447540e-90	5.18963896e-110	3.98865495e-130	1.85389493e-150	5.85249530e-171	2.09887222e-191	6.71832598e-212	2.85521716e-232	3.50746543e-252	3.50792146e-272	2.97811483e-292	
5.6	4.94104460e-16	2.38113553e-10	1.06739819e-06	5.68349279e-04	2.09533888e-02	1.92626614e-01	3.44944103e-01	3.82423691e-01	5.57675697e-02	2.69227608e-03	2.28214368e-05	1.19452670e-07	4.33527457e-11	4.53559482e-16	1.28721267e-21	6.00759594e-28	4.18153351e-35	4.11470703e-43	1.35602651e-51	2.87525902e-61	1.06857544e-70	1.89732856e-90	1.72093293e-110	9.36205491e-131	3.58575775e-151	1.48429413e-171	5.55291480e-192	2.73502182e-212	3.94072650e-232	4.58923069e-252	4.51118715e-272	
5.7	9.32565742e-18	6.73676575e-12	4.82377538e-08	4.24966862e-05	2.73423247e-03	4.77841692e-02	1.87681090e-01	5.01179489e-01	2.21456877e-01	3.77469970e-02	1.34247488e-03	3.20456910e-05	8.09196224e-08	1.02485931e-11	4.31927505e-16	4.09798494e-21	8.43862659e-27	3.58913885e-33	6.18920180e-40	1.12363163e-47	4.61016717e-55	9.67600324e-74	1.02712205e-93	6.57442263e-114	3.06043321e-134	1.46166454e-154	6.39958205e-175	3.71442454e-195	6.28817427e-215	8.53617630e-235	9.72362544e-255	
5.8	1.22904650e-19	1.30209694e-13	1.46167774e-09	2.06930663e-06	2.24250556e-04	7.10666991e-03	5.67406561e-02	3.31026222e-01	3.85503528e-01	1.93879140e-01	2.34902649e-02	2.00207712e-03	2.50967315e-05	2.48819353e-08	9.65488317e-12	1.08597047e-15	3.57545362e-20	3.26495959e-25	1.40240933e-30	9.47715269e-37	1.74608750e-42	3.11824346e-57	2.29503241e-73	1.05677672e-90	1.65893553e-109	1.85458553e-129	9.55971921e-150	6.64469258e-170	1.32401319e-189	2.09738018e-209	2.77079394e-229	
5.9	1.06749210e-21	1.62686345e-15	2.82596261e-11	6.27916158e-08	1.11857477e-05	6.20202809e-04	9.47749369e-03	1.11804461e-01	3.07208962e-01	3.95665605e-01	1.38678983e-01	3.48444803e-02	1.67932496e-03	9.21674916e-06	2.25155420e-08	1.95032600e-11	6.28418597e-15	7.09641152e-19	4.23975533e-23	5.57540324e-28	2.30176530e-32	5.67587978e-44	9.21915999e-57	1.49374462e-70	1.50525570e-85	1.66916154e-101	1.55940621e-118	9.73879419e-137	1.40412905e-155	2.59855474e-175	3.98471891e-195	
6	5.83412628e-24	1.25859336e-17	3.34661667e-13	1.14366181e-09	3.29194107e-07	3.10710059e-05	8.65827835e-04	1.94090679e-02	1.15106264e-01	3.39405497e-01	3.02377573e-01	1.92749328e-01	2.93692261e-02	6.78067521e-04	7.71054090e-06	3.64267741e-08	7.77707780e-11	7.04407744e-14	3.72068062e-17	5.81620698e-21	3.14910564e-24	2.52429846e-33	1.95465054e-43	2.20005119e-54	2.50227554e-66	4.43579077e-79	1.00413991e-92	2.57727240e-107	2.10462581e-122	4.55566433e-142	8.11627352e-162	
6.1	2.04517656e-26	6.15846851e-20	2.47996345e-15	1.28002570e-11	5.86264830e-09	9.21592754e-07	4.50116594e-05	1.82230769e-03	2.16891682e-02	1.33909463e-01	2.73425767e-01	3.93158868e-01	1.62687548e-01	1.27201641e-02	5.30278751e-04	1.03875599e-05	1.08234773e-07	5.61967495e-10	1.85313294e-12	2.37090294e-15	1.07198058e-17	8.66461450e-25	9.37917971e-33	2.01461453e-41	6.46018711e-51	4.28942371e-61	5.10025541e-72	1.04241971e-83	8.63409008e-96	2.18861599e-115	4.53467593e-135	
6.2	5.27538908e-29	2.18818665e-22	1.32188511e-17	1.01394557e-13	7.27785362e-11	1.86958636e-08	1.55007912e-06	1.08662725e-04	2.44405024e-03	2.94048585e-02	1.26501498e-01	3.74161179e-01	3.72948718e-01	8.31869329e-02	1.05258444e-02	6.88401170e-04	2.76406715e-05	6.35953516e-07	1.00242250e-08	7.77050885e-11	1.90445402e-12	5.89560521e-18	3.30340306e-24	4.80485407e-31	1.43303504e-38	1.11980031e-46	2.07243907e-55	9.14894634e-65	1.95969404e-74	5.82496816e-94	1.40509653e-113	
6.3	1.09938651e-31	6.20296810e-25	5.58180751e-20	6.27201208e-16	6.96555451e-13	2.87105748e-10	3.93366693e-08	4.60712889e-06	1.86237255e-04	4.11870668e-03	3.48310170e-02	1.97045312e-01	4.29556505e-01	2.38669653e-01	7.89965897e-02	1.45491096e-02	1.87579212e-03	1.56537367e-04	9.52112406e-06	3.42119776e-07	3.03756084e-08	1.62575377e-12	2.09793169e-17	8.91671028e-23	1.01694593e-28	3.70147792e-35	4.03650465e-42	1.36235884e-49	2.54674166e-57	8.88853014e-77	2.49916497e-96	
6.4	1.69344643e-34	1.28364445e-27	1.70712026e-22	2.77468382e-18	4.71083455e-15	3.06305578e-12	6.76794384e-10	1.28415509e-07	8.94060488e-06	3.46417456e-04	5.43730025e-03	5.55191807e-02	2.44623452e-01	3.03897657e-01	2.33937740e-01	1.06155069e-01	3.80578459e-02	9.79792707e-03	1.91263309e-03	2.47800913e-04	5.78790880e-05	2.86778719e-08	4.42454459e-12	2.76760622e-16	5.90042994e-21	4.74656604e-26	1.39990000e-31	1.57442497e-37	1.08307933e-43	4.44522605e-63	1.45869464e-82	
6.5	1.30165117e-37	1.30848776e-30	2.54747896e-25	5.92189630e-21	1.51889517e-17	1.53194703e-14	5.34095399e-12	1.59787714e-09	1.84677467e-07	1.20425098e-05	3.34239623e-04	5.87821041e-03	4.90553818e-02	1.24938694e-01	2.03678327e-01	2.04870026e-01	1.81546610e-01	1.25824501e-01	6.68156086e-02	2.47778088e-02	1.22331560e-02	3.51679703e-05	3.86376103e-08	2.04579545e-11	4.57080895e-15	4.45084845e-19	1.89868797e-23	3.64628746e-28	4.64537887e-33	2.24555463e-52	8.61190654e-72	
6.6	2.41781400e-41	3.18091819e-34	8.97418613e-29	2.95426349e-24	1.13155533e-20	1.74042736e-17	9.39482143e-15	4.32678316e-12	8.03911851e-10	8.52318441e-08	4.01346858e-06	1.16958330e-04	1.75141550e-03	8.52822751e-03	2.73055670e-02	5.59409235e-02	1.10873177e-01	1.83888267e-01	2.29157795e-01	1.99323666e-01	1.80952700e-01	2.14586964e-03	1.13014427e-05	3.28747652e-08	4.83845712e-11	3.51211042e-14	1.31052527e-17	2.50375610e-21	3.42337842e-25	1.16617430e-41	3.15710400e-59	
6.7	2.05047892e-45	3.48451769e-38	1.40961194e-32	6.51342681e-28	3.68287399e-24	8.50041876e-21	6.97870922e-18	4.84314097e-15	1.40611364e-12	2.35221850e-10	1.81277784e-08	8.46935600e-07	2.17423110e-05	1.91193530e-04	1.13075062e-03	4.40535513e-03	1.79278492e-02	6.42923011e-02	1.65682873e-01	2.88421501e-01	4.40793310e-01	1.68121405e-02	3.16445505e-04	3.64800338e-06	2.45896030e-08	9.06180167e-11	1.97812565e-13	2.43550550e-16	2.31644760e-19	1.28214969e-32	7.65942902e-47	
6.8	2.22437704e-49	4.82073046e-42	2.76228351e-36	1.77774456e-31	1.46492007e-27	5.00045699e-24	6.14304007e-21	6.30369946e-18	2.78884045e-15	7.16868861e-13	8.76111324e-11	6.37664135e-09	2.69861816e-07	4.08503193e-06	4.24008273e-05	2.96820447e-04	2.30583311e-03	1.64037738e-02	7.88559133e-02	2.44274578e-01	5.93766852e-01	6.06392288e-02	3.28943759e-03	1.17999600e-04	2.76294793e-06	3.84082553e-08	3.56849185e-10	2.00936901e-12	9.42065302e-15	1.96338801e-25	5.62169558e-37	
6.9	3.76201159e-53	1.02690474e-45	8.22738364e-40	7.32116185e-35	8.67540105e-31	4.31786893e-27	7.82267467e-24	1.16706093e-20	7.69517777e-18	2.96911454e-15	5.59598171e-13	6.18564827e-11	4.17165735e-09	1.04344156e-07	1.81937178e-06	2.18105072e-05	3.04004123e-04	3.99013763e-03	3.30263100e-02	1.67585554e-01	6.24354661e-01	1.48870476e-01	1.98622927e-02	1.85480336e-03	1.22723010e-04	5.13851038e-06	1.58559025e-07	3.12974977e-09	5.50588219e-11	1.35253420e-19	5.51925656e-29	
7	9.10277802e-57	3.09164945e-49	3.42318635e-43	4.18353677e-38	7.04208434e-34	5.03854846e-30	1.32778025e-26	2.83762573e-23	2.73484111e-20	1.55169782e-17	4.40060964e-15	7.22240386e-13	7.53384055e-11	3.00493446e-09	8.47415500e-08	1.66931165e-06	3.96093396e-05	9.02703975e-04	1.21045314e-02	9.50358465e-02	5.29545709e-01	2.65569367e-01	7.73899591e-02	1.64655028e-02	2.63893884e-03	2.80891105e-04	2.37722664e-05	1.34073588e-06	7.12062276e-08	8.19476202e-15	1.81896434e-22	
7.1	2.60874733e-60	1.08932681e-52	1.64972919e-46	2.75122797e-41	6.51122650e-37	6.61132221e-33	2.49883628e-29	7.55002832e-26	1.04570227e-22	8.56902417e-20	3.57946780e-17	8.55062783e-15	1.34395469e-12	8.28565834e-11	3.65602045e-09	1.14196367e-07	4.41250509e-06	1.66048574e-04	3.44757048e-03	4.02675455e-02	3.30093236e-01	3.21115169e-01	1.86624312e-01	8.17515815e-02	2.82495081e-02	6.72332187e-03	1.34677888e-03	1.85440657e-04	2.49568437e-05	6.45947739e-11	3.62875055e-17	
7.2	6.53912152e-64	3.31824067e-56	6.81047326e-50	1.54031047e-44	5.08065817e-40	7.23950970e-36	3.87328720e-32	1.63586650e-28	3.20812042e-25	3.73762957e-22	2.25675469e-19	7.71032156e-17	1.78534838e-14	1.65583497e-12	1.11083241e-10	5.33375528e-09	3.23207387e-07	1.92676592e-05	5.98987732e-04	1.01320941e-02	1.20793477e-01	2.13832977e-01	2.30842701e-01	1.92463557e-01	1.31101410e-01	6.32073556e-02	2.67247722e-02	7.93970750e-03	2.34328851e-03	7.60644910e-08	5.89416811e-13	
7.3	9.53873857e-68	5.81337013e-60	1.60360898e-53	4.89009204e-48	2.23146911e-43	4.41944864e-39	3.30868103e-35	1.93385934e-31	5.30084980e-28	8.66051546e-25	7.43611008e-22	3.57685926e-19	1.19657081e-16	1.63124942e-14	1.62307728e-12	1.16616627e-10	1.07359372e-08	9.79923228e-07	4.44947841e-05	1.06974982e-03	1.83809450e-02	5.62164109e-02	1.06500518e-01	1.58816646e-01	1.98796204e-01	1.79771208e-01	1.46581043e-01	8.50855521e-02	4.87237867e-02	1.24504356e-05	8.22526887e-10	
7.4	7.10887129e-72	5.14488058e-64	1.89239949e-57	7.73652316e-52	4.85212492e-47	1.32493260e-42	1.37438399e-38	1.10191356e-34	4.17448546e-31	9.45069022e-28	1.13762645e-24	7.59709512e-22	3.61003306e-19	7.09014181e-17	1.02437333e-14	1.07631390e-12	1.46571488e-10	1.99203473e-08	1.29654995e-06	4.37155559e-05	1.07427257e-03	5.43486436e-03	1.72400509e-02	4.37054099e-02	9.50006252e-02	1.51555889e-01	2.21603080e-01	2.31718947e-01	2.32299421e-01	3.22283337e-04	1.23972023e-07	
7.5	4.26625880e-76	3.62711265e-68	1.76456827e-61	9.62127029e-56	8.23917164e-51	3.07983803e-46	4.39054478e-42	4.79118153e-38	2.48357132e-34	7.70989971e-31	1.28504614e-27	1.17640609e-24	7.82642340e-22	2.17580365e-19	4.48223760e-17	6.75139324e-15	1.32989962e-12	2.63024857e-10	2.41892062e-08	1.13260878e-06	3.95170333e-05	3.18856126e-04	1.62894382e-03	6.73249099e-03	2.42548513e-02	6.49383219e-02	1.60370830e-01	2.82553085e-01	4.56594817e-01	2.56288242e-03	4.24713689e-06	
7.6	3.08777711e-80	3.05222169e-72	1.94655488e-65	1.40845397e-59	1.63600066e-54	8.31696945e-50	1.61791803e-45	2.38593852e-41	1.67706453e-37	7.07193316e-34	1.61445562e-30	2.00295757e-27	1.84266302e-24	7.14100814e-22	2.06433260e-19	4.38116962e-17	1.22483031e-14	3.45917116e-12	4.44460353e-10	2.86859224e-08	1.41111201e-06	1.75917780e-05	1.40154356e-04	9.12247842e-04	5.24270485e-03	2.26128920e-02	8.97957254e-02	2.52410489e-01	6.17679371e-01	1.11248104e-02	6.25722975e-05	
7.7	3.03914765e-84	3.45937922e-76	2.86552823e-69	2.73839369e-63	4.28559842e-58	2.94320888e-53	7.76328903e-49	1.53701305e-44	1.45276228e-40	8.25034256e-37	2.55461128e-33	4.25036105e-30	5.35063098e-27	2.85223942e-24	1.14109106e-21	3.36106216e-19	1.31185356e-16	5.20773371e-14	9.26278677e-12	8.19072257e-10	5.64057104e-08	1.05598794e-06	1.27742073e-05	1.27258066e-04	1.13046661e-03	7.59469657e-03	4.65942026e-02	2.00099643e-01	7.09686449e-01	3.42128631e-02	5.40533603e-04	
7.8	4.04511964e-88	5.25541471e-80	5.60079926e-73	7.03610859e-67	1.47412305e-61	1.35845065e-56	4.82750348e-52	1.27524317e-47	1.60801594e-43	1.22012234e-39	5.07887664e-36	1.12216663e-32	1.91550704e-29	1.38809780e-26	7.59180843e-24	3.06250911e-21	1.64487184e-18	9.05822146e-16	2.21312420e-13	2.66729126e-11	2.55314160e-09	7.00434272e-08	1.25710948e-06	1.87026796e-05	2.50062453e-04	2.54384039e-03	2.33494213e-02	1.48117356e-01	7.39707357e-01	8.28491775e-02	3.16275251e-03	
7.9	6.97306924e-92	1.02568306e-83	1.39273615e-76	2.28965424e-70	6.38051430e-65	7.83938723e-60	3.72922629e-55	1.30687233e-50	2.18164747e-46	2.19465748e-42	1.21774262e-38	3.53945355e-35	8.12759689e-32	7.92052436e-29	5.85667808e-26	3.19712271e-23	2.33256777e-20	1.76238114e-17	5.87522241e-15	9.60681939e-13	1.26903430e-10	4.99708397e-09	1.30408947e-07	2.83666149e-06	5.57924183e-05	8.38942718e-04	1.12248856e-02	1.02493916e-01	7.07347017e-01	1.64590390e-01	1.34460844e-02	
8	1.47855451e-95	2.44433319e-87	4.18746929e-80	8.96742846e-74	3.30336110e-68	5.37792745e-63	3.40349176e-58	1.57376640e-53	3.45232285e-49	4.56990066e-45	3.35282742e-41	1.27019940e-37	3.89666157e-34	5.05593983e-31	5.00351808e-28	3.65581531e-25	3.58028451e-22	3.67685146e-19	1.66266773e-16	3.67256927e-14	6.64873955e-12	3.68717169e-10	1.37513474e-08	4.29421561e-07	1.21809842e-05	2.65204240e-04	5.06450144e-03	6.52414509e-02	6.14487640e-01	2.71845150e-01	4.30834288e-02	
