4	1.83819384e-002	9.81616319e-001	1.74299582e-006	5.08978193e-025	7.85338980e-044	6.15952141e-063	3.00611099e-082	9.55838152e-102	9.25840906e-122	1.55577366e-141	1.86467587e-161	2.10033326e-181	1.75627833e-201	1.14140400e-221	
4.1	1.05678633e-002	9.89355772e-001	7.63651113e-005	2.69211504e-013	4.91926149e-032	4.55065818e-051	2.61471971e-070	9.74877785e-090	1.03611200e-109	2.05138197e-129	2.97366379e-149	3.89462600e-169	3.76583447e-189	2.81831647e-209	
4.2	7.46120628e-003	9.91035136e-001	1.50365665e-003	1.55199095e-009	3.35848813e-028	3.66467143e-047	2.47914452e-066	1.08387379e-085	1.24511636e-105	2.90243679e-125	5.06153635e-145	7.71728597e-165	8.63511203e-185	7.44598778e-205	
4.3	5.24582773e-003	9.77983406e-001	1.67690962e-002	1.67032391e-006	4.28068658e-025	5.50939096e-044	4.38785517e-063	2.24948999e-082	2.79262826e-102	7.61390550e-122	1.56035443e-141	2.77287894e-161	3.59339468e-181	3.57231800e-201	
4.4	3.31126243e-003	8.83854284e-001	1.12387302e-001	4.47151612e-004	1.35710223e-022	2.06011723e-041	1.93148062e-060	1.16102466e-079	1.58029190e-099	4.87488633e-119	1.10326491e-138	2.28783964e-158	3.43658787e-178	3.94104113e-198	
4.5	1.48988142e-003	5.76920439e-001	3.90794046e-001	3.07956335e-002	1.10688065e-020	1.98092355e-039	2.18312454e-058	1.53687050e-077	2.34472050e-097	7.44733991e-117	1.68797369e-136	4.08947982e-156	7.12589488e-176	9.43302386e-196	
4.6	2.81429736e-004	1.59951165e-001	4.43564227e-001	3.96203178e-001	1.68647333e-019	3.53758590e-038	4.52052993e-057	3.67283875e-076	6.39088002e-096	1.80998613e-115	3.77111869e-135	1.06866887e-154	2.16189688e-174	3.30555163e-194	
4.7	1.70599678e-005	1.43077297e-002	1.31571620e-001	8.54103591e-001	4.30517461e-019	1.01982106e-037	1.41592650e-056	1.21559624e-075	2.39121142e-095	5.44893679e-115	1.00900631e-134	3.34862045e-154	7.87114319e-174	1.39102999e-193	
4.8	9.16575667e-007	1.13684425e-003	2.92957408e-002	9.69566234e-001	2.63987888e-007	6.21777064e-026	7.96404728e-045	5.62273883e-064	1.18092513e-083	2.14487474e-103	3.56842753e-123	1.38860127e-142	3.79565183e-162	7.75842003e-182	
4.9	6.77343493e-008	1.24655871e-004	7.86075747e-003	9.91981056e-001	3.34626801e-005	2.37257526e-012	1.05439041e-022	4.65884771e-042	9.53255930e-062	1.45362153e-081	2.24033897e-101	1.02354668e-120	3.25628059e-140	7.70389085e-160	
5	7.16117890e-009	1.95600053e-005	2.70980829e-003	9.95721256e-001	1.54936007e-003	8.70048973e-009	9.59603134e-017	2.49234620e-036	4.63709571e-056	6.35758550e-076	9.40874857e-096	5.05330499e-115	1.87277360e-134	5.13215203e-154	
5.1	1.11997408e-009	4.51706577e-006	1.25954644e-003	9.70072170e-001	2.86588257e-002	4.93989761e-006	4.36675199e-012	8.56267394e-021	1.97186730e-031	2.58074168e-051	3.80792009e-071	2.40763789e-090	1.04037589e-109	3.30508893e-129	
5.2	2.32477738e-010	1.37779614e-006	7.20459513e-004	7.93565185e-001	2.05159561e-001	5.53399751e-004	1.69316620e-008	2.69228222e-015	1.43234698e-023	1.26228044e-033	1.93094864e-053	1.43928790e-072	7.25886573e-092	2.67558634e-111	
5.3	4.44251897e-011	3.84974784e-007	3.56467081e-004	4.28968301e-001	5.56442945e-001	1.42239955e-002	7.90664594e-006	4.49369139e-011	1.91263415e-017	2.81362668e-025	5.14594944e-035	1.71516551e-045	1.01070449e-064	4.32646071e-084	
5.4	6.55989914e-012	8.26594509e-008	1.29437795e-004	1.56817795e-001	7.23450936e-001	1.18880782e-001	7.20890415e-004	7.67308593e-008	1.12897361e-012	1.02411300e-018	2.75615602e-026	2.39004555e-034	1.64728483e-053	8.19748607e-073	
5.5	6.88479894e-013	1.25765347e-008	3.20763530e-005	4.01319340e-002	5.30493813e-001	4.11413541e-001	1.79073428e-002	2.12743384e-005	5.51234703e-009	1.40649939e-013	2.16047038e-019	1.64257768e-025	1.32583557e-044	7.67888084e-064	
5.6	4.66799038e-014	1.23082723e-009	4.95819994e-006	6.80482635e-003	2.22033482e-001	6.32500471e-001	1.37457412e-001	1.19568506e-003	3.16414969e-006	1.22708516e-009	5.08290639e-014	1.42754030e-018	3.96052588e-045	5.56205584e-075	
5.7	2.20279289e-015	8.35947748e-011	5.18557867e-007	8.32222707e-004	5.99553068e-002	5.11761505e-001	4.08819393e-001	1.83094169e-002	3.20469152e-004	1.16634670e-006	7.18914368e-010	3.75241893e-013	3.68844895e-034	6.74753815e-058	
5.8	8.32514254e-017	4.50192230e-012	4.20922669e-008	8.37010931e-005	1.21981178e-002	2.64544767e-001	6.09217224e-001	1.05136985e-001	8.61663461e-003	2.01371117e-004	1.15012898e-006	6.46184107e-009	1.71941926e-025	2.39215984e-044	
5.9	2.65379961e-018	2.02640501e-013	2.80361617e-009	7.21350999e-006	1.98462536e-003	9.59660536e-002	5.29763016e-001	2.80041587e-001	8.27716008e-002	9.12353749e-003	3.29459787e-004	1.29042566e-005	1.20537998e-018	1.33561978e-033	
6	5.80815492e-020	6.21051690e-015	1.25146181e-010	4.29911475e-007	2.11119289e-004	2.05545325e-002	2.38296129e-001	3.22291805e-001	2.80864128e-001	1.14953164e-001	1.91323458e-002	3.69634650e-003	2.39222367e-013	3.51670617e-025	
6.1	5.40128943e-022	8.00624156e-017	2.31706122e-012	1.08475104e-008	9.08156940e-006	1.64531172e-003	3.65353411e-002	1.10348000e-001	2.43462055e-001	3.02210084e-001	1.77428932e-001	1.28361182e-001	1.58598033e-009	7.44880647e-019	
6.2	1.65677552e-024	3.38369520e-019	1.38947995e-014	9.01632990e-011	1.23879583e-007	3.93007933e-005	1.56188115e-003	9.52023530e-003	4.71079085e-002	1.51168241e-001	2.49254732e-001	5.41347119e-001	4.58486741e-007	2.22001160e-014	
6.3	4.04709859e-027	1.13253862e-021	6.52882891e-017	5.91564016e-013	1.29227384e-009	6.84743560e-007	4.62395427e-005	5.26402503e-004	5.32302824e-003	3.86912936e-002	1.48746388e-001	8.06645243e-001	2.07189910e-005	4.21077117e-011	
6.4	1.47991069e-029	5.62029959e-024	4.50577976e-019	5.70815858e-015	1.92885034e-011	1.64385941e-008	1.80884675e-006	3.61957319e-005	6.93955136e-004	1.02602276e-002	7.97051737e-002	9.08934430e-001	3.68176790e-004	1.53789926e-008	
6.5	8.95246697e-032	4.59018663e-026	5.07435966e-021	8.99767343e-017	4.59082363e-013	6.10275971e-010	1.05850245e-007	3.54462907e-006	1.21142150e-004	3.34173756e-003	4.72836746e-002	9.45703991e-001	3.54407828e-003	1.72491425e-006	
6.6	8.59429705e-034	5.92656909e-028	8.96605989e-023	2.21773713e-018	1.67244632e-014	3.38047948e-011	8.99464287e-009	4.84740067e-007	2.80525316e-005	1.34576422e-003	3.22538533e-002	9.45221689e-001	2.10740325e-002	7.61151269e-005	
6.7	1.15739848e-035	1.06961597e-029	2.19886390e-024	7.55419124e-020	8.25947260e-016	2.48312834e-012	9.90513833e-010	8.32148263e-008	7.81328990e-006	6.15920973e-004	2.37671078e-002	8.91584172e-001	8.24780632e-002	1.54683898e-003	
6.8	1.84905774e-037	2.28235803e-031	6.33421430e-026	3.01134510e-021	4.68395036e-017	2.05296619e-013	1.20375192e-010	1.53498931e-008	2.25597949e-006	2.79262361e-004	1.67270113e-002	7.50467205e-001	2.16649092e-001	1.58751581e-002	
6.9	3.00012150e-039	4.88994243e-033	1.82070153e-027	1.19190288e-022	2.59953224e-018	1.62969802e-014	1.38035138e-011	2.61251964e-009	5.83215525e-007	1.09296231e-004	9.88614691e-003	5.21894624e-001	3.81076282e-001	8.70330647e-002	
7	4.40586991e-041	9.41170470e-035	4.67392998e-029	4.19300090e-024	1.26399241e-019	1.11526302e-015	1.34170544e-012	3.69541152e-010	1.22063118e-007	3.35975990e-005	4.49056344e-003	2.81902477e-001	4.47495781e-001	2.66077458e-001	
7.1	5.80607365e-043	1.62238017e-036	1.06854179e-030	1.30401368e-025	5.36395524e-021	6.55545755e-017	1.10568556e-013	4.35204886e-011	2.07871767e-008	8.18300603e-006	1.58706680e-003	1.20928928e-001	3.74774719e-001	5.02701082e-001	
7.2	7.54201836e-045	2.75174054e-038	2.39033706e-032	3.95351608e-027	2.19202780e-022	3.65806834e-018	8.54039749e-015	4.73561934e-012	3.20147101e-009	1.76095222e-006	4.87689944e-004	4.60747479e-002	2.57831852e-001	6.95603946e-001	
7.3	1.06360367e-046	5.05792359e-040	5.76271622e-034	1.28728765e-028	9.52326681e-024	2.13944293e-019	6.83639989e-016	5.26649294e-013	4.94493888e-010	3.72311597e-007	1.45140263e-004	1.73235084e-002	1.65082475e-001	8.17448504e-001	
7.4	1.71310371e-048	1.05979590e-041	1.57398519e-035	4.73282644e-030	4.61036872e-025	1.37878948e-020	5.96599561e-017	6.31112168e-014	8.09594815e-011	8.17295047e-008	4.42771071e-005	6.78012001e-003	1.05144975e-001	8.88030546e-001	
7.5	3.19911537e-050	2.57000128e-043	4.94548640e-037	1.99527355e-031	2.53542456e-026	9.93023652e-022	5.76917919e-018	8.28729651e-015	1.42817857e-011	1.90128994e-008	1.41345687e-005	2.80923458e-003	6.83821845e-002	9.28794427e-001	
7.6	6.94524029e-052	7.23176953e-045	1.79269575e-038	9.61773794e-033	1.57919895e-027	8.01648927e-023	6.17548598e-019	1.19424528e-015	2.72616136e-012	4.69943508e-009	4.73977459e-006	1.23271554e-003	4.57341924e-002	9.53028348e-001	
7.7	1.74106912e-053	2.34480941e-046	7.44276504e-040	5.29190496e-034	1.10701920e-028	7.20813349e-024	7.30774693e-020	1.87844544e-016	5.59937662e-013	1.23194506e-009	1.66584831e-006	5.69744390e-004	3.14378754e-002	9.67990713e-001	
7.8	4.99682633e-055	8.68711584e-048	3.50904604e-041	3.29997761e-035	8.70213828e-030	7.15446455e-025	9.47314765e-021	3.21259162e-017	1.23120969e-013	3.39831164e-010	6.09968659e-007	2.75311757e-004	2.21378439e-002	9.77586234e-001	
7.9	1.63110013e-056	3.65269114e-049	1.86517500e-042	2.31566921e-036	7.62393576e-031	7.81773674e-026	1.33420249e-021	5.92406027e-018	2.88454391e-014	9.84558316e-011	2.31525273e-007	1.37991732e-004	1.59043451e-002	9.83957432e-001	
8	5.99251802e-058	1.72444513e-050	1.10551086e-043	1.80889204e-037	7.36299994e-032	9.32065459e-027	2.03146470e-022	1.16559235e-018	7.12465241e-015	2.97002128e-011	9.06070843e-008	7.12612149e-005	1.16140531e-002	9.88314595e-001	
