4	9.99651845e-001	3.48154608e-004	1.78540825e-022	5.52757971e-041	9.16679886e-060	1.00513145e-078	6.36159148e-098	2.36490390e-117	6.33360266e-137	1.29257197e-156	1.86787857e-176	1.95589379e-196	1.59015755e-216	1.00642883e-236	4.70249898e-257	1.53175863e-277	7.33530613e-298	1.00000000e-300	1.00000000e-300	
4.1	9.79719692e-001	2.02803063e-002	2.10902819e-009	7.97575235e-028	1.59435329e-046	2.10709340e-065	1.60064829e-084	7.06002243e-104	2.21477003e-123	5.43541864e-143	9.46739120e-163	1.18993881e-182	1.13717394e-202	8.63326711e-223	4.81498445e-243	1.89387368e-263	1.05051791e-283	1.00000000e-300	1.00000000e-300	
4.2	6.36341015e-001	3.63649470e-001	9.51505067e-006	4.39534861e-024	1.05462212e-042	1.67871977e-061	1.52610888e-080	7.94062584e-100	2.92138841e-119	8.62173418e-139	1.81003384e-158	2.73076632e-178	3.06744958e-198	2.79341552e-218	1.84664211e-238	8.76931385e-259	5.64088116e-279	2.87623963e-299	1.00000000e-300	
4.3	1.04112062e-001	8.93885759e-001	2.00217784e-003	6.47293328e-010	1.76687138e-028	3.33353089e-047	3.49225382e-066	2.03962961e-085	8.81087569e-105	3.12697437e-124	7.91258476e-144	1.43289415e-163	1.89195910e-183	2.06658558e-203	1.57694436e-223	9.02451848e-244	6.74024833e-264	3.97209519e-284	1.00000000e-300	
4.4	1.15261980e-002	9.14987413e-001	7.34822024e-002	4.18619713e-006	9.66320521e-025	1.84824995e-043	1.77596805e-062	9.44915163e-082	4.79847229e-101	2.04791613e-120	6.24612234e-140	1.35770511e-159	2.10715799e-179	2.76084272e-199	2.28773841e-219	1.56223601e-239	1.35646089e-259	9.24649552e-280	5.10743235e-300	
4.5	8.90725837e-004	4.32702708e-001	5.64643034e-001	1.76353149e-003	1.93541925e-010	2.20231819e-029	1.20227000e-048	4.12456689e-068	2.46507703e-087	1.26511523e-106	4.65064601e-126	1.21331751e-145	2.21343679e-165	3.47866034e-185	2.87777990e-205	2.26954250e-225	2.29369511e-245	1.81019266e-265	1.15218169e-285	
4.6	5.20267884e-005	9.95967168e-002	8.61087793e-001	3.92632813e-002	1.82077889e-007	5.88787926e-015	8.47996915e-025	1.59674044e-044	1.12446510e-063	6.93985745e-083	3.07386165e-102	9.61423011e-122	2.06150269e-141	3.88603497e-161	3.01289733e-181	2.56875891e-201	3.02523691e-221	2.76631027e-241	2.03017046e-261	
4.7	6.77992060e-006	2.99260181e-002	7.82533361e-001	1.87517589e-001	1.62516892e-005	2.20655124e-011	4.05688792e-019	4.47202611e-039	3.71492449e-058	2.75710590e-077	1.46787303e-096	5.45312811e-116	1.37278859e-135	3.10129581e-155	2.22346989e-175	1.89150991e-195	2.59897760e-215	2.75621994e-235	2.33380182e-255	
4.8	1.55108930e-006	1.01939774e-002	5.47096294e-001	4.42299720e-001	4.08445803e-004	1.13180432e-008	1.02928054e-014	5.81532445e-024	4.64210428e-034	4.14288646e-053	2.62390681e-072	1.10975588e-091	3.24803431e-111	8.73080562e-131	5.95187513e-151	4.79641802e-171	7.69816394e-191	9.47582957e-211	9.26369104e-231	
4.9	3.89605542e-007	3.21076454e-003	3.08949276e-001	6.83426193e-001	4.41191782e-003	1.45906249e-006	3.17071794e-011	1.68802051e-018	4.03386750e-026	4.32869491e-045	3.17236710e-064	1.36917009e-083	4.44290519e-103	1.37202927e-122	9.31262657e-143	7.08023004e-163	1.32897178e-182	1.90035002e-202	2.14612415e-222	
5	9.63669375e-008	9.73886852e-004	1.57355871e-001	8.15007661e-001	2.65933237e-002	6.91405913e-005	2.02640761e-008	4.33772527e-014	1.01577003e-019	1.30872902e-038	1.05832850e-057	4.01490325e-077	1.27327897e-096	4.09743836e-116	2.89571616e-136	2.14402203e-156	4.71223990e-176	7.83427804e-196	1.02277841e-215	
5.1	2.24081007e-008	2.84211398e-004	7.43983184e-002	8.18646927e-001	1.05120925e-001	1.54571647e-003	3.87943103e-006	1.70104384e-010	1.60715991e-014	2.46625528e-033	2.09022398e-052	6.36235346e-072	1.66614819e-091	4.82787571e-111	3.66164256e-131	2.76768145e-151	7.13172915e-171	1.37976496e-190	2.08373349e-210	
5.2	4.59109251e-009	7.53440138e-005	3.10990886e-002	6.71568429e-001	2.79280667e-001	1.77113908e-002	2.64935701e-004	1.39216138e-007	2.62110088e-010	4.66097782e-029	4.01289524e-048	9.84107522e-068	1.94054290e-087	4.57060768e-107	3.76150743e-127	3.04674180e-147	9.21607370e-167	2.07672128e-186	3.63075856e-206	
5.3	7.31000827e-010	1.59705794e-005	1.02321090e-002	4.08106695e-001	4.70994213e-001	1.03671673e-001	6.95017468e-003	2.85535113e-005	6.11267967e-007	1.14587632e-015	2.45257564e-026	5.14922452e-046	7.77499626e-066	1.47628380e-085	1.31505772e-105	1.19085187e-125	4.23444111e-145	1.11239455e-164	2.25313353e-184	
5.4	7.97076079e-011	2.37237219e-006	2.32722038e-003	1.63290665e-001	4.62765582e-001	2.98472827e-001	7.12497895e-002	1.63717182e-003	2.54371678e-004	8.46452928e-011	6.44146786e-019	3.91976772e-029	4.88073579e-049	7.88869531e-069	7.58091035e-089	7.93231176e-109	3.32034816e-128	1.01788724e-147	2.39052897e-167	
5.5	5.22979297e-012	2.15526644e-007	3.19009677e-004	3.78777107e-002	2.38672339e-001	3.93429757e-001	2.79366608e-001	2.76653282e-002	2.26685918e-002	4.40597005e-007	3.72785624e-013	4.26236345e-021	1.21442707e-030	2.30734297e-041	1.37641159e-053	1.70366946e-073	8.40736999e-093	3.01069651e-112	8.20554497e-132	
5.6	1.46328025e-013	8.43607094e-009	1.85510377e-005	3.61003523e-003	4.66932243e-002	1.76453367e-001	3.22414393e-001	1.11585677e-001	3.39068833e-001	1.55904695e-004	5.68801022e-009	4.53056695e-015	1.49729042e-022	5.58167236e-031	1.23541409e-040	1.13699779e-051	2.83997693e-063	1.18927007e-082	3.76518101e-102	
5.7	1.40944091e-015	1.14346191e-010	3.69750199e-007	1.14761649e-004	2.85379982e-003	2.26591243e-002	9.56497646e-002	9.97669776e-002	7.75030301e-001	3.92212512e-003	2.77589516e-006	6.93459492e-011	1.08853744e-016	2.92380836e-023	7.61040307e-031	1.59362730e-039	1.28961900e-048	6.32259156e-068	2.32756279e-087	
5.8	1.37610841e-017	1.57814575e-012	7.47393676e-009	3.61346626e-006	1.63766075e-004	2.54614408e-003	2.27219591e-002	6.29559540e-002	8.84804476e-001	2.66183602e-002	1.85644764e-004	7.52564161e-008	2.74873395e-012	2.39330475e-017	2.95813236e-023	4.94952518e-030	4.18078462e-037	2.40261170e-056	1.02966131e-075	
5.9	1.80484864e-019	2.93093639e-014	2.02600442e-010	1.49404036e-007	1.18054641e-005	3.39484531e-004	5.97407673e-003	3.95587675e-002	8.50945421e-001	9.91771466e-002	3.97812147e-003	1.50198053e-005	7.14715210e-009	1.05565303e-012	3.01387745e-017	1.75325054e-022	6.28586635e-028	8.70184385e-055	4.46827946e-084	
6	2.80393852e-021	6.43337947e-016	6.44477728e-012	7.11213937e-009	9.43210212e-007	4.78385012e-005	1.56830197e-003	2.26432622e-002	6.97764509e-001	2.39726851e-001	3.74131977e-002	8.31895992e-004	3.18865793e-006	4.67014539e-009	1.72755900e-012	1.79437359e-016	1.33566014e-020	5.79220268e-042	2.31620575e-065	
6.1	4.22332803e-023	1.36735082e-017	1.96728231e-013	3.19297441e-010	6.87599692e-008	5.90172789e-006	3.43281020e-004	9.92697919e-003	4.32746347e-001	3.69068201e-001	1.71954593e-001	1.56288169e-002	3.22808550e-004	2.99415715e-006	8.99637980e-009	9.70921998e-012	8.49823778e-015	9.04881443e-032	1.82875202e-050	
6.2	5.10127829e-025	2.31479952e-019	4.73491375e-015	1.11140926e-011	3.77387090e-009	5.28702089e-007	5.22566875e-005	2.81327225e-003	1.73685460e-001	3.26035499e-001	3.79480944e-001	1.08831868e-001	8.73922140e-003	3.54975602e-004	5.92768307e-006	4.25908223e-008	2.78931562e-010	9.64859148e-024	1.12246256e-038	
6.3	4.47396462e-027	2.82671810e-021	8.11892477e-017	2.71845193e-013	1.41852943e-010	3.14218591e-008	5.07862672e-006	4.78557732e-004	4.20151512e-002	1.59310550e-001	4.08160129e-001	3.05125800e-001	7.42210113e-002	9.97589975e-003	6.84283915e-004	2.27292375e-005	7.77157474e-007	1.75160131e-017	2.08842252e-029	
6.4	2.77166528e-029	2.41990468e-023	9.67620880e-019	4.56901292e-015	3.58151835e-012	1.22004771e-009	3.11757759e-007	4.88422953e-005	6.11839325e-003	4.38400592e-002	2.25313784e-001	3.84073831e-001	2.34651950e-001	8.46577920e-002	1.88355581e-002	2.16881007e-003	2.90667965e-004	1.19121593e-012	3.69552741e-022	
6.5	1.08307153e-031	1.29639393e-025	7.15685644e-021	4.70487971e-017	5.42154283e-014	2.77263845e-011	1.08772199e-008	2.71546745e-006	4.86396647e-004	6.23995061e-003	5.99872214e-002	2.10678905e-001	2.82066708e-001	2.35161660e-001	1.41239359e-001	4.52416201e-002	1.88954464e-002	5.10681212e-009	1.38730129e-016	
6.6	1.97650135e-034	3.21925143e-028	2.43849070e-023	2.21382658e-019	3.68763460e-016	2.76723728e-013	1.62572392e-010	6.24611162e-008	1.60078087e-005	3.51965038e-004	5.98663546e-003	4.00884822e-002	1.06371031e-001	1.83426727e-001	2.57956128e-001	1.95240742e-001	2.10560544e-001	1.67445788e-006	1.67647730e-012	
6.7	1.90446563e-037	4.18882285e-031	4.32552042e-026	5.36466585e-022	1.27181057e-018	1.37657185e-015	1.18326784e-012	6.78828630e-010	2.48500468e-007	9.02499166e-006	2.59518359e-004	3.11767839e-003	1.51940470e-002	4.98850818e-002	1.47217404e-001	2.33325413e-001	5.50923959e-001	6.76232375e-005	1.25452554e-009	
6.8	1.89040855e-040	5.57575563e-034	7.80177409e-029	1.31501138e-024	4.37731121e-021	6.72808383e-018	8.30796087e-015	6.94655617e-012	3.62090431e-009	2.10429531e-007	9.83917073e-006	2.01682826e-004	1.70022303e-003	9.97097812e-003	5.66264874e-002	1.71744895e-001	7.58891111e-001	8.54399373e-004	1.70003277e-007	
6.9	2.70403708e-043	1.06150216e-036	2.00236251e-031	4.53995161e-027	2.09734411e-023	4.51772405e-020	7.89299875e-017	9.44278719e-014	6.98265509e-011	6.31650098e-009	4.65110557e-007	1.56033343e-005	2.16843920e-004	2.15825170e-003	2.20014201e-002	1.19222822e-001	8.50621809e-001	5.75482629e-003	7.95165172e-006	
7	5.71465323e-046	2.96088790e-039	7.48153693e-034	2.27004662e-029	1.44363782e-025	4.30930007e-022	1.05064255e-018	1.76779584e-015	1.84625398e-012	2.53724899e-010	2.86436409e-008	1.51909202e-006	3.34675656e-005	5.42122656e-004	9.36417814e-003	8.59253349e-002	8.78544597e-001	2.54158120e-002	1.72939420e-004	
7.1	1.65381172e-048	1.12123925e-041	3.75258797e-036	1.51864632e-031	1.31365511e-027	5.38915705e-024	1.81420293e-020	4.23793896e-017	6.21819040e-014	1.26975906e-011	2.14806153e-009	1.75008880e-007	5.91899138e-006	1.50752644e-004	4.20971155e-003	6.26375200e-002	8.50687232e-001	8.02648959e-002	2.04379181e-003	
7.2	5.88188691e-051	5.17104368e-044	2.28274527e-038	1.22228994e-033	1.43064556e-029	7.97878408e-026	3.67465053e-022	1.17711377e-018	2.41166157e-015	7.17389803e-013	1.78285354e-010	2.17662978e-008	1.10001808e-006	4.28038846e-005	1.85793736e-003	4.32365319e-002	7.52230289e-001	1.88208350e-001	1.44229665e-002	
7.3	2.31181735e-053	2.60734694e-046	1.51196235e-040	1.06294408e-035	1.67526650e-031	1.26301292e-027	7.88227994e-024	3.42636136e-020	9.74428875e-017	4.15193595e-014	1.48937908e-011	2.66632441e-009	1.96756937e-007	1.14112475e-005	7.44752486e-004	2.62844944e-002	5.79963307e-001	3.29183335e-001	6.38125005e-002	
7.4	9.31718628e-056	1.33253920e-048	1.01066762e-042	9.30941951e-038	1.95365335e-033	1.98120477e-029	1.66450246e-025	9.71506049e-022	3.80978687e-018	2.29135086e-015	1.16668156e-012	3.00566036e-010	3.17221512e-008	2.68351213e-006	2.55822789e-004	1.33302245e-002	3.74248907e-001	4.28940404e-001	1.83221925e-001	
7.5	3.77117965e-058	6.76975372e-051	6.68600298e-045	8.05354049e-040	2.23934453e-035	3.02227356e-031	3.39720618e-027	2.63685096e-023	1.41609560e-019	1.18344542e-016	8.43864669e-014	3.07707091e-011	4.55727019e-009	5.51839592e-007	7.48914524e-005	5.62363841e-003	2.02575331e-001	4.29604801e-001	3.62120782e-001	
7.6	1.60494061e-060	3.57856784e-053	4.52598708e-047	7.11538842e-042	2.61293113e-037	4.66992236e-033	6.95299206e-029	7.10979232e-025	5.20354018e-021	5.98672995e-018	5.90085689e-015	2.99627722e-012	6.12777980e-010	1.04436711e-007	1.96958074e-005	2.08594974e-003	9.72803897e-002	3.56959103e-001	5.43654757e-001	
7.7	7.54226775e-063	2.06580816e-055	3.33030623e-049	6.80207376e-044	3.28904489e-039	7.75710433e-035	1.52169906e-030	2.02762863e-026	2.01298751e-022	3.14252230e-019	4.23472108e-016	2.95970510e-013	8.22488694e-011	1.94138015e-008	4.98346735e-006	7.30002876e-004	4.44400498e-002	2.67813852e-001	6.87011092e-001	
7.8	4.09538345e-065	1.36254732e-057	2.78730362e-051	7.32974608e-046	4.65359952e-041	1.44355000e-036	3.71169381e-032	6.38026559e-028	8.51405685e-024	1.79192066e-020	3.26670474e-017	3.09809049e-014	1.15384600e-011	3.72518984e-009	1.27621707e-006	2.53779646e-004	2.02835072e-002	1.92604593e-001	7.86856840e-001	
7.9	2.59888920e-067	1.03837323e-059	2.68236957e-053	9.06965510e-048	7.49787302e-043	3.04910632e-038	1.02242107e-033	2.24619517e-029	4.01511693e-025	1.12828004e-021	2.76067413e-018	3.52062293e-015	1.73244411e-012	7.53937205e-010	3.38560073e-007	8.99373282e-005	9.47600205e-003	1.37142946e-001	8.53290775e-001	
8	1.94680379e-069	9.23560434e-062	2.99696070e-055	1.30115942e-049	1.39251041e-044	7.36577025e-040	3.20383431e-035	8.91196002e-031	2.12705654e-026	7.92041197e-023	2.57068205e-019	4.35713167e-016	2.80102571e-013	1.62639896e-010	9.41368090e-008	3.28351635e-005	4.56788778e-003	9.80815085e-002	8.97317674e-001	
