4	3.12191158e-001	6.87808842e-001	2.18285528e-010	5.33353356e-029	5.41448003e-048	3.00988384e-067	
4.1	5.65757494e-002	9.43424170e-001	8.07339901e-008	2.33882761e-026	2.76899024e-045	1.78230577e-064	
4.2	1.88693158e-002	9.81124494e-001	6.19039683e-006	2.12947947e-024	2.94285523e-043	2.19501397e-062	
4.3	1.09885467e-002	9.88820435e-001	1.91018781e-004	3.25132032e-011	5.24956862e-030	4.54075652e-049	
4.4	7.54239644e-003	9.89373352e-001	3.08418591e-003	6.52259783e-008	1.23160835e-026	1.23661665e-045	
4.5	5.14864455e-003	9.65095262e-001	2.97253622e-002	3.07310101e-005	6.79288464e-024	7.92459623e-043	
4.6	3.03173912e-003	8.22400463e-001	1.70462214e-001	4.10558344e-003	1.06351244e-021	1.44300952e-040	
4.7	1.06554600e-003	4.25284262e-001	4.37435536e-001	1.36214656e-001	4.13975978e-020	6.54031816e-039	
4.8	1.11191116e-004	6.62926848e-002	2.65115736e-001	6.68480388e-001	2.38640721e-019	4.39542337e-038	
4.9	5.73476301e-006	5.15945678e-003	6.61517574e-002	9.28683051e-001	3.89940818e-019	8.38438156e-038	
5	3.52768645e-007	4.81776329e-004	1.69482773e-002	9.82569594e-001	4.85915431e-019	1.22147616e-037	
5.1	2.97564862e-008	6.18158470e-005	5.27016035e-003	9.94667991e-001	3.02305493e-009	8.89840442e-028	
5.2	3.33295669e-009	1.05186493e-005	1.96655201e-003	9.98022367e-001	5.58838868e-007	2.17005694e-016	
5.3	4.73375128e-010	2.25985820e-006	8.55050029e-004	9.99105025e-001	3.76649064e-005	3.22571295e-012	
5.4	8.28417214e-011	5.94458284e-007	4.26719294e-004	9.98433830e-001	1.13884913e-003	7.50759744e-009	
5.5	1.80274110e-011	1.92891060e-007	2.49216184e-004	9.81963250e-001	1.77834288e-002	3.91167207e-006	
5.6	4.71246595e-012	7.44566853e-008	1.65874263e-004	8.57534590e-001	1.41763718e-001	5.35743236e-004	
5.7	1.13964979e-012	2.63160995e-008	9.75610856e-005	5.18647803e-001	4.63489826e-001	1.77647843e-002	
5.8	2.14391382e-013	7.17010899e-009	4.29323985e-005	2.09685587e-001	6.29297939e-001	1.60973535e-001	
5.9	2.87874291e-014	1.37975090e-009	1.29978993e-005	5.86930055e-002	4.24407148e-001	5.16886847e-001	
6	2.88419089e-015	1.96613611e-010	2.84943886e-006	1.25871585e-002	1.81187982e-001	8.06222010e-001	
6.1	2.80914839e-016	2.69698320e-011	5.88564330e-007	2.71436612e-003	7.05790323e-002	9.26706013e-001	
6.2	3.01421261e-017	4.05444763e-012	1.30588371e-007	6.66645878e-004	2.96293258e-002	9.69703898e-001	
6.3	3.64716606e-018	6.82231073e-013	3.18292822e-008	1.89278912e-004	1.38369890e-002	9.85973700e-001	
6.4	4.94516304e-019	1.27581922e-013	8.47243918e-009	6.08962365e-005	7.12220757e-003	9.92816888e-001	
6.5	7.37996657e-020	2.61796012e-014	2.43288544e-009	2.17741242e-005	3.97703343e-003	9.96001190e-001	
6.6	1.19691865e-020	5.83069197e-015	7.47935321e-010	8.51518551e-006	2.37462976e-003	9.97616854e-001	
6.7	2.12241953e-021	1.40782247e-015	2.44003050e-010	3.59076848e-006	1.49754732e-003	9.98498862e-001	
6.8	4.05076308e-022	3.62940627e-016	8.39543222e-011	1.61204372e-006	9.87032171e-004	9.99011356e-001	
6.9	8.26572359e-023	9.92664308e-017	3.03157592e-011	7.63292645e-007	6.74721074e-004	9.99324516e-001	
7	1.80637680e-023	2.88480566e-017	1.14355802e-011	3.79374865e-007	4.75624747e-004	9.99523996e-001	
7.1	4.18106993e-024	8.80310940e-018	4.46440443e-012	1.95759274e-007	3.43405822e-004	9.99656398e-001	
7.2	1.01744828e-024	2.80250459e-018	1.80074032e-012	1.04124120e-007	2.52879435e-004	9.99747016e-001	
7.3	2.59938852e-025	9.29230860e-019	7.49015663e-013	5.71258712e-008	1.89233060e-004	9.99810710e-001	
7.4	6.91144561e-026	3.17978930e-019	3.18331817e-013	3.20448989e-008	1.43994196e-004	9.99855974e-001	
7.5	1.91571924e-026	1.12422924e-019	1.37529577e-013	1.82731967e-008	1.10525924e-004	9.99889456e-001	
7.6	5.57016400e-027	4.13082286e-020	6.05235981e-014	1.06095026e-008	8.60483869e-005	9.99913941e-001	
7.7	1.67766826e-027	1.55670515e-020	2.70705855e-014	6.21738439e-009	6.72356629e-005	9.99932758e-001	
7.8	5.22259680e-028	6.00046275e-021	1.22729339e-014	3.67598867e-009	5.28093688e-005	9.99947187e-001	
7.9	1.66808258e-028	2.34742592e-021	5.59817294e-015	2.18619328e-009	4.16119634e-005	9.99958386e-001	
8	5.47044286e-029	9.32384684e-022	2.57057222e-015	1.30831650e-009	3.27949046e-005	9.99967204e-001	
