4	9.41599542e-001	5.84002869e-002	1.71382154e-007	3.34855032e-026	3.09306329e-045	
4.1	7.31541778e-001	2.68377291e-001	8.09310124e-005	1.84723392e-023	1.97876224e-042	
4.2	3.76198006e-001	6.15992532e-001	7.80946237e-003	2.08419065e-021	2.59140668e-040	
4.3	1.18369229e-001	6.98583507e-001	1.83047264e-001	5.71772551e-020	8.25962515e-039	
4.4	1.34355856e-002	2.41805590e-001	7.44758824e-001	2.72555837e-019	4.57907726e-038	
4.5	8.62650313e-004	4.14297905e-002	9.57707559e-001	4.11086217e-019	8.04127806e-038	
4.6	7.11812069e-005	8.19535838e-003	9.91733460e-001	4.99865655e-019	1.13986650e-037	
4.7	8.28890419e-006	2.09699610e-003	9.97894715e-001	5.91345016e-019	1.57406574e-037	
4.8	1.29709573e-006	6.71549240e-004	9.99327154e-001	6.97172564e-019	2.16937662e-037	
4.9	2.58361714e-007	2.57985414e-004	9.99741716e-001	4.04172601e-008	1.47255657e-026	
5	6.26899066e-008	1.14872779e-004	9.99879510e-001	5.55498328e-006	3.63447838e-015	
5.1	1.78931325e-008	5.76542939e-005	9.99646097e-001	2.96230565e-004	4.59720442e-011	
5.2	5.89805631e-009	3.22097977e-005	9.92572956e-001	7.39473461e-003	9.35963747e-008	
5.3	2.15589480e-009	1.93208045e-005	9.07542511e-001	9.23973116e-002	4.08544974e-005	
5.4	6.73567027e-010	9.62778788e-006	5.49702719e-001	4.46767825e-001	3.51982791e-003	
5.5	1.57253036e-010	3.49574033e-006	1.95668005e-001	7.43194304e-001	6.11341949e-002	
5.6	3.26533251e-011	1.10411395e-006	5.51975491e-002	6.04951902e-001	3.39849444e-001	
5.7	5.03544978e-012	2.53659725e-007	1.14711610e-002	2.65387957e-001	7.23140629e-001	
5.8	6.74367633e-013	4.97259185e-008	2.15285251e-003	8.98892231e-002	9.07957875e-001	
5.9	9.75547594e-014	1.03648692e-008	4.57946987e-004	3.20765806e-002	9.67465462e-001	
6	1.58881996e-014	2.40062809e-009	1.14850755e-004	1.30039989e-002	9.86881148e-001	
6.1	2.89738723e-015	6.15248956e-010	3.34199428e-005	5.97128711e-003	9.93995292e-001	
6.2	5.81698980e-016	1.71846714e-010	1.10074431e-005	3.04366112e-003	9.96945331e-001	
6.3	1.26698626e-016	5.16711590e-011	4.01834600e-006	1.68859889e-003	9.98307383e-001	
6.4	2.97077959e-017	1.65635488e-011	1.59905270e-006	1.00346050e-003	9.98994940e-001	
6.5	7.44121736e-018	5.61999194e-012	6.83998289e-007	6.30582419e-004	9.99368734e-001	
6.6	1.96496495e-018	2.00471148e-012	3.10653352e-007	4.14462998e-004	9.99585226e-001	
6.7	5.45583543e-019	7.45284657e-013	1.48476995e-007	2.82701165e-004	9.99717150e-001	
6.8	1.58870318e-019	2.87805772e-013	7.42292670e-008	1.98926595e-004	9.99800999e-001	
6.9	4.86190381e-020	1.15686691e-013	3.85481619e-008	1.43420418e-004	9.99856541e-001	
7	1.54096825e-020	4.76918941e-014	2.06123544e-008	1.05482009e-004	9.99894497e-001	
7.1	5.06805591e-021	2.01554298e-014	1.13308545e-008	7.88751177e-005	9.99921114e-001	
7.2	1.72011422e-021	8.69347496e-015	6.36853736e-009	5.99561018e-005	9.99940038e-001	
7.3	5.98304142e-022	3.80252898e-015	3.63410568e-009	4.60023645e-005	9.99953994e-001	
7.4	2.15893934e-022	1.70679223e-015	2.10970190e-009	3.57851639e-005	9.99964213e-001	
7.5	7.97364540e-023	7.75426372e-016	1.23723086e-009	2.79567902e-005	9.99972042e-001	
7.6	2.99917657e-023	3.54684952e-016	7.31012096e-010	2.19479583e-005	9.99978051e-001	
7.7	1.14794568e-023	1.63192267e-016	4.34604532e-010	1.72950140e-005	9.99982705e-001	
7.8	4.48093912e-024	7.56986636e-017	2.60501113e-010	1.36307694e-005	9.99986369e-001	
7.9	1.77831325e-024	3.52986547e-017	1.56954065e-010	1.07564811e-005	9.99989243e-001	
8	7.18283696e-025	1.65700673e-017	9.51842667e-011	8.53150575e-006	9.99991468e-001	
