4	9.54231226e-001	4.57687739e-002	1.87612599e-011	3.68634022e-031	4.49422147e-050	2.71111870e-069	9.96881417e-089	
4.1	5.69942989e-001	4.30056930e-001	8.09998048e-008	1.30531158e-027	1.87687690e-046	1.31738394e-065	5.60207494e-085	
4.2	1.51823040e-001	8.48155783e-001	2.11775970e-005	3.10144502e-025	5.26704202e-044	4.30560126e-063	2.11900254e-082	
4.3	4.31007504e-002	9.55893604e-001	1.00564606e-003	2.69243928e-014	5.40813354e-033	5.15256625e-052	2.93693927e-071	
4.4	1.70160242e-002	9.67909458e-001	1.50745174e-002	1.47595898e-010	3.51159615e-029	3.90324806e-048	2.57878440e-067	
4.5	7.88411119e-003	8.92692511e-001	9.94232627e-002	1.15416152e-007	1.59852332e-015	2.07481870e-034	1.59026496e-053	
4.6	3.29203435e-003	6.54371839e-001	3.42317015e-001	1.91116944e-005	4.54863069e-011	6.90096140e-030	6.14128451e-049	
4.7	1.04890536e-003	3.45269330e-001	6.52835388e-001	8.46248855e-004	1.27122983e-007	2.25671448e-026	2.33433098e-045	
4.8	2.77485756e-004	1.47464788e-001	8.38206903e-001	1.39909769e-002	5.98457087e-005	1.24450401e-023	1.49785043e-042	
4.9	6.55285813e-005	5.55297866e-002	8.26630091e-001	1.10618825e-001	7.15576901e-003	1.74522438e-021	6.05778139e-052	
5	9.72516612e-006	1.30476909e-002	4.54464606e-001	3.34568943e-001	1.97909036e-001	5.66814743e-020	6.36075725e-044	
5.1	4.24151370e-007	8.96024466e-004	6.67419309e-002	2.01626682e-001	7.30734939e-001	2.46104991e-019	4.32405430e-038	
5.2	1.19709811e-008	3.95865987e-005	5.86309979e-003	5.80170607e-002	9.36080241e-001	3.71298338e-019	9.22085611e-034	
5.3	4.54123792e-010	2.33500872e-006	6.47278405e-004	1.76221356e-002	9.81728244e-001	6.85170245e-009	3.56030914e-020	
5.4	2.46772534e-011	1.95943927e-007	9.67693683e-005	6.32872138e-003	9.93573316e-001	9.97309174e-007	2.37766354e-015	
5.5	1.83698361e-012	2.23085851e-008	1.88397171e-005	2.66173942e-003	9.97264494e-001	5.49040479e-005	1.79899088e-011	
5.6	1.81795952e-013	3.33497697e-009	4.64561376e-006	1.30143407e-003	9.97297414e-001	1.39647875e-003	2.41348475e-008	
5.7	2.41233254e-014	6.57980855e-010	1.46382810e-006	7.58007446e-004	9.80596673e-001	1.86359174e-002	7.93732223e-006	
5.8	4.11644721e-015	1.64229612e-010	5.67980827e-007	5.12455364e-004	8.69768725e-001	1.28978850e-001	7.39400769e-004	
5.9	7.20230538e-016	4.12848043e-011	2.17218121e-007	3.24971579e-004	5.80908797e-001	3.99695694e-001	1.90703204e-002	
6	1.06361579e-016	8.59900662e-012	6.76621895e-008	1.61004109e-004	2.75979748e-001	5.69422550e-001	1.54436630e-001	
6.1	1.16038026e-017	1.30604282e-012	1.51448017e-008	5.53634912e-005	9.14974979e-002	4.24601125e-001	4.83845999e-001	
6.2	9.69836032e-019	1.50001374e-013	2.52499656e-009	1.37826706e-005	2.30051573e-002	2.05198067e-001	7.71782991e-001	
6.3	7.79861841e-020	1.64217699e-014	3.95532657e-010	3.15039178e-006	5.60674582e-003	8.83815197e-002	9.06008584e-001	
6.4	6.82242671e-021	1.94516372e-015	6.62040101e-011	7.54851687e-007	1.50640786e-003	3.99699529e-002	9.58522884e-001	
6.5	6.67250604e-022	2.55803886e-016	1.21610700e-011	1.95669927e-007	4.56416934e-004	1.97277716e-002	9.79815616e-001	
6.6	7.23520162e-023	3.70877034e-017	2.44085464e-012	5.47557156e-008	1.54268841e-004	1.06015972e-002	9.89244079e-001	
6.7	8.55357768e-024	5.84147948e-018	5.28570332e-013	1.63725025e-008	5.72353555e-005	6.12890492e-003	9.93813843e-001	
6.8	1.09614414e-024	9.92193638e-019	1.22531674e-013	5.19804989e-009	2.29749730e-005	3.76358193e-003	9.96213438e-001	
6.9	1.50575900e-025	1.79667633e-019	3.00833680e-014	1.73685560e-009	9.85201542e-006	2.42728352e-003	9.97562863e-001	
7	2.21684807e-026	3.46644117e-020	7.79070750e-015	6.07297615e-010	4.46563218e-006	1.62842962e-003	9.98367104e-001	
7.1	3.45606812e-027	7.03762091e-021	2.10925698e-015	2.21069860e-010	2.12065006e-006	1.12758494e-003	9.98870294e-001	
7.2	5.70231153e-028	1.49115957e-021	5.93553649e-016	8.33321473e-011	1.04796224e-006	8.00495527e-004	9.99198456e-001	
7.3	9.88840536e-029	3.29369876e-022	1.73475143e-016	3.23594214e-011	5.35280591e-007	5.79479114e-004	9.99419986e-001	
7.4	1.78487837e-029	7.51239802e-023	5.21818846e-017	1.28827904e-011	2.80197718e-007	4.25339175e-004	9.99574381e-001	
7.5	3.36177944e-030	1.77211664e-023	1.61077878e-017	5.25146171e-012	1.50025941e-007	3.15679854e-004	9.99684170e-001	
7.6	6.53809312e-031	4.27459388e-024	5.04949918e-018	2.16962219e-012	8.14845611e-008	2.35699579e-004	9.99764219e-001	
7.7	1.30558487e-031	1.04761090e-024	1.60568482e-018	9.07547967e-013	4.48199320e-008	1.76624536e-004	9.99823331e-001	
7.8	2.66688490e-032	2.59722054e-025	5.15801861e-019	3.81349253e-013	2.47602835e-008	1.32268932e-004	9.99867706e-001	
7.9	5.65284492e-033	6.60430671e-026	1.69749466e-019	1.63483222e-013	1.39207690e-008	9.97980560e-005	9.99900188e-001	
8	1.19491863e-033	1.65498739e-026	5.50017032e-020	6.89329530e-014	7.65605805e-009	7.33768150e-005	9.99926616e-001	
