4	7.38281616e-002	9.13124661e-001	1.30471777e-002	3.29474184e-021	4.65359017e-040	4.34914969e-059	2.41619427e-078	1.00674761e-097	2.67752025e-117	5.31254017e-137	8.36884085e-157	9.83412556e-177	8.33400471e-197	5.27468653e-217	2.58563065e-237	9.94473327e-258	3.06936212e-278	6.65805232e-299	1.00000000e-300	1.00000000e-300	1.00000000e-300	
4.1	1.84742891e-002	7.43411109e-001	2.38114602e-001	7.06466702e-020	1.19414260e-038	1.35416418e-057	9.08652069e-077	4.57275461e-096	1.46553253e-115	3.47983506e-135	6.39276014e-155	9.07315016e-175	9.26569123e-195	7.05044227e-215	4.08863504e-235	1.89061086e-255	6.98286559e-276	1.83494037e-296	1.00000000e-300	1.00000000e-300	1.00000000e-300	
4.2	1.78598530e-003	2.00072755e-001	7.98141260e-001	2.78214326e-019	5.62788159e-038	7.74390312e-057	6.27595682e-076	3.81470752e-095	1.47303067e-114	4.18438959e-134	8.97436965e-154	1.53841941e-173	1.89318297e-193	1.73193941e-213	1.18821310e-233	6.60558760e-254	2.91830687e-274	9.28775937e-295	1.00000000e-300	1.00000000e-300	1.00000000e-300	
4.3	1.13177389e-004	3.11565256e-002	9.68730296e-001	4.81508707e-010	1.16562664e-028	1.94614926e-047	1.90369682e-066	1.39720867e-085	6.48055971e-105	2.19034025e-124	5.49053782e-144	1.13680439e-163	1.68580299e-183	1.85416079e-203	1.50487849e-223	1.00586758e-243	5.29682771e-264	2.03779006e-284	1.00000000e-300	1.00000000e-300	1.00000000e-300	
4.4	9.53436329e-006	5.82050404e-003	9.94169675e-001	2.86502494e-007	8.29072239e-026	1.67899763e-044	1.95669125e-063	1.72274278e-082	9.26106215e-102	3.56331749e-121	1.04511438e-140	2.61357003e-160	4.67034189e-180	6.17574037e-200	5.92681417e-220	4.76278863e-240	2.94581187e-260	1.35745443e-280	1.00000000e-300	1.00000000e-300	1.00000000e-300	
4.5	1.15533639e-006	1.44285439e-003	9.98509239e-001	4.67515796e-005	1.58238550e-023	3.85703091e-042	4.75437087e-061	4.67673703e-080	2.39771188e-099	8.78218403e-119	3.01731053e-138	9.11353912e-158	1.96247532e-177	3.11994295e-197	3.53090498e-217	3.41117282e-237	2.38510196e-257	1.28176158e-277	9.88251029e-298	1.00000000e-300	1.00000000e-300	
4.6	2.41327739e-007	5.77889646e-004	9.97084019e-001	2.33783635e-003	1.33912213e-008	3.63230566e-027	3.09395712e-046	2.44620266e-065	7.95901304e-085	2.04202921e-104	8.22768527e-124	3.00159982e-143	7.78766526e-163	1.48849658e-182	1.96862438e-202	2.28659881e-222	1.69868421e-242	1.01280957e-262	9.08920011e-283	1.00000000e-300	1.00000000e-300	
4.7	1.23163826e-007	5.37058819e-004	9.70392086e-001	2.90648027e-002	5.92944820e-006	1.43015520e-011	8.23863012e-021	3.26424586e-040	5.34473893e-060	8.11961858e-080	3.84106087e-099	1.69247009e-118	5.28500529e-138	1.21432960e-157	1.83961460e-177	2.56861252e-197	1.90790502e-217	1.19050606e-237	1.24498668e-257	1.02603155e-277	6.86171035e-298	
4.8	9.07341902e-008	6.92857041e-004	8.77153784e-001	1.21881759e-001	2.71488772e-004	2.06285755e-008	1.07042777e-015	1.01349599e-024	8.84917479e-045	8.28341738e-065	4.60624889e-084	2.45130589e-103	9.16239025e-123	2.52713765e-142	4.25745080e-162	7.13487423e-182	5.14707418e-202	3.23247766e-222	3.94392170e-242	3.77047963e-262	2.90932070e-282	
4.9	5.71772491e-008	7.39922479e-004	6.96900214e-001	2.98287148e-001	4.06878816e-003	3.87062697e-006	7.37994739e-012	5.02695106e-019	1.13761085e-027	2.61693469e-039	1.71276568e-058	1.10046626e-077	4.84083164e-097	1.58642972e-116	2.88148380e-136	5.73509503e-156	4.05020836e-176	2.54426054e-196	3.62600730e-216	4.02496148e-236	3.58571179e-256	
5	2.68194493e-008	5.72613875e-004	4.62502476e-001	5.06105202e-001	3.06026515e-002	2.17021985e-004	7.81676265e-009	1.71060882e-014	2.59285966e-021	1.51212306e-030	3.54411132e-040	2.74269565e-059	1.37278925e-078	5.12808836e-098	9.73810930e-118	2.20913983e-137	1.57222962e-157	1.00661349e-177	1.67777304e-197	2.16422616e-217	2.22730339e-237	
5.1	9.24919892e-009	3.18049686e-004	2.49536686e-001	6.13933470e-001	1.31299881e-001	4.90991324e-003	1.99121242e-006	7.51678790e-011	3.49292662e-016	1.79764959e-023	8.63771857e-031	7.97720592e-050	4.34796202e-069	1.67887946e-088	3.18210663e-108	7.49048216e-128	5.53865880e-148	3.71871814e-168	7.25773477e-188	1.08889977e-207	1.29549186e-227	
5.2	2.25506921e-009	1.22275937e-004	1.02737208e-001	5.21016001e-001	3.26305494e-001	4.96682275e-002	1.50730111e-004	6.02228525e-008	4.61992720e-012	9.10302372e-018	3.18309530e-023	3.43098389e-042	1.96606721e-061	6.91741330e-081	1.21753292e-100	2.64089739e-120	2.06740049e-140	1.49648968e-160	3.42430479e-180	5.98079607e-200	8.23143504e-220	
5.3	3.58106222e-010	3.01067328e-005	2.91469065e-002	2.84362887e-001	4.54510343e-001	2.28191053e-001	3.74792156e-003	1.07737138e-005	8.34118191e-009	3.24157587e-013	3.62385587e-017	4.39761649e-036	2.61762886e-055	7.77413461e-075	1.18683642e-094	2.20827318e-114	1.83992100e-134	1.46982026e-154	3.94837011e-174	8.03526824e-194	1.28029640e-213	
5.4	3.62175453e-011	4.66651674e-006	5.49621046e-003	9.76996210e-002	3.57454117e-001	5.04204615e-001	3.46125816e-002	5.25414088e-004	2.77363856e-006	1.25379842e-009	2.33237074e-012	3.06632670e-031	1.91489833e-050	4.81323731e-070	6.23355218e-090	9.97416224e-110	8.84547911e-130	7.95814585e-150	2.51315160e-169	5.96494730e-189	1.10113295e-208	
5.5	2.60669083e-012	5.12966387e-007	7.64959610e-004	2.37099931e-002	1.81941212e-001	6.35444478e-001	1.48640869e-001	9.25285034e-003	2.44266847e-004	8.42179664e-007	1.55204768e-008	2.04121671e-016	9.56154615e-026	7.94717009e-037	8.98431999e-057	1.29889401e-076	1.23304918e-096	1.27385062e-116	4.73568021e-136	1.31218626e-155	2.80873809e-175	
5.6	1.44224692e-013	4.27652787e-008	8.31243033e-005	4.33399933e-003	6.50645823e-002	5.08046335e-001	3.42912680e-001	7.19846575e-002	7.41532543e-003	1.41986355e-004	1.72671065e-005	2.24251079e-011	1.80358003e-018	3.86914119e-027	2.13019452e-037	1.05318495e-048	2.20809286e-061	2.67171568e-081	1.17108604e-100	3.79213146e-120	9.42027439e-140	
5.7	5.49475753e-015	2.42925571e-009	6.28157209e-006	5.34916388e-004	1.48409634e-002	2.38739675e-001	4.07991964e-001	2.45531097e-001	8.13520380e-002	6.71654428e-003	4.28631787e-003	2.00127522e-007	9.74605871e-013	1.86710809e-019	1.52392137e-027	1.84796370e-036	1.66414720e-046	8.00424705e-058	4.14319947e-077	1.56957210e-096	4.52939745e-116	
5.8	9.90197137e-017	6.44846068e-011	2.25402926e-007	3.05559727e-005	1.49496738e-003	4.63259369e-002	1.80337362e-001	2.74434194e-001	2.50994839e-001	7.34121177e-002	1.72848853e-001	1.20933635e-004	1.49248870e-008	1.10427887e-013	5.17410988e-020	5.39352758e-027	6.44442057e-035	7.45239317e-044	3.68394263e-053	1.63461979e-072	5.48530132e-092	
5.9	4.38559127e-019	4.16668466e-013	1.98364984e-009	4.18488004e-007	3.47179878e-005	1.96166912e-003	1.59904260e-002	5.56142919e-002	1.25381504e-001	1.11826651e-001	6.85574854e-001	3.61002185e-003	5.44293573e-006	7.99051648e-010	1.01361304e-014	3.93783660e-020	2.46249615e-026	2.39621078e-033	1.24404392e-040	6.47332669e-060	2.52893960e-079	
6	1.45667656e-021	1.99215409e-015	1.29802210e-011	4.17548390e-009	5.68068180e-007	5.59162060e-005	8.91753411e-004	6.53849706e-003	3.30561345e-002	7.88617413e-002	8.59137895e-001	2.12385797e-002	2.18537405e-004	3.73200524e-007	7.03326369e-011	5.17703573e-015	8.06263899e-020	2.86233832e-025	6.33773540e-031	1.14280620e-057	1.28955331e-086	
6.1	6.99026437e-024	1.38919867e-017	1.23959448e-013	5.96792456e-011	1.29318187e-008	2.13357268e-006	6.29479879e-005	9.10180828e-004	9.56067344e-003	5.41887413e-002	8.58718305e-001	7.31625306e-002	3.35120515e-003	4.31944164e-005	7.45943980e-008	5.94191440e-011	1.26521582e-014	8.37306565e-019	3.86412207e-023	1.89624099e-044	1.30507657e-067	
6.2	4.56369693e-026	1.29881178e-019	1.58657055e-015	1.12385012e-012	3.78051957e-010	1.01124302e-007	5.26444059e-006	1.41790601e-004	2.89843524e-003	3.52327069e-002	7.52859679e-001	1.79715593e-001	2.72716539e-002	1.85482551e-003	1.98428740e-005	1.07119501e-007	1.91506674e-010	1.36546809e-013	7.43292226e-017	8.00986400e-034	2.29448244e-052	
6.3	3.28154874e-028	1.32099669e-021	2.20620804e-017	2.26025865e-014	1.15304577e-011	4.85797977e-009	4.28231084e-007	2.04422341e-005	7.67334522e-004	1.83051099e-002	5.21085219e-001	3.01112720e-001	1.23769975e-001	3.32949161e-002	1.60349243e-003	3.99512501e-005	4.03659390e-007	1.96918711e-009	8.04062912e-012	2.57640612e-025	3.64088344e-040	
6.4	1.82596216e-030	1.03071850e-023	2.34734109e-019	3.42853376e-016	2.59701698e-013	1.67915762e-010	2.41804999e-008	1.95829859e-006	1.28115037e-004	5.55924043e-003	2.12231285e-001	2.66555629e-001	2.57831954e-001	2.17688890e-001	3.67240637e-002	3.14468002e-003	1.31085179e-004	3.01064727e-006	6.43142020e-008	1.25155777e-018	1.60362512e-030	
6.5	5.45247612e-033	4.27812024e-026	1.32576077e-021	2.72868069e-018	3.01446284e-015	2.92249567e-012	6.65501894e-010	8.80071846e-008	9.58911716e-006	7.12174199e-004	3.68601949e-002	9.25947341e-002	1.90202651e-001	4.21020589e-001	2.03431114e-001	4.81110663e-002	6.49201484e-003	5.21999189e-004	4.37855052e-005	1.46529165e-013	4.43213386e-023	
6.6	9.48351499e-036	1.02571287e-028	4.31469674e-024	1.23458503e-020	1.95835516e-017	2.79115528e-014	9.77142851e-012	2.04120607e-009	3.56270235e-007	4.31333561e-005	3.05790308e-003	1.44016361e-002	5.81444133e-002	2.93028320e-001	3.47327044e-001	1.93829333e-001	7.02505444e-002	1.57845806e-002	4.13273239e-003	8.72452014e-010	2.13876250e-017	
6.7	1.03768133e-038	1.53585369e-031	8.73727209e-027	3.44707856e-023	7.72905996e-020	1.59220665e-016	8.36644939e-014	2.67787047e-011	7.24106328e-009	1.37359151e-006	1.34502349e-004	1.12689678e-003	8.41183647e-003	8.67560530e-002	2.23409928e-001	2.61850984e-001	2.21104286e-001	1.17559448e-001	7.96442073e-002	4.77357067e-007	4.05574999e-013	
6.8	6.49762872e-042	1.30754375e-034	1.00305253e-029	5.39727855e-026	1.69373794e-022	4.95806654e-019	3.82909868e-016	1.83150272e-013	7.46222699e-011	2.14769171e-008	2.92069756e-006	4.16761874e-005	5.47719052e-004	1.06364701e-002	5.40724376e-002	1.22111294e-001	2.15368567e-001	2.39762948e-001	3.57423833e-001	3.21118289e-005	4.81394354e-010	
6.9	3.37221476e-045	9.13392220e-038	9.42369498e-033	6.88066089e-029	2.98035542e-025	1.22624654e-021	1.36498254e-018	9.56312580e-016	5.72241374e-013	2.43403064e-010	4.61091244e-008	1.07976548e-006	2.39826286e-005	8.20645157e-004	7.63189331e-003	3.10638833e-002	1.05037708e-001	2.23583680e-001	6.31328949e-001	5.08053129e-004	7.85745408e-008	
7	2.28772309e-048	8.26809226e-041	1.14428240e-035	1.12182704e-031	6.66236862e-028	3.79711599e-024	6.01015692e-021	6.04612900e-018	5.21527732e-015	3.20372989e-012	8.46610396e-010	3.15130178e-008	1.14210115e-006	6.52360111e-005	1.04321380e-003	7.25656062e-003	4.39066992e-002	1.66800795e-001	7.77227714e-001	3.69475892e-003	3.84728577e-006	
7.1	2.27143588e-051	1.09095040e-043	2.01989426e-038	2.64571011e-034	2.13266858e-030	1.67111978e-026	3.70317625e-023	5.27699723e-020	6.45474594e-017	5.63306952e-014	2.07534140e-011	1.19397027e-009	6.85142951e-008	6.24946354e-006	1.63322932e-004	1.85844353e-003	1.90151233e-002	1.22152935e-001	8.39808874e-001	1.69103669e-002	8.46152046e-005	
7.2	3.17993071e-054	2.02206319e-046	4.98015007e-041	8.68431870e-037	9.43032060e-033	1.00534203e-028	3.09001308e-025	6.14893951e-022	1.05196370e-018	1.28492072e-015	6.59063675e-013	5.71751006e-011	5.06103240e-009	7.10804698e-007	2.91032170e-005	5.22556073e-004	8.62977385e-003	8.97446645e-002	8.44677335e-001	5.53790711e-002	1.01678037e-003	
7.3	5.75114906e-057	4.82450148e-049	1.57436004e-043	3.62318298e-039	5.27666245e-035	7.59282410e-031	3.20339065e-027	8.82075727e-024	2.08601029e-020	3.52243768e-017	2.50735930e-014	3.20930673e-012	4.28085322e-010	8.97834106e-008	5.55862473e-006	1.52773265e-004	3.91709442e-003	6.35874391e-002	7.87398657e-001	1.37459001e-001	7.47938682e-003	
7.4	1.22799001e-059	1.35419357e-051	5.84332914e-046	1.76101134e-041	3.41546142e-037	6.60092656e-033	3.78886458e-029	1.42704467e-025	4.61888452e-022	1.06611041e-018	1.04859809e-015	1.94378901e-013	3.82173012e-011	1.16530743e-008	1.05836313e-006	4.33987936e-005	1.67144491e-003	4.10600744e-002	6.58777054e-001	2.62727787e-001	3.57191710e-002	
7.5	2.85824857e-062	4.12956426e-054	2.35145651e-048	9.25695481e-044	2.36691153e-039	6.09838231e-035	4.73363003e-031	2.42038502e-027	1.06129410e-023	3.31450948e-020	4.48704824e-017	1.18099886e-014	3.35856186e-012	1.45440793e-009	1.88499286e-007	1.12752575e-005	6.33820362e-004	2.29288117e-002	4.75829506e-001	3.86085924e-001	1.14510473e-001	
7.6	6.90238933e-065	1.30230866e-056	9.76620964e-051	5.00932090e-046	1.68348859e-041	5.72496315e-037	5.96789071e-033	4.11646255e-029	2.42603959e-025	1.01505380e-021	1.88016644e-018	6.92889719e-016	2.80494470e-013	1.68690199e-010	3.04561884e-008	2.60527853e-006	2.08288725e-004	1.08296797e-002	2.91822343e-001	4.41031806e-001	2.56105247e-001	
7.7	1.75112918e-067	4.30013551e-059	4.23883848e-053	2.82561381e-048	1.24455936e-043	5.56667955e-039	7.71384663e-035	7.11345248e-031	5.59291703e-027	3.10589785e-023	7.83439822e-020	3.98907713e-017	2.25822809e-014	1.85017360e-011	4.55605593e-009	5.47213838e-007	6.07561179e-005	4.44277753e-003	1.56308947e-001	4.10821059e-001	4.28365909e-001	
7.8	4.84960449e-070	1.54495490e-061	1.99800720e-055	1.72077860e-050	9.90523183e-046	5.80835342e-041	1.06546885e-036	1.30337134e-032	1.35302759e-028	9.88087398e-025	3.38156215e-021	2.34971006e-018	1.83915325e-015	2.01776890e-012	6.63214223e-010	1.09998550e-007	1.66145448e-005	1.67535844e-003	7.74013187e-002	3.35198551e-001	5.85708047e-001	
7.9	1.53772690e-072	6.33339528e-064	1.07255185e-057	1.18189808e-052	8.85798425e-048	6.78718693e-043	1.64144504e-038	2.65087328e-034	3.60789499e-030	3.42783890e-026	1.58323744e-022	1.48596247e-019	1.58483478e-016	2.28904598e-013	9.87318576e-011	2.22989238e-008	4.49139751e-006	6.13004551e-004	3.73224897e-002	2.55098272e-001	7.06961719e-001	
8	5.68642925e-075	3.01774958e-066	6.67956745e-060	9.39318660e-055	9.06206512e-050	9.04368150e-045	2.87237747e-040	6.09616968e-036	1.08068463e-031	1.32350343e-027	8.19596906e-024	1.03159543e-020	1.48615826e-017	2.78555363e-014	1.54737720e-011	4.68902784e-009	1.23752391e-006	2.24931302e-004	1.80920523e-002	1.88520011e-001	7.93161764e-001	
