4	9.94074039e-001	5.92596077e-003	1.37601369e-010	4.14461956e-029	8.02443284e-048	7.93712447e-067	4.40902370e-086	1.64209449e-105	4.42493799e-125	8.37897745e-145	1.15095844e-164	1.20380550e-184	1.00484600e-204	5.70837923e-225	2.72997572e-245	1.51421361e-265	6.63227021e-286	1.00000000e-300	
4.1	8.45154036e-001	1.54844573e-001	1.39080890e-006	4.98783855e-025	1.15802344e-043	1.36673800e-062	8.94989193e-082	3.91046967e-101	1.25645653e-120	2.82711908e-140	4.61736310e-160	5.68738835e-180	5.64337006e-200	3.81979834e-220	2.23106030e-240	1.43421207e-260	7.25008630e-281	1.00000000e-300	
4.2	2.50148556e-001	7.49064822e-001	7.86621950e-004	3.35876153e-022	9.30946404e-041	1.29357400e-059	9.77832039e-079	5.01812603e-098	1.92250633e-117	5.14011639e-137	9.98158380e-157	1.44788636e-176	1.70779581e-196	1.36383629e-216	9.71393372e-237	7.24595981e-257	4.23146450e-277	2.00220711e-297	
4.3	3.15097016e-002	9.29985849e-001	3.85044138e-002	3.54676219e-008	1.09684630e-026	1.58933287e-045	1.23616153e-064	7.45933820e-084	3.40749084e-103	1.08256794e-122	2.49957963e-142	4.26993907e-162	5.98693101e-182	5.44216981e-202	4.68385387e-222	4.05915059e-242	2.74081742e-262	1.49298258e-282	
4.4	3.51522149e-003	6.54656635e-001	3.41783478e-001	4.46662742e-005	1.03226887e-023	1.01701367e-042	6.11443317e-062	4.34356267e-081	2.36590374e-100	8.93130893e-120	2.45190494e-139	4.93261636e-159	8.22130131e-179	7.86125579e-199	7.92872928e-219	7.99291236e-239	6.24592667e-259	3.91938170e-279	
4.5	3.86368025e-004	2.68443824e-001	7.27331151e-001	3.83865196e-003	4.90788526e-009	9.87225067e-018	3.55513366e-037	2.97625254e-056	1.93300808e-075	8.67091949e-095	2.83030405e-114	6.70545156e-134	1.32852249e-153	1.20983744e-173	1.34076294e-193	1.57405339e-213	1.42461163e-233	1.03046049e-253	
4.6	6.64573038e-005	9.53940210e-002	8.56337368e-001	4.82007201e-002	1.43323261e-006	2.39669484e-013	2.16043083e-024	2.13375885e-043	1.65241140e-062	8.80769364e-082	3.41794157e-101	9.53613518e-121	2.24591031e-140	1.82876827e-160	2.05216719e-180	2.80907151e-200	2.94736172e-220	2.45900360e-240	
4.7	1.60419588e-005	3.23346528e-002	7.67385622e-001	2.00190570e-001	7.31134525e-005	4.19695613e-010	9.19660909e-019	1.18665578e-028	1.09561054e-047	6.93599988e-067	3.19439961e-086	1.04937407e-105	2.93662638e-125	2.13448640e-145	2.28987748e-165	3.65894489e-185	4.45419728e-205	4.28865518e-225	
4.8	3.90747163e-006	9.89472184e-003	5.38315172e-001	4.50487169e-001	1.29889699e-003	1.32756924e-007	2.43782843e-014	9.50032125e-022	1.04406019e-040	7.81482174e-060	4.21784421e-079	1.62612546e-098	5.38060173e-118	3.63652455e-138	3.68408611e-158	6.87996957e-178	9.72543831e-198	1.08143336e-217	
4.9	8.58674288e-007	2.73271211e-003	3.07772801e-001	6.78463958e-001	1.10176386e-002	1.20317208e-005	8.06514680e-011	3.09775495e-016	4.00583848e-035	3.45479817e-054	2.07171874e-073	9.14948876e-093	3.46479674e-112	2.30525399e-132	2.24968672e-152	4.91605857e-172	8.07645694e-192	1.03782487e-211	
5	1.75186408e-007	7.16315657e-004	1.54481358e-001	7.89050894e-001	5.53201098e-002	4.31092542e-004	5.47609634e-008	8.51091743e-012	1.23541790e-030	1.12916360e-049	6.63979537e-069	3.04535861e-088	1.17536033e-107	8.14638430e-128	7.89914118e-148	2.02230957e-167	3.86460580e-187	5.74278298e-207	
5.1	3.32344537e-008	1.79064083e-004	6.99206906e-002	7.44013562e-001	1.78670194e-001	7.20611132e-003	1.03123046e-005	3.19495496e-008	4.66416783e-027	3.90176328e-046	1.93683955e-065	7.55427105e-085	2.42186171e-104	1.83030661e-124	1.81776404e-144	5.45907875e-164	1.21453207e-183	2.08854738e-203	
5.2	5.32493840e-009	3.88275518e-005	2.61940683e-002	5.39169670e-001	3.73871117e-001	6.00634869e-002	6.40314868e-004	2.25107282e-005	1.14805493e-014	7.76604836e-034	3.02392663e-053	8.42859388e-073	1.93192305e-092	1.63666812e-112	1.71140518e-132	6.03712849e-152	1.56511770e-171	3.11695715e-191	
5.3	6.27946291e-010	6.34491612e-006	7.13050543e-003	2.66341196e-001	4.66326762e-001	2.42705578e-001	1.39407003e-002	3.54891213e-003	3.14359553e-010	5.24328640e-019	1.19882987e-029	2.31778874e-049	3.76729201e-069	3.60127331e-089	4.07402294e-109	1.69039581e-128	5.11156882e-148	1.17984692e-167	
5.4	4.32592827e-011	6.15505959e-007	1.11952478e-003	7.21464042e-002	2.86120217e-001	4.10607875e-001	9.85317170e-002	1.31472951e-001	6.95995275e-007	1.30180973e-013	6.71847838e-022	4.75044610e-032	5.91300128e-052	6.32230746e-072	7.95879486e-092	3.88992906e-111	1.37332006e-130	3.67709130e-150	
5.5	8.71747325e-013	1.76015576e-008	5.05805329e-005	5.41117762e-003	4.46163747e-002	1.54873959e-001	1.27094986e-001	6.67857632e-001	9.52720797e-005	8.05146137e-010	3.31700564e-016	3.30321621e-024	1.85841979e-033	6.27409593e-044	4.81894859e-056	7.38777635e-069	3.04839131e-088	9.47676598e-108	
5.6	8.60716003e-015	2.47289385e-010	1.09743437e-006	1.89359745e-004	3.03165723e-003	2.29868907e-002	5.56076726e-002	9.16264035e-001	1.91892501e-003	3.62138195e-007	5.27452920e-012	2.89520032e-018	1.47441910e-025	8.72732173e-034	2.52412922e-043	2.28731475e-053	1.10428946e-072	3.98977331e-092	
5.7	1.10450932e-016	4.52759563e-012	3.04718058e-008	8.26155297e-006	2.42919945e-004	3.71775733e-003	2.35271599e-002	9.54179163e-001	1.82803883e-002	4.43079007e-005	1.19987778e-008	1.73087318e-013	3.44457365e-019	1.30432390e-025	4.54666284e-033	6.93366083e-041	3.92153205e-060	1.64846444e-079	
5.8	1.94332253e-018	1.13761604e-013	1.14368694e-009	4.76419369e-007	2.45892470e-005	7.12412936e-004	1.06685302e-002	8.80432825e-001	1.06025990e-001	2.12874132e-003	6.43235571e-006	1.35183112e-009	5.39628320e-014	5.93058999e-019	1.00961881e-024	9.55072744e-031	6.33589455e-050	3.10233293e-069	
5.9	3.71984950e-020	3.10163977e-015	4.58647815e-011	2.87809397e-008	2.51018722e-006	1.30701436e-004	4.25397500e-003	6.12942543e-001	3.41875015e-001	3.99003301e-002	8.93192259e-004	1.70385991e-006	8.00891374e-010	1.37071438e-013	5.55665302e-018	1.47510585e-022	2.56229817e-046	2.09566755e-072	
6	5.24451558e-022	6.23918401e-017	1.33556563e-012	1.24074723e-009	1.76936175e-007	1.58476250e-005	1.03830839e-003	2.40023806e-001	4.84288886e-001	2.45339395e-001	2.89499068e-002	3.42433763e-004	1.23575337e-006	2.00742420e-009	1.08930631e-012	4.32040254e-016	5.86085771e-035	8.82861812e-056	
6.1	4.37568345e-024	7.37174638e-019	2.23863380e-014	3.03206409e-011	6.86696392e-009	1.01855621e-006	1.25388303e-004	4.44759854e-002	2.64990601e-001	4.60699818e-001	2.17770833e-001	1.17048779e-002	2.29088524e-004	2.37152951e-006	1.07554220e-008	3.86065345e-011	4.26561826e-026	1.03312622e-042	
6.2	2.36323936e-026	5.61715659e-021	2.38548982e-016	4.64716342e-013	1.62763875e-010	3.86710144e-008	8.42304617e-006	4.47732794e-003	6.70543835e-002	3.28835302e-001	4.96520833e-001	9.50936280e-002	7.63682639e-003	3.63748838e-004	9.28537658e-006	2.02445829e-007	3.02486872e-019	1.69793568e-032	
6.3	1.04173315e-028	3.46353170e-023	2.02668626e-018	5.61092385e-015	2.96675522e-012	1.09561394e-009	4.00957902e-007	3.15118415e-004	1.04365040e-002	1.23705486e-001	4.98542274e-001	2.79417902e-001	7.36747882e-002	1.24967362e-002	1.28676133e-003	1.24028243e-004	6.01847607e-014	1.68076702e-024	
6.4	3.53207718e-031	1.63084983e-025	1.30295027e-020	5.07391497e-017	3.96757029e-014	2.21764308e-011	1.30453267e-008	1.50236330e-005	9.96215323e-004	2.52556773e-002	2.34948009e-001	3.31055351e-001	2.40097396e-001	1.17922984e-001	3.73535966e-002	1.23557328e-002	6.26923017e-010	2.56572423e-018	
6.5	6.09999859e-034	3.88233925e-028	4.20055802e-023	2.27798709e-019	2.58767800e-016	2.14019500e-013	1.94914111e-010	3.26503214e-007	4.01265115e-005	1.97705498e-003	3.80298034e-002	1.19404620e-001	2.06897467e-001	2.51048838e-001	1.98732586e-001	1.83868782e-001	3.96237342e-007	8.99797436e-014	
6.6	5.48357294e-037	4.77535789e-031	6.95761600e-026	5.21116005e-022	8.45147184e-019	1.01432666e-015	1.38412680e-012	3.34686088e-009	7.17242057e-007	6.37013430e-005	2.32350964e-003	1.47691417e-002	5.47575262e-002	1.45011903e-001	2.46643582e-001	5.36405982e-001	2.39330383e-005	1.39404734e-010	
6.7	5.31701114e-040	6.29279961e-034	1.22582881e-028	1.25719934e-024	2.87776013e-021	4.91934594e-018	9.76987537e-015	3.38254018e-011	1.20353694e-008	1.81531193e-006	1.17199153e-004	1.39737709e-003	1.01521543e-002	5.32412610e-002	1.74822891e-001	7.59873194e-001	3.94065074e-004	3.18816425e-008	
6.8	7.98061406e-043	1.27510991e-036	3.30602040e-031	4.61640042e-027	1.46932025e-023	3.53311804e-020	9.98813314e-017	4.91211996e-013	2.78695625e-010	6.80593896e-008	7.35625240e-006	1.54583227e-004	2.04980068e-003	1.97238053e-002	1.15862009e-001	8.58960821e-001	3.23932148e-003	2.23535685e-006	
6.9	1.92387895e-045	4.12196394e-039	1.41630266e-033	2.66836354e-029	1.17184770e-025	3.90652994e-022	1.53847268e-018	1.06595730e-014	9.31586906e-012	3.54366836e-009	6.12787870e-007	2.15578411e-005	4.92159424e-004	8.17068812e-003	8.12283772e-002	8.93278184e-001	1.67414991e-002	6.69176734e-005	
7	6.84921860e-048	1.95482518e-041	8.78976161e-036	2.22361686e-031	1.33363091e-027	6.11030063e-024	3.29677291e-020	3.19126003e-016	4.16668141e-013	2.39115486e-010	6.37589656e-008	3.59852370e-006	1.34799687e-004	3.67161157e-003	5.92374537e-002	8.75834825e-001	6.00938891e-002	1.02375834e-003	
7.1	3.16822402e-050	1.19646721e-043	7.00211884e-038	2.36881270e-033	1.92496823e-029	1.20034799e-025	8.73097822e-022	1.17052651e-017	2.22400787e-014	1.87390855e-011	7.47131240e-009	6.52878043e-007	3.85785852e-005	1.65425385e-003	4.18992747e-002	7.90832902e-001	1.56671218e-001	8.90311210e-003	
7.2	1.68479475e-052	8.35495050e-046	6.34061468e-040	2.84724159e-035	3.11966752e-031	2.62610411e-027	2.54213447e-023	4.68156781e-019	1.26498855e-015	1.52685731e-012	8.86156028e-010	1.16281687e-007	1.04848050e-005	6.83810947e-004	2.64574983e-002	6.26495389e-001	2.99589289e-001	4.67634110e-002	
7.3	9.37963749e-055	6.04966435e-048	5.93127048e-042	3.51529220e-037	5.15729477e-033	5.82511276e-029	7.40258610e-025	1.85701367e-020	6.98465177e-017	1.18171177e-013	9.75195573e-011	1.87019762e-008	2.50077940e-006	2.40860168e-004	1.39121637e-002	4.13867928e-001	4.18367617e-001	1.53608912e-001	
7.4	5.23976698e-057	4.36611610e-050	5.50810416e-044	4.29514290e-039	8.36121552e-035	1.25833723e-030	2.07444530e-026	7.02850909e-022	3.60731085e-018	8.39653806e-015	9.63310268e-012	2.63716669e-009	5.10122014e-007	7.06520597e-005	5.97020549e-003	2.25216364e-001	4.35957913e-001	3.32784352e-001	
7.5	3.03005236e-059	3.23900488e-052	5.21330074e-046	5.33214759e-041	1.37261261e-036	2.72826243e-032	5.76683191e-028	2.62292116e-023	1.80869409e-019	5.68092990e-016	8.88563049e-013	3.40162100e-010	9.29583165e-008	1.80867010e-005	2.19677105e-003	1.06310588e-001	3.65675934e-001	5.25798526e-001	
7.6	1.93516203e-061	2.63398560e-054	5.37119160e-048	7.18295686e-043	2.43780396e-038	6.36877656e-034	1.70369044e-029	1.03435135e-024	9.40789585e-021	3.92655155e-017	8.22857682e-014	4.31418256e-011	1.63354647e-008	4.37358307e-006	7.50857255e-004	4.70862093e-002	2.71729222e-001	6.80429321e-001	
7.7	1.43881171e-063	2.47450681e-056	6.36380395e-050	1.10634599e-044	4.93521339e-040	1.68655580e-035	5.64160530e-031	4.52742717e-026	5.36180487e-022	2.92463932e-018	8.06896238e-015	5.70287118e-012	2.93772163e-009	1.05985123e-006	2.53486638e-004	2.07632936e-002	1.92137228e-001	7.86844929e-001	
7.8	1.26850558e-065	2.73430456e-058	8.82609109e-052	1.98060321e-046	1.15713250e-041	5.14723763e-037	2.12905843e-032	2.24965176e-027	3.41956335e-023	2.40681558e-019	8.61408471e-016	8.05600525e-013	5.55052183e-010	2.65398004e-007	8.72298863e-005	9.38926298e-003	1.34388535e-001	8.56134706e-001	
7.9	1.34406878e-067	3.60050862e-060	1.45100516e-053	4.19011363e-048	3.17485070e-043	1.82884708e-038	9.25179510e-034	1.28274532e-028	2.46747675e-024	2.20413446e-020	1.00853016e-016	1.23128952e-013	1.11730137e-010	6.95198230e-008	3.09909781e-005	4.39879267e-003	9.45945309e-002	9.00975616e-001	
8	1.69501048e-069	5.59401279e-062	2.79864771e-055	1.03672549e-049	1.01627657e-044	7.50560248e-040	4.59380398e-035	8.33217231e-030	2.00658494e-025	2.24691408e-021	1.29360662e-017	2.02757633e-014	2.38970646e-011	1.90811355e-008	1.13981266e-005	2.13624921e-003	6.74094719e-002	9.30442862e-001	
