4	1.94684722e-001	8.05170338e-001	1.44940019e-004	1.13411595e-022	3.17235232e-041	3.77571092e-060	2.32208544e-079	8.22850970e-099	1.28389916e-118	1.45599814e-138	1.32604566e-158	9.08872970e-179	5.13777823e-199	2.45474354e-219	9.67577273e-240	3.25126772e-260	9.39401248e-281	1.00000000e-300	1.00000000e-300	1.00000000e-300	1.00000000e-300	1.00000000e-300	1.00000000e-300	1.00000000e-300	1.00000000e-300	1.00000000e-300	1.00000000e-300	1.00000000e-300	
4.1	5.99249267e-002	9.27558117e-001	1.25169563e-002	1.16893503e-020	3.88247319e-039	5.40659127e-058	3.90564998e-077	1.63655981e-096	3.03978567e-116	4.13480646e-136	4.53975237e-156	3.76649164e-176	2.57749377e-196	1.49255531e-216	7.13253995e-237	2.90851036e-257	1.02131834e-277	5.34134374e-298	1.00000000e-300	1.00000000e-300	1.00000000e-300	1.00000000e-300	1.00000000e-300	1.00000000e-300	1.00000000e-300	1.00000000e-300	1.00000000e-300	1.00000000e-300	
4.2	1.63550954e-002	7.43893454e-001	2.39751385e-001	6.56041578e-008	2.58732283e-026	4.21566597e-045	3.57714550e-064	1.77244351e-083	3.91908087e-103	6.39401052e-123	8.46317127e-143	8.49954934e-163	7.04129677e-183	4.94160767e-203	2.86304037e-223	1.41678561e-243	6.04611280e-264	3.67723683e-284	1.00000000e-300	1.00000000e-300	1.00000000e-300	1.00000000e-300	1.00000000e-300	1.00000000e-300	1.00000000e-300	1.00000000e-300	1.00000000e-300	1.00000000e-300	
4.3	2.66602647e-003	3.08864441e-001	6.88430331e-001	3.92019776e-005	1.19775865e-014	2.28344579e-033	2.27593520e-052	1.33352974e-071	3.51002773e-091	6.86880440e-111	1.09602751e-130	1.33242664e-150	1.33623491e-170	1.13654411e-190	7.98359169e-211	4.79466200e-231	2.48672890e-251	1.76151371e-271	6.89599792e-292	1.00000000e-300	1.00000000e-300	1.00000000e-300	1.00000000e-300	1.00000000e-300	1.00000000e-300	1.00000000e-300	1.00000000e-300	1.00000000e-300	
4.4	4.37335905e-004	1.16699961e-001	8.79204611e-001	3.65809131e-003	7.17013560e-010	1.59936999e-028	1.87253546e-047	1.29739864e-066	4.06516886e-086	9.54175398e-106	1.83527033e-125	2.70063471e-145	3.27842419e-165	3.37954003e-185	2.87791878e-205	2.09745557e-225	1.32198132e-245	1.09236599e-265	5.18470735e-286	1.00000000e-300	1.00000000e-300	1.00000000e-300	1.00000000e-300	1.00000000e-300	1.00000000e-300	1.00000000e-300	1.00000000e-300	1.00000000e-300	
4.5	7.72591524e-005	4.39359418e-002	8.50961327e-001	1.05021709e-001	3.76314513e-006	9.82108496e-025	1.35064568e-043	1.10654242e-062	4.12734956e-082	1.16197904e-101	2.68827282e-121	4.78297806e-141	7.02387521e-161	8.77523701e-181	9.05812217e-201	8.01036626e-221	6.12694375e-241	5.91403837e-261	3.40317549e-281	1.00000000e-300	1.00000000e-300	1.00000000e-300	1.00000000e-300	1.00000000e-300	1.00000000e-300	1.00000000e-300	1.00000000e-300	1.00000000e-300	
4.6	8.24665068e-006	9.37893006e-003	4.08512983e-001	5.80712644e-001	1.38719576e-003	2.24121605e-010	3.62041200e-029	3.50747142e-048	1.55742259e-067	5.25907541e-087	1.43049598e-106	3.04050327e-126	5.38285079e-146	8.15040093e-166	1.01605676e-185	1.08851951e-205	9.98916680e-226	1.12799291e-245	7.86935195e-266	4.78147524e-286	1.00000000e-300	1.00000000e-300	1.00000000e-300	1.00000000e-300	1.00000000e-300	1.00000000e-300	1.00000000e-300	1.00000000e-300	
4.7	6.37104442e-007	1.37033613e-003	1.23116733e-001	8.21530721e-001	5.39802445e-002	1.32873716e-006	2.51955394e-025	2.88625230e-044	1.52558396e-063	6.17895489e-083	1.74803522e-102	4.14334357e-122	8.74141557e-142	1.60387061e-161	2.34299034e-181	2.99469610e-201	3.12494376e-221	4.13396095e-241	3.49654144e-261	2.56909731e-281	1.00000000e-300	1.00000000e-300	1.00000000e-300	1.00000000e-300	1.00000000e-300	1.00000000e-300	1.00000000e-300	1.00000000e-300	
4.8	4.45442318e-008	1.72085772e-004	2.99706680e-002	5.64498644e-001	4.04833254e-001	5.25297093e-004	6.09064438e-009	8.23494055e-028	5.18116305e-047	2.51451737e-066	5.49981928e-086	1.19064325e-105	2.90776674e-125	6.44751931e-145	9.68998063e-165	1.37082924e-184	1.41708282e-204	2.19927805e-224	2.25509157e-244	2.00256777e-264	1.54340484e-284	1.00000000e-300	1.00000000e-300	1.00000000e-300	1.00000000e-300	1.00000000e-300	1.00000000e-300	1.00000000e-300	
4.9	2.41517240e-009	1.59793157e-005	5.13756486e-003	2.19315387e-001	7.57230995e-001	1.82880580e-002	1.20128463e-005	4.44623277e-011	4.41100588e-017	2.53578952e-036	3.32715282e-056	5.13037812e-076	1.35925660e-095	3.55658748e-115	4.23237000e-135	5.48014398e-155	4.70358251e-175	8.57582459e-195	1.06547865e-214	1.14061068e-234	1.06093450e-254	8.63179967e-275	6.13926008e-295	1.00000000e-300	1.00000000e-300	1.00000000e-300	1.00000000e-300	1.00000000e-300	
5	1.38076358e-010	1.49854847e-006	8.57895692e-004	7.47351100e-002	7.83708721e-001	1.38901736e-001	1.79467029e-003	3.67839340e-007	4.88797395e-011	3.09757538e-030	2.39324375e-050	2.39180866e-070	6.05720531e-090	1.67566817e-109	1.29555294e-129	1.23988223e-149	8.07004835e-170	1.73091572e-189	2.59979230e-209	3.32879936e-229	3.73531353e-249	3.64883612e-269	3.10644996e-289	1.00000000e-300	1.00000000e-300	1.00000000e-300	1.00000000e-300	1.00000000e-300	
5.1	7.62610855e-012	1.30920088e-007	1.29807817e-004	2.15709780e-002	5.41345426e-001	3.98416469e-001	3.83915661e-002	1.44781359e-004	8.40750683e-007	3.77404583e-012	1.61711692e-022	1.10806970e-042	2.28040111e-062	5.22740031e-082	2.60796264e-102	1.71317259e-122	8.62972290e-143	2.18048940e-162	3.93341644e-182	5.92622970e-202	7.99717923e-222	9.20581003e-242	9.18376898e-262	6.27478067e-282	1.00000000e-300	1.00000000e-300	1.00000000e-300	1.00000000e-300	
5.2	3.28961315e-013	8.68174386e-009	1.45664545e-005	4.40389161e-003	2.37673598e-001	5.39027457e-001	2.12393164e-001	5.97983813e-003	5.07419565e-004	5.70529169e-008	3.77633176e-016	3.04456733e-025	3.54054543e-035	5.43120071e-055	1.92541148e-075	9.15598214e-096	3.84915380e-116	1.14732296e-135	2.45479687e-155	4.25293982e-175	6.80198293e-195	8.72899611e-215	9.69306872e-235	6.33492499e-255	2.60546392e-275	2.75322977e-295	1.00000000e-300	1.00000000e-300	
5.3	1.08084736e-014	4.29210186e-010	1.19592251e-006	6.33561465e-004	6.68448263e-002	3.88427380e-001	4.60142238e-001	5.73181162e-002	2.65998864e-002	3.27949011e-005	1.29007406e-011	9.67267169e-019	1.47661022e-026	9.84078548e-036	1.75533816e-046	6.30355389e-058	1.82086317e-071	6.41171579e-091	1.60016866e-110	3.11935876e-130	5.67630884e-150	7.36618544e-170	8.43730078e-190	5.19218509e-210	2.40056641e-230	2.96809606e-250	2.94570867e-270	2.37193709e-290	
5.4	2.43293465e-016	1.43094013e-011	6.51677803e-008	5.87538434e-005	1.14501843e-002	1.51482257e-001	4.48852346e-001	1.85017718e-001	2.01509609e-001	1.62904918e-003	1.78966174e-008	5.31046277e-014	4.02996902e-020	1.99109734e-027	4.89471411e-036	3.48845342e-045	5.13673350e-056	5.84649543e-067	1.67646253e-086	3.63429194e-106	7.01045880e-126	8.36999749e-146	9.27115362e-166	5.50380150e-186	2.89293114e-206	4.19040680e-226	4.84053968e-246	4.50702019e-266	
5.5	4.99930615e-018	4.30865763e-013	3.16048439e-009	4.73409200e-006	1.62368605e-003	4.46452301e-002	2.92989466e-001	3.25188922e-001	3.23410438e-001	1.21354795e-002	2.04091115e-006	1.21301964e-010	2.18324772e-015	3.51791099e-021	4.75019160e-028	2.45340748e-035	5.60402917e-044	1.63557334e-052	5.34640865e-072	1.29071717e-091	2.45481498e-111	2.59474984e-131	2.71989207e-151	1.62858037e-171	9.80127809e-192	1.66538292e-211	2.24118927e-231	2.41476239e-251	
5.6	6.73391601e-020	8.43662256e-015	9.82430606e-011	2.39653370e-007	1.39012067e-004	7.41713303e-003	9.89565142e-002	2.59156185e-001	5.58825217e-001	7.53857402e-002	1.19876297e-004	8.25736302e-008	1.98251103e-011	5.50355316e-016	1.96676940e-021	3.31027747e-027	4.56664174e-034	1.18601117e-040	4.42425923e-060	1.20361805e-079	2.17593428e-099	2.07746256e-119	2.10148250e-139	1.33325879e-159	9.25488539e-180	1.84717190e-199	2.89866129e-219	3.61668096e-239	
5.7	8.93083906e-022	1.61275057e-016	2.94430278e-012	1.15037375e-008	1.09424393e-005	1.07241925e-003	2.71555265e-002	1.52142633e-001	5.84705488e-001	2.32530014e-001	2.37077244e-003	1.21688815e-005	2.47708415e-008	7.16349020e-012	3.78870201e-016	1.10035515e-020	4.33077600e-026	4.32234275e-031	1.84928882e-050	5.75887150e-070	9.97518101e-090	9.05681952e-110	9.22010762e-130	6.48800761e-150	5.24622594e-170	1.23165300e-189	2.25598131e-209	3.26216280e-229	
5.8	1.05411053e-023	2.73243706e-018	7.70354932e-014	4.74974141e-010	7.22142748e-007	1.24407201e-004	5.66708641e-003	6.29083971e-002	4.51704551e-001	4.57090349e-001	2.19067881e-002	5.90567738e-004	7.11590984e-006	1.43931917e-008	7.08738752e-012	2.14075983e-015	1.32212408e-019	2.59011532e-023	6.49063724e-034	2.33400598e-053	4.01763690e-073	3.68320215e-093	3.96094351e-113	3.21036108e-133	3.06127690e-153	8.46615476e-173	1.81183358e-192	3.03891847e-212	
5.9	1.20615420e-025	4.45632432e-020	1.90966492e-015	1.83085596e-011	4.35225492e-008	1.27160636e-005	9.99190404e-004	2.07076174e-002	2.61200593e-001	6.00076424e-001	1.05107255e-001	1.12903577e-002	5.99620224e-004	6.16246438e-006	1.95132924e-008	4.09576991e-011	2.46122702e-014	5.40268214e-017	3.26844561e-025	2.18909161e-034	1.34161265e-044	4.72376979e-056	2.87597095e-068	1.62730071e-081	1.85523486e-101	6.05356108e-121	1.51528438e-140	2.95060729e-160	
6	1.18681479e-027	6.22816855e-022	3.99548090e-017	5.87547386e-013	2.14155479e-009	1.02918242e-006	1.34719101e-004	4.97686888e-003	1.06497040e-001	5.10310282e-001	2.68120322e-001	9.20602871e-002	1.71920700e-002	6.96726696e-004	1.05367743e-005	1.15200270e-007	4.69864000e-010	6.89528076e-012	3.09381565e-018	2.30706837e-025	2.13215628e-033	1.72558934e-042	3.45982647e-052	9.48747213e-063	2.92829198e-074	3.65356169e-086	1.07086045e-105	2.42325463e-125	
6.1	7.66717150e-030	5.66174142e-024	5.36705741e-019	1.19473911e-014	6.56201403e-011	5.05140949e-008	1.06963023e-005	6.77742063e-004	2.39627376e-002	2.22949847e-001	3.00410068e-001	2.78492527e-001	1.52250374e-001	2.00454695e-002	1.14808912e-003	5.11954473e-005	1.12624706e-006	7.66077785e-008	9.57832047e-013	2.90167646e-018	1.56296345e-024	1.03282531e-031	2.24178747e-039	8.84774527e-048	5.84219351e-057	1.91548203e-066	6.58196009e-086	1.73273314e-105	
6.2	2.56077377e-032	2.66203519e-026	3.67724211e-021	1.22193384e-016	9.95481222e-013	1.19909853e-009	4.00588839e-007	4.21394896e-005	2.40774085e-003	4.11201066e-002	1.25832083e-001	2.76091736e-001	3.83298149e-001	1.41017318e-001	2.57993750e-002	3.95180106e-003	3.63011659e-004	7.61248987e-005	1.22695011e-008	6.66485150e-013	9.80986261e-018	2.30713685e-023	2.21734256e-029	4.76402199e-036	2.38250519e-043	6.90588506e-051	2.78564199e-070	8.54124606e-090	
6.3	4.75429461e-035	6.89959822e-029	1.37058006e-023	6.70771824e-019	7.98854413e-015	1.47419096e-011	7.60246684e-009	1.29100879e-006	1.16391513e-004	3.48490379e-003	2.20053295e-002	1.03089185e-001	3.24528114e-001	2.96771710e-001	1.50209886e-001	6.81816943e-002	2.11849225e-002	1.04143448e-002	1.22140360e-005	6.28765409e-009	1.37245358e-012	5.83638317e-017	1.19549663e-021	6.44997434e-027	1.05990568e-032	1.14299006e-038	3.62353321e-064	2.58973725e-091	
6.4	3.44691544e-038	6.92746177e-032	1.95665699e-026	1.39408928e-021	2.39701831e-017	6.64834049e-014	5.19109160e-011	1.38807179e-008	1.93488922e-006	9.77551657e-005	1.18152968e-003	1.09047730e-002	7.11414798e-002	1.46769621e-001	1.83290465e-001	2.18414698e-001	1.85388909e-001	1.81774997e-001	1.03069140e-003	3.12490467e-006	6.12308968e-009	2.68762067e-012	6.39919289e-016	4.70242083e-020	1.29062650e-024	2.60252435e-029	9.85559918e-050	1.46119988e-071	
6.5	9.86999762e-042	2.73546980e-035	1.08644355e-029	1.11283133e-024	2.73122741e-020	1.11826709e-016	1.29894461e-013	5.34717898e-011	1.13146566e-008	9.33097904e-007	2.03341564e-005	3.46949988e-004	4.36396125e-003	1.87367973e-002	5.22163692e-002	1.46028240e-001	2.80738658e-001	4.87449687e-001	9.97072904e-003	1.25866347e-004	1.45975492e-006	4.17052794e-009	7.02685190e-012	4.33852121e-015	1.15023913e-018	2.51029214e-022	1.08547458e-038	2.84411621e-056	
6.6	3.12827032e-045	1.18913745e-038	6.57815673e-033	9.53892616e-028	3.30540659e-023	1.96526635e-019	3.33938004e-016	2.07341165e-013	6.54658750e-011	8.55613668e-009	3.20204557e-007	9.58891631e-006	2.19148691e-004	1.82640078e-003	1.04193632e-002	6.21249437e-002	2.30069350e-001	6.54433025e-001	3.92135768e-002	1.60492217e-003	7.83357489e-005	1.00735192e-006	8.12370145e-009	2.86790548e-011	4.74678112e-014	7.25841861e-017	5.55231493e-030	3.63494134e-044	
6.7	1.49681888e-048	7.75221778e-042	5.92738460e-036	1.20497389e-030	5.84050186e-026	4.97090413e-022	1.21692804e-018	1.11717248e-015	5.17919195e-013	1.04483818e-010	6.44622601e-009	3.24257127e-007	1.28111951e-005	1.94897805e-004	2.11545594e-003	2.47388895e-002	1.57117792e-001	6.97445623e-001	1.04868158e-001	1.15955957e-002	1.82795059e-003	8.01534750e-005	2.30773617e-006	3.42094962e-008	2.51322070e-010	1.90492440e-012	5.85939109e-023	2.02576625e-034	
6.8	1.00664983e-051	7.06019504e-045	7.40691337e-039	2.08289061e-033	1.39890527e-028	1.67989427e-024	5.84717209e-021	7.79855394e-018	5.22847901e-015	1.59012316e-012	1.56204691e-010	1.27118108e-008	8.31962859e-007	2.19284868e-005	4.25475299e-004	9.08859262e-003	9.15679708e-002	6.13583395e-001	2.06256023e-001	5.37411031e-002	2.23602093e-002	2.71797448e-003	2.25228982e-004	1.09702005e-005	2.75363793e-007	7.85321921e-009	2.99377149e-017	1.59048542e-026	
6.9	7.30224711e-055	6.89537295e-048	9.85284783e-042	3.79476548e-036	3.50419865e-031	5.86804053e-027	2.86343463e-023	5.46590607e-020	5.22056740e-017	2.34412211e-014	3.55572350e-012	4.53247922e-010	4.73690174e-008	2.06852948e-006	6.80646217e-005	2.50169494e-003	3.79682467e-002	3.75752517e-001	2.57927128e-001	1.42572076e-001	1.35015216e-001	3.91059789e-002	7.95859516e-003	1.04841721e-003	7.36103406e-005	6.33976488e-006	1.17533028e-012	3.59805471e-020	
7	3.62380388e-058	4.56680836e-051	8.83859535e-045	4.63021638e-039	5.82670589e-034	1.34365895e-029	9.09604189e-026	2.44553570e-022	3.28443258e-019	2.13317690e-016	4.86677397e-014	9.44625821e-012	1.52587467e-009	1.06271179e-007	5.67428608e-006	3.41096435e-004	7.53810067e-003	1.08597344e-001	1.41757237e-001	1.53237763e-001	2.95875544e-001	1.82122698e-001	8.07312688e-002	2.47263572e-002	4.16155515e-003	9.05249054e-004	3.87557310e-009	3.13593065e-015	
7.1	9.79507972e-062	1.63195483e-054	4.25612451e-048	3.00781627e-042	5.12121879e-037	1.61158733e-032	1.49517890e-028	5.59801852e-025	1.04328267e-021	9.63933862e-019	3.23443771e-016	9.32507289e-014	2.26233115e-011	2.43299140e-009	2.03126943e-007	1.91619036e-005	6.03054334e-004	1.25189507e-002	2.93368467e-002	5.80896723e-002	2.10350458e-001	2.52151717e-001	2.22055995e-001	1.40728715e-001	5.03248639e-002	2.38190592e-002	1.29913823e-006	1.49546395e-011	
7.2	1.63197813e-065	3.57951206e-058	1.25198878e-051	1.18234886e-045	2.70589289e-040	1.14728768e-035	1.44714128e-031	7.44238093e-028	1.90376967e-024	2.46460815e-021	1.19256847e-018	4.99293094e-016	1.77540081e-013	2.86723910e-011	3.62312211e-009	5.18629353e-007	2.29035288e-005	6.79517124e-004	2.72518784e-003	9.36935125e-003	5.96076786e-002	1.29903870e-001	2.11321145e-001	2.53246700e-001	1.74809240e-001	1.58245616e-001	6.82608695e-005	6.83125671e-009	
7.3	2.14480551e-069	6.16654394e-062	2.87894354e-055	3.61330887e-049	1.10237226e-043	6.24245742e-039	1.05812954e-034	7.41255769e-031	2.57233145e-027	4.59914649e-024	3.15164750e-021	1.88235558e-018	9.60705917e-016	2.27263577e-013	4.23822046e-011	8.95420106e-009	5.48758143e-007	2.31183526e-005	1.52372298e-004	8.69297969e-004	9.22052412e-003	3.45560080e-002	9.78852080e-002	2.06634691e-001	2.54800745e-001	3.94936367e-001	9.20568213e-004	5.41802813e-007	
7.4	3.15709619e-073	1.18455939e-065	7.30611909e-059	1.21203068e-052	4.88937935e-047	3.66749106e-042	8.28689962e-038	7.80851534e-034	3.64625464e-030	8.89448536e-027	8.51857684e-024	7.13615700e-021	5.12128978e-018	1.74178392e-015	4.69469124e-013	1.42917790e-010	1.20719299e-008	7.17677346e-007	7.51036721e-006	6.84668111e-005	1.15966184e-003	7.13732969e-003	3.35279890e-002	1.17859379e-001	2.43515683e-001	5.91208918e-001	5.50036225e-003	1.39705377e-005	
7.5	6.28149944e-077	3.06179257e-069	2.48621136e-062	5.42161133e-056	2.87481154e-050	2.82205658e-045	8.44221066e-041	1.06109890e-036	6.58571783e-033	2.16926393e-029	2.85931167e-026	3.31272194e-023	3.29527862e-020	1.58399561e-017	6.04787889e-015	2.60051166e-012	3.01003991e-010	2.50994249e-008	4.04265327e-007	5.70664071e-006	1.48896672e-004	1.44823897e-003	1.08244171e-002	6.05386577e-002	1.98545024e-001	7.07623194e-001	2.06883523e-002	1.77082340e-004	
7.6	1.74519601e-080	1.09985034e-072	1.17166156e-065	3.33593321e-059	2.31079194e-053	2.93696372e-048	1.15087226e-043	1.91573040e-039	1.56822437e-035	6.88316265e-032	1.23650244e-028	1.95490476e-025	2.64877743e-022	1.77399622e-019	9.45587265e-017	5.64669148e-014	8.90885839e-012	1.03507413e-009	2.49530995e-008	5.30966188e-007	2.07005633e-005	3.08071677e-004	3.53915566e-003	3.03324761e-002	1.50756739e-001	7.56012785e-001	5.76617820e-002	1.36773234e-003	
7.7	6.56671746e-084	5.32492989e-076	7.41645811e-069	2.71707022e-062	2.44318977e-056	3.98703042e-051	2.02538848e-046	4.41591797e-042	4.73324287e-038	2.74685537e-034	6.64948364e-031	1.42061049e-027	2.59289162e-024	2.38865641e-021	1.75058389e-018	1.42906053e-015	3.05833221e-013	4.92374764e-011	1.73481792e-009	5.43572073e-008	3.08406327e-006	6.82810139e-005	1.17019136e-003	1.48903686e-002	1.07733630e-001	7.41307493e-001	1.27649781e-001	7.17711577e-003	
7.8	3.19635647e-087	3.31769876e-079	6.01939641e-072	2.82339016e-065	3.26956471e-059	6.79126144e-054	4.44170028e-049	1.25450088e-044	1.74000704e-040	1.32493195e-036	4.27647389e-033	1.21726291e-029	2.95208428e-026	3.70120544e-023	3.68751807e-020	4.05954271e-017	1.17267544e-014	2.59549710e-012	1.30923990e-010	5.91636815e-009	4.76520728e-007	1.53116049e-005	3.81285590e-004	7.00888758e-003	7.12608384e-002	6.63637665e-001	2.30561658e-001	2.71338713e-002	
7.9	1.92318952e-090	2.54134387e-082	5.98493181e-075	3.57444893e-068	5.27630988e-062	1.38229126e-056	1.15545989e-051	4.19901468e-047	7.46097303e-043	7.34317661e-039	3.13848975e-035	1.18070410e-031	3.76081878e-028	6.34022155e-025	8.47998340e-022	1.24256295e-018	4.82031492e-016	1.45954713e-013	1.03349264e-011	6.60417334e-010	7.38837496e-008	3.37118101e-006	1.19168878e-004	3.08718864e-003	4.27374262e-002	5.34405497e-001	3.43081733e-001	7.65655401e-002	
8	1.37177394e-093	2.29454050e-085	6.98705825e-078	5.28305481e-071	9.87312208e-065	3.22277854e-059	3.41698172e-054	1.58635355e-049	3.58521751e-045	4.52463642e-041	2.53926844e-037	1.25287032e-033	5.19427274e-030	1.16720054e-026	2.07384463e-023	3.99404408e-020	2.06881118e-017	8.51124358e-015	8.30539466e-013	7.38704154e-011	1.12665777e-008	7.15629313e-007	3.51189456e-005	1.25356961e-003	2.29859221e-002	3.84190873e-001	4.25190422e-001	1.66343367e-001	
