4	1.14074793e-002	9.88561782e-001	3.07390569e-005	4.03929788e-024	2.55651764e-043	2.69931121e-062	1.41621784e-081	3.16190632e-101	5.92672226e-121	9.06365233e-141	9.84537511e-161	8.76703037e-181	5.96396624e-201	3.40603440e-221	2.39895366e-241	9.50080657e-262	3.01230392e-282	1.00000000e-300	1.00000000e-300	1.00000000e-300	1.00000000e-300	1.00000000e-300	1.00000000e-300	1.00000000e-300	1.00000000e-300	
4.1	1.53614552e-003	9.96468086e-001	1.99576897e-003	3.15157908e-022	2.39590929e-041	3.03064826e-060	1.90810820e-079	5.10694592e-099	1.15630710e-118	2.13085248e-138	2.79859795e-158	3.01781180e-178	2.48666100e-198	1.72075358e-218	1.41056938e-238	6.76467187e-259	2.58459935e-279	8.09686209e-300	1.00000000e-300	1.00000000e-300	1.00000000e-300	1.00000000e-300	1.00000000e-300	1.00000000e-300	1.00000000e-300	
4.2	2.85682064e-004	9.58550851e-001	4.11634553e-002	1.15642603e-008	1.05600040e-027	1.60024306e-046	1.20900806e-065	3.86054876e-085	1.05459305e-104	2.34182276e-124	3.71877275e-144	4.85599920e-164	4.84679030e-184	4.06405358e-204	3.88310107e-224	2.25499482e-244	1.03825904e-264	3.91692399e-285	1.00000000e-300	1.00000000e-300	1.00000000e-300	1.00000000e-300	1.00000000e-300	1.00000000e-300	1.00000000e-300	
4.3	8.16925664e-005	7.74339965e-001	2.25569234e-001	9.10844025e-006	9.98984420e-025	1.81356550e-043	1.64436078e-062	5.94232718e-082	1.92932701e-101	5.16249333e-121	9.91224094e-141	1.56740053e-160	1.89500983e-180	1.92529471e-200	2.14720874e-220	1.50988590e-240	8.37755034e-261	3.80590148e-281	1.00000000e-300	1.00000000e-300	1.00000000e-300	1.00000000e-300	1.00000000e-300	1.00000000e-300	1.00000000e-300	
4.4	4.79622514e-005	5.01187074e-001	4.97680249e-001	1.08471467e-003	1.42650535e-022	3.10042459e-041	3.37332672e-060	1.06119502e-079	3.73029744e-099	1.20277856e-118	2.79222436e-138	5.34550466e-158	7.82742438e-178	9.62368523e-198	1.25455420e-217	1.06825119e-237	7.14262629e-258	3.90755856e-278	1.74250103e-298	1.00000000e-300	1.00000000e-300	1.00000000e-300	1.00000000e-300	1.00000000e-300	1.00000000e-300	
4.5	3.46432323e-005	2.72853122e-001	6.94429049e-001	3.26813166e-002	1.86884425e-006	4.80397986e-025	6.27233302e-044	1.09763633e-063	3.18681975e-083	1.23822503e-102	3.47562181e-122	8.02257879e-142	1.41979980e-161	2.08754180e-181	3.18528739e-201	3.28424159e-221	2.64623446e-241	1.74335230e-261	9.33972091e-282	1.00000000e-300	1.00000000e-300	1.00000000e-300	1.00000000e-300	1.00000000e-300	1.00000000e-300	
4.6	1.81537913e-005	1.14682326e-001	6.49618484e-001	2.35043571e-001	6.36673486e-004	7.91460119e-007	1.23996948e-025	1.02046702e-045	1.82768031e-065	8.55495370e-085	2.90342905e-104	7.77940371e-124	1.63131264e-143	2.69705322e-163	4.82348782e-183	6.02228359e-203	5.84744499e-223	4.63935655e-243	2.98581320e-263	1.63168107e-283	1.00000000e-300	1.00000000e-300	1.00000000e-300	1.00000000e-300	1.00000000e-300	
4.7	6.34489636e-006	3.64637054e-002	4.18360009e-001	5.21872838e-001	2.20564103e-002	1.24069213e-003	5.53797314e-010	2.38376943e-030	2.47515204e-050	1.38936404e-069	5.70042278e-089	1.49089127e-108	3.36043653e-128	5.27872531e-148	1.10799826e-167	1.67513041e-187	1.95960649e-207	1.87217587e-227	1.44748405e-247	9.51603479e-268	5.28697972e-288	1.00000000e-300	1.00000000e-300	1.00000000e-300	1.00000000e-300	
4.8	1.42469044e-006	8.30220950e-003	1.82035393e-001	5.57938923e-001	1.49942819e-001	1.01774652e-001	4.57758883e-006	1.22215694e-026	8.10287704e-047	5.24627843e-066	2.59678188e-085	4.75862540e-105	9.12505589e-125	1.10066412e-144	2.71500770e-164	4.97026581e-184	6.99682669e-204	8.04889817e-224	7.47483114e-244	5.91035909e-264	3.70137718e-284	1.00000000e-300	1.00000000e-300	1.00000000e-300	1.00000000e-300	
4.9	9.76315122e-008	6.26222535e-004	2.49716418e-002	1.66636568e-001	1.75132250e-001	6.31653969e-001	9.79251000e-004	2.70009730e-013	1.30685702e-033	8.25870212e-053	4.83389062e-072	5.07975054e-092	6.60419744e-112	5.56611668e-132	1.61570876e-151	3.58051803e-171	6.03512343e-191	8.34779715e-211	9.29588440e-231	8.82548600e-251	5.86099482e-271	2.40727598e-291	1.00000000e-300	1.00000000e-300	1.00000000e-300	
5	3.80252505e-009	2.84871147e-005	1.99457778e-003	2.70068847e-002	8.51016124e-002	8.70924018e-001	1.49444158e-002	4.67244821e-010	1.48319454e-018	1.36457392e-027	8.56391317e-047	5.33643642e-067	4.48703979e-087	2.74487049e-107	9.38834522e-127	2.51469042e-146	5.00844554e-166	8.26258008e-186	1.09068326e-205	1.23147815e-225	8.21313961e-246	3.48856969e-266	3.64128519e-286	1.00000000e-300	1.00000000e-300	
5.1	5.71192249e-010	5.21882052e-006	6.28207970e-004	1.64870229e-002	1.29763889e-001	7.87133865e-001	6.59816996e-002	9.64578337e-008	2.55884846e-014	2.32252192e-021	9.24828944e-030	1.46766164e-040	8.63736839e-061	4.20883364e-081	1.69848008e-100	5.46926447e-120	1.25750453e-139	2.40500418e-159	3.60440647e-179	4.68756125e-199	3.06898079e-219	1.38717266e-239	1.69179776e-259	1.63997457e-279	1.29070877e-299	
5.2	6.45921223e-011	7.43157847e-007	1.50735911e-004	7.34426123e-003	1.28505893e-001	6.75166030e-001	1.88825976e-001	6.36029087e-006	6.17350575e-011	2.03663409e-016	6.36880204e-023	1.49834556e-031	7.64802159e-041	2.13908473e-052	1.01992311e-071	3.89983217e-091	1.00692801e-110	2.09986655e-130	3.24885749e-150	4.55813666e-170	2.95848424e-190	1.46408880e-210	2.08892934e-230	2.35438641e-250	2.14132461e-270	
5.3	4.34201757e-012	6.40922835e-008	2.13687058e-005	1.86288925e-003	6.60245802e-002	5.37982053e-001	3.93936339e-001	1.72674691e-004	3.15734509e-008	1.88620569e-012	1.70702076e-017	2.33544762e-024	1.02544032e-031	6.46495315e-041	3.84133534e-050	1.71091009e-069	4.85874561e-089	1.02031617e-108	1.45108538e-128	2.02705191e-148	1.33922563e-168	7.42282244e-189	1.24052785e-208	1.62709248e-228	1.71112587e-248	
5.4	2.54614640e-013	4.88517116e-009	2.61323434e-006	3.93780295e-004	2.63466912e-002	3.64303396e-001	6.06781122e-001	2.16806689e-003	4.32259437e-006	2.78232108e-009	3.70248870e-013	1.40672184e-018	2.30904229e-024	1.17713364e-031	9.52895231e-039	4.84317780e-058	1.50348549e-077	3.00354693e-097	3.67307505e-117	4.84734417e-137	3.35131649e-157	2.11466210e-177	4.14485211e-197	6.33217549e-217	7.70572009e-237	
5.5	1.44274512e-014	3.62981218e-010	3.07247004e-007	7.75122681e-005	9.25189057e-003	2.20096149e-001	7.55377123e-001	1.49912635e-002	2.04802154e-004	9.50933567e-007	1.14134993e-009	6.70469347e-014	2.12340396e-018	3.87870194e-024	1.67363420e-029	9.57182844e-049	3.27488314e-068	6.16355775e-088	6.51724885e-108	8.09003196e-128	5.98552232e-148	4.35374041e-168	1.00219613e-187	1.78504582e-207	2.51549537e-227	
5.6	7.88062502e-016	2.61325217e-011	3.48835667e-008	1.43328312e-005	2.91734751e-003	1.22874103e-001	8.04802963e-001	6.51760504e-002	4.11389688e-003	1.00521148e-004	7.49694296e-007	4.27444098e-010	1.54115857e-013	5.27596080e-018	5.76449410e-022	6.43353115e-034	2.46467117e-053	4.49486836e-073	4.32074244e-093	5.20734500e-113	4.19642598e-133	3.56051755e-153	9.63865064e-173	2.00341931e-192	3.27190363e-212	
5.7	4.17811141e-017	1.81861479e-012	3.81622574e-009	2.49156781e-006	8.34397189e-004	6.02593706e-002	7.11932304e-001	1.83956296e-001	3.89948876e-002	3.88596595e-003	1.33772061e-004	5.10520442e-007	1.37201398e-009	5.24547130e-013	7.99903114e-016	4.74715229e-025	1.58406602e-035	2.93117579e-055	2.73328589e-075	3.35409541e-095	2.99499546e-115	3.00214055e-135	9.57193137e-155	2.32413048e-174	4.40267949e-194	
5.8	1.77760715e-018	1.02089116e-013	3.31383740e-010	3.36253071e-007	1.79842376e-004	2.16219815e-002	4.41235902e-001	3.02623269e-001	1.70331869e-001	5.67748091e-002	7.09714984e-003	1.32923050e-004	1.91127839e-006	5.39145128e-009	6.96382299e-011	6.04276568e-018	4.70463232e-026	2.52338442e-035	5.85668403e-046	2.18778648e-057	2.20732128e-077	2.64962281e-097	9.96510893e-117	2.82946958e-136	6.22285422e-156	
5.9	4.29330123e-020	3.25504045e-015	1.60315198e-011	2.47896433e-008	2.06527868e-005	4.02644352e-003	1.37165974e-001	2.17155449e-001	2.75354763e-001	2.60619825e-001	9.81358357e-002	7.09572212e-003	4.18123030e-004	6.69366324e-006	4.93207453e-007	2.08737436e-012	1.23608420e-018	7.31843346e-026	2.82553602e-034	2.59148687e-043	2.66016612e-053	2.64853935e-064	1.03392253e-075	3.43689969e-095	8.78418363e-115	
6	4.68503935e-022	4.70621733e-017	3.45595175e-013	8.00367158e-010	1.01683486e-006	3.13833642e-004	1.73700240e-002	5.72096191e-002	1.46269209e-001	3.45718046e-001	3.38060515e-001	7.82847609e-002	1.53758579e-002	1.08879325e-003	3.08298309e-004	2.52964132e-008	4.48264249e-013	1.20225648e-018	2.93261841e-025	2.30652516e-032	2.79524543e-040	5.15599157e-049	4.66783752e-058	1.81875610e-077	5.40781427e-097	
6.1	2.56275453e-024	3.42081117e-019	3.73487850e-015	1.27543816e-011	2.42583128e-008	1.15983879e-005	1.01976738e-003	6.45719250e-003	3.07541374e-002	1.63478086e-001	3.70558214e-001	2.36339293e-001	1.32133647e-001	3.40978166e-002	2.51305814e-002	1.96372448e-005	4.85812057e-009	2.86281595e-013	2.02968460e-018	5.88366588e-024	3.38957166e-030	4.23979366e-037	3.07247522e-044	1.40507396e-063	4.86588847e-083	
6.2	5.36367829e-027	9.52756853e-022	1.52640065e-017	7.58242927e-014	2.12423878e-010	1.54362602e-007	2.11455178e-005	2.42239793e-004	2.03060529e-003	2.22855310e-002	1.07035223e-001	1.67296800e-001	2.35226949e-001	1.84527292e-001	2.80072461e-001	1.25919167e-003	2.40540195e-006	1.70166229e-009	1.86171429e-013	9.96681587e-018	1.31537639e-022	4.97679950e-028	1.23971777e-033	1.33046783e-058	2.34176523e-085	
6.3	4.94275133e-030	1.16873193e-024	2.75927152e-020	1.97057996e-016	8.01694842e-013	8.70063784e-010	1.82409854e-007	3.60322225e-006	5.09476530e-005	1.07754279e-003	1.02107039e-002	3.54776020e-002	1.12875721e-001	2.24968269e-001	6.04205131e-001	1.10243942e-002	1.05363602e-004	5.37663082e-007	5.37173559e-010	2.98839164e-013	4.99828525e-017	2.96896095e-021	1.29852728e-025	1.43275854e-045	4.79304797e-067	
6.4	5.08656479e-033	1.59714076e-027	5.46845556e-023	5.55388827e-019	3.24019597e-015	5.16601493e-012	1.62955140e-009	5.33426753e-008	1.23020239e-006	4.73564395e-005	8.34451601e-004	5.93576692e-003	3.91403287e-002	1.68892818e-001	7.40750323e-001	4.28612658e-002	1.49974323e-003	3.64449895e-005	2.15675289e-007	7.76361204e-010	1.01734379e-012	5.55312242e-016	2.49975065e-019	2.79546218e-035	1.54174489e-052	
6.5	7.51793754e-036	3.11657082e-030	1.53223541e-025	2.19208194e-021	1.81371716e-017	4.18490292e-014	1.95423068e-011	1.02527171e-009	3.74850961e-008	2.50249137e-006	7.79146779e-005	1.05798658e-003	1.34007981e-002	1.09845128e-001	7.47659416e-001	1.15080418e-001	1.18480828e-002	1.00248080e-003	2.48342774e-005	3.97260613e-007	2.76922307e-009	9.01460161e-012	2.73134607e-014	4.91435373e-027	6.40765160e-041	
6.6	1.47225603e-038	8.05478889e-033	5.62373264e-028	1.12319875e-023	1.30475407e-019	4.29857638e-016	2.92805146e-013	2.39248893e-011	1.35278168e-009	1.50253240e-007	7.90929633e-006	1.93091915e-004	4.39673618e-003	6.19045839e-002	6.32912994e-001	2.27087968e-001	5.85507367e-002	1.37846248e-002	1.10044334e-003	5.91176313e-005	1.61946264e-006	2.23888236e-008	3.25630359e-010	2.18503497e-020	1.43998527e-031	
6.7	3.05681985e-041	2.20547104e-035	2.16281618e-030	5.98601930e-026	9.67400317e-022	4.49168001e-018	4.39680727e-015	5.45796731e-013	4.66852806e-011	8.32238153e-009	7.12983471e-007	2.97350698e-005	1.15151690e-003	2.59021213e-002	3.90134023e-001	2.95467984e-001	1.69444334e-001	9.46504609e-002	2.00156666e-002	2.94047441e-003	2.50985505e-004	1.13710679e-005	6.06467996e-007	4.75069720e-015	4.64603949e-024	
6.8	4.66856136e-044	4.43750926e-038	6.06106031e-033	2.30424915e-028	5.13664350e-024	3.32723421e-020	4.61840620e-017	8.51021032e-015	1.07966299e-012	2.99340985e-010	4.03844364e-008	2.75523274e-006	1.73335200e-004	5.92417803e-003	1.30019063e-001	1.92362207e-001	2.23683795e-001	2.63968988e-001	1.28212737e-001	4.43671335e-002	9.88826934e-003	1.20718256e-003	1.90315607e-004	6.91353081e-011	3.78986574e-018	
6.9	3.93953562e-047	4.92812463e-041	9.30853033e-036	4.83141189e-031	1.47499728e-026	1.31717399e-022	2.56417508e-019	6.88011767e-017	1.27260947e-014	5.33379055e-012	1.10136099e-009	1.18323192e-007	1.16410453e-005	5.83270873e-004	1.85155660e-002	5.02858736e-002	1.10297638e-001	2.52368881e-001	2.53006406e-001	1.84325193e-001	9.36601384e-002	2.65689258e-002	1.03762625e-002	8.38141949e-008	1.18794886e-013	
7	1.73647823e-050	2.85798416e-044	7.40703574e-039	5.21870654e-034	2.16310907e-029	2.64277209e-025	7.12925797e-022	2.74261524e-019	7.27175167e-017	4.49932629e-014	1.38663463e-011	2.27455071e-009	3.39182060e-007	2.43379457e-005	1.11112541e-003	5.26425967e-003	2.05515879e-002	8.52927208e-002	1.62562900e-001	2.28916253e-001	2.38865332e-001	1.40528370e-001	1.16871108e-001	1.16638818e-005	2.31102472e-010	
7.1	4.67856653e-054	1.01180400e-047	3.57271794e-042	3.39061371e-037	1.89618624e-032	3.14181885e-028	1.16450696e-024	6.31826526e-022	2.37001185e-019	2.12188239e-016	9.54248761e-014	2.33006869e-011	5.13236237e-009	5.18988484e-007	3.39067755e-005	2.68628990e-004	1.77874857e-003	1.26908189e-002	4.31207468e-002	1.09713399e-001	2.16447444e-001	2.41608865e-001	3.74049189e-001	2.87679558e-004	4.88693451e-008	
7.2	1.20076709e-057	3.40716593e-051	1.62866077e-045	2.06951302e-040	1.55272500e-035	3.46026973e-031	1.74761709e-027	1.32302047e-024	6.93960795e-022	8.80829063e-019	5.68207590e-016	2.02136303e-013	6.42861711e-011	9.05661494e-009	8.42591758e-007	1.07675025e-005	1.16113637e-004	1.36152193e-003	7.82740656e-003	3.40711791e-002	1.18869498e-001	2.34442749e-001	6.00858120e-001	2.43938199e-003	2.41019549e-006	
7.3	3.98891437e-061	1.48326661e-054	9.53266157e-049	1.61469779e-043	1.61197986e-038	4.80778293e-034	3.27712747e-030	3.41796817e-027	2.47928242e-024	4.40102355e-021	4.00533007e-018	2.03634954e-015	9.19612308e-013	1.78843485e-010	2.35852069e-008	4.71117828e-007	7.99558011e-006	1.48460865e-004	1.38334507e-003	9.84536676e-003	5.74759101e-002	1.88925670e-001	7.30589293e-001	1.15745591e-002	4.89049659e-005	
7.4	1.81782545e-064	8.84544287e-058	7.57512721e-052	1.70304989e-046	2.24779755e-041	8.92043530e-037	8.16637109e-033	1.16537778e-029	1.15883206e-026	2.82919523e-023	3.58625668e-020	2.56970262e-017	1.62324586e-014	4.32903024e-012	8.04685117e-010	2.44429323e-008	6.34430713e-007	1.80836581e-005	2.63512125e-004	2.95235689e-003	2.75448648e-002	1.43673344e-001	7.86664960e-001	3.83403287e-002	5.41890064e-004	
7.5	1.10217305e-067	7.00855320e-061	7.96021596e-055	2.36529926e-049	4.10642233e-044	2.14583943e-039	2.62626191e-035	5.06804068e-032	6.85762031e-029	2.27956715e-025	3.97580091e-022	3.95590201e-019	3.45069540e-016	1.25448366e-013	3.26821496e-011	1.47358462e-009	5.70609769e-008	2.43087447e-006	5.37489256e-005	9.17925134e-004	1.31700630e-002	1.04500556e-001	7.80273965e-001	9.72941559e-002	3.78709702e-003	
7.6	8.39719334e-071	6.96846055e-064	1.04491743e-057	4.07746105e-052	9.26439412e-047	6.35110439e-042	1.02601337e-037	2.66092313e-034	4.85195333e-031	2.16702833e-027	5.15304743e-024	7.04603608e-021	8.39154530e-018	4.13593771e-015	1.50016452e-012	9.81280329e-011	5.54581746e-009	3.44928407e-007	1.12752555e-005	2.85471029e-004	6.09390059e-003	7.08991019e-002	7.08534989e-001	1.96168205e-001	1.80067069e-002	
7.7	7.47018688e-074	8.08040419e-067	1.59256435e-060	8.10876055e-055	2.39855919e-049	2.14902586e-044	4.56639948e-040	1.58410971e-036	3.87472473e-033	2.30161731e-029	7.37679850e-026	1.37093249e-022	2.20630267e-019	1.46640362e-016	7.35693475e-014	6.84688233e-012	5.54073319e-010	4.92792814e-008	2.32495226e-006	8.51358873e-005	2.62658330e-003	4.33749863e-002	5.75888663e-001	3.17324482e-001	6.06977747e-002	
7.8	7.41702797e-077	1.04438714e-069	2.69352472e-063	1.78253831e-057	6.81415228e-052	7.94966836e-047	2.21386266e-042	1.01751960e-038	3.32400278e-035	2.60525982e-031	1.11670012e-027	2.79332107e-024	6.01200511e-021	5.35855219e-018	3.69752865e-015	4.82083001e-013	5.48979160e-011	6.84067507e-009	4.56274903e-007	2.36446072e-005	1.02741398e-003	2.33782756e-002	4.11392827e-001	4.14459187e-001	1.49718189e-001	
7.9	8.21415563e-080	1.50379055e-072	5.05263860e-066	4.32862376e-060	2.12165516e-054	3.21058738e-049	1.16756674e-044	7.05138204e-041	3.04016523e-037	3.11002728e-033	1.76953976e-029	5.91041781e-026	1.68614287e-022	2.00413293e-019	1.88573051e-016	3.38244198e-014	5.33345539e-012	9.15765150e-010	8.48269407e-008	6.09693636e-006	3.64138387e-004	1.11231831e-002	2.59379245e-001	4.47099028e-001	2.82028223e-001	
8	1.01994645e-082	2.42466108e-075	1.05655464e-068	1.16678967e-062	7.29337711e-057	1.41495514e-051	6.69490825e-047	5.29473302e-043	3.00073901e-039	3.95722975e-035	2.95620582e-031	1.30691373e-027	4.89880388e-024	7.72039133e-021	9.86325921e-018	2.40752531e-015	5.19098670e-013	1.20884069e-010	1.52613376e-008	1.49299163e-006	1.20036710e-004	4.80876764e-003	1.48660855e-001	4.15966534e-001	4.30442299e-001	
