4	9.99992438e-001	7.56219373e-006	5.62663224e-024	1.07563224e-042	9.54929189e-062	1.85415943e-081	9.66110582e-101	3.11006497e-120	6.50641207e-140	9.60653792e-160	
4.1	9.99346338e-001	6.53661670e-004	5.67513170e-022	1.26338640e-040	1.23691639e-059	2.01229321e-079	1.25392149e-098	4.71611814e-118	1.14352314e-137	1.94811349e-157	
4.2	9.76409623e-001	2.35903766e-002	4.37682112e-010	1.13447930e-028	1.24016626e-047	1.82420314e-067	1.33984807e-086	5.89488348e-106	1.65786863e-125	3.26088910e-145	
4.3	6.88579402e-001	3.11419136e-001	1.46134765e-006	4.40085421e-025	5.43791991e-044	7.80435706e-064	6.30910029e-083	3.25094053e-102	1.06128902e-121	2.41169164e-141	
4.4	1.74317945e-001	8.25390828e-001	2.91226735e-004	1.00416087e-022	1.38700084e-041	2.07616208e-061	1.55985130e-080	9.42508339e-100	3.57430445e-119	9.39000249e-139	
4.5	3.62261558e-002	9.55964151e-001	7.80969165e-003	1.21501575e-009	1.71138621e-028	2.81413196e-048	1.61917834e-067	1.14867930e-086	5.06472355e-106	1.53928929e-125	
4.6	1.24523911e-002	9.19265956e-001	6.82803585e-002	1.29473407e-006	3.55851512e-015	6.60280387e-035	2.70086467e-054	2.25240987e-073	1.15555606e-092	4.06585292e-112	
4.7	5.37507763e-003	7.13139573e-001	2.81270643e-001	2.14706939e-004	8.63356380e-011	6.96722188e-021	2.11698881e-040	2.07812782e-059	1.24163698e-078	5.06170805e-098	
4.8	1.87596433e-003	3.88472501e-001	6.01604680e-001	8.04669802e-003	1.56948209e-007	3.40406359e-015	8.41735760e-035	9.74039552e-054	6.78395008e-073	3.20693490e-092	
4.9	4.79842124e-004	1.51088470e-001	7.50689897e-001	9.76999545e-002	4.18368414e-005	7.40843661e-011	9.03745247e-020	4.36953204e-030	3.55073301e-049	1.94806222e-068	
5	7.83762857e-005	3.79555277e-002	5.23865747e-001	4.35841108e-001	2.25911217e-003	1.29332705e-007	1.92830473e-014	3.19930787e-022	3.03654885e-041	1.93534025e-060	
5.1	7.56918483e-006	5.72407873e-003	1.97141258e-001	7.66816155e-001	3.02830245e-002	2.79141621e-005	2.06553919e-010	3.74267628e-016	4.15345275e-035	3.07845594e-054	
5.2	5.80105060e-007	6.92340677e-004	5.46006332e-002	7.80042693e-001	1.63227315e-001	1.43618035e-003	2.57904277e-007	2.05472673e-011	2.66934294e-030	2.30314318e-049	
5.3	3.76468077e-008	7.13348881e-005	1.20754740e-002	5.25838965e-001	4.37273156e-001	2.46801020e-002	6.08264059e-005	1.03394558e-007	1.57443252e-026	2.05742866e-054	
5.4	1.93464805e-009	5.82666510e-006	1.99858637e-003	2.28440964e-001	6.05106138e-001	1.60929582e-001	3.44852336e-003	7.03776889e-005	1.25786754e-023	1.15396072e-045	
5.5	7.36849673e-011	3.51493939e-007	2.32514390e-004	6.19405927e-002	4.39994534e-001	4.33321703e-001	5.58487326e-002	8.66157119e-003	1.81981074e-021	7.77065178e-039	
5.6	1.60700725e-012	1.20540064e-008	1.47183150e-005	8.30081754e-003	1.38461020e-001	4.17054212e-001	2.39780444e-001	1.96388776e-001	1.20311992e-012	2.77027581e-026	
5.7	1.32450533e-014	1.54829287e-010	3.35123577e-007	3.70090152e-004	1.30733611e-002	1.03439354e-001	2.08442285e-001	6.74674573e-001	1.65977426e-009	3.71941275e-020	
5.8	8.84660807e-017	1.59397319e-012	5.89245142e-009	1.19530348e-005	8.25325913e-004	1.51693177e-002	8.82410469e-002	8.95752077e-001	2.73210716e-007	1.52934860e-015	
5.9	8.73566388e-019	2.39464352e-014	1.46449203e-010	5.16980002e-007	6.54502824e-005	2.53207587e-003	3.64470813e-002	9.60940594e-001	1.42819413e-005	6.77802189e-012	
6	1.36681289e-020	5.63075501e-016	5.54163132e-012	3.25219947e-008	7.17007665e-006	5.38920462e-004	1.69997867e-002	9.82116628e-001	3.37456731e-004	5.75469140e-009	
6.1	3.37272490e-022	2.06438476e-017	3.17946254e-013	2.98142567e-009	1.09767232e-006	1.50118014e-004	9.42643331e-003	9.86149057e-001	4.27196742e-003	1.32330246e-006	
6.2	1.28865574e-023	1.15491780e-018	2.71309431e-014	3.92424417e-010	2.32944339e-007	5.49413692e-005	6.35552874e-003	9.62007618e-001	3.14786930e-002	1.02985227e-004	
6.3	6.67979579e-025	8.68441952e-020	3.03791371e-015	6.56668173e-011	6.10064095e-008	2.37502490e-005	4.74707652e-003	8.55872099e-001	1.36296879e-001	3.06013444e-003	
6.4	3.74512924e-026	6.96922569e-021	3.55208385e-016	1.11548924e-011	1.58170972e-008	9.79106156e-006	3.19868502e-003	6.22457113e-001	3.37348672e-001	3.69857230e-002	
6.5	1.83048595e-027	4.83396109e-022	3.52989130e-017	1.56765939e-012	3.31887820e-009	3.16323645e-006	1.60850670e-003	3.32744184e-001	4.72831990e-001	1.92812152e-001	
6.6	7.07596453e-029	2.63020541e-023	2.70831439e-018	1.65851040e-013	5.13795093e-010	7.33349047e-007	5.56444882e-004	1.25492561e-001	3.93253327e-001	4.80696933e-001	
6.7	2.41209760e-030	1.24733368e-024	1.78788697e-019	1.47199179e-014	6.54856667e-011	1.36595206e-007	1.49391959e-004	3.81318139e-002	2.35447218e-001	7.26271439e-001	
6.8	8.62657011e-032	6.14572530e-026	1.21083258e-020	1.31041348e-015	8.21611446e-012	2.44908596e-008	3.75581249e-005	1.12573860e-002	1.26961761e-001	8.61743270e-001	
6.9	3.51513527e-033	3.43007266e-027	9.17719329e-022	1.27620696e-016	1.11122283e-012	4.63888729e-009	9.77311049e-006	3.54996686e-003	6.92709452e-002	9.27169310e-001	
7	1.66841151e-034	2.20706055e-028	7.93459938e-023	1.39207399e-017	1.65471530e-013	9.49593284e-010	2.70791767e-006	1.22383112e-003	3.96658106e-002	9.59107649e-001	
7.1	9.23765287e-036	1.64038800e-029	7.83471088e-024	1.69769478e-018	2.72164549e-014	2.10317390e-010	8.02522877e-007	4.60170793e-004	2.39607099e-002	9.75578317e-001	
7.2	5.89711377e-037	1.39224761e-030	8.69765961e-025	2.29123419e-019	4.88724715e-015	4.99859265e-011	2.53017138e-007	1.86842863e-004	1.51911303e-002	9.84621774e-001	
7.3	4.27977117e-038	1.33058269e-031	1.07663654e-025	3.39910251e-020	9.52087880e-016	1.26651185e-011	8.43564959e-008	8.10569368e-005	1.00371529e-002	9.89881706e-001	
7.4	3.52614974e-039	1.42342728e-032	1.47670699e-026	5.48943544e-021	1.99776560e-016	3.39014466e-012	2.95282763e-008	3.71925617e-005	6.85974373e-003	9.93103034e-001	
7.5	3.25031168e-040	1.68747384e-033	2.22135868e-027	9.58499129e-022	4.47759494e-017	9.56173183e-013	1.07893036e-008	1.78930920e-005	4.81780468e-003	9.95164291e-001	
7.6	3.32924454e-041	2.20190952e-034	3.63838439e-028	1.80370086e-022	1.06321683e-017	2.81932261e-013	4.09489384e-009	8.95368744e-006	3.45715538e-003	9.96533887e-001	
7.7	3.78879928e-042	3.16054392e-035	6.44345797e-029	3.63637293e-023	2.67642264e-018	8.64068867e-014	1.60475193e-009	4.63628130e-006	2.52286621e-003	9.97472496e-001	
7.8	4.70802318e-043	4.90271246e-036	1.21961720e-029	7.77143856e-024	7.06498916e-019	2.74366791e-014	6.44476306e-010	2.46287569e-006	1.86421552e-003	9.98133321e-001	
7.9	6.39664029e-044	8.22820612e-037	2.47055982e-030	1.75737118e-024	1.95178308e-019	9.01225366e-015	2.65209848e-010	1.33392437e-006	1.38715359e-003	9.98611512e-001	
8	9.43602078e-045	1.48325318e-037	5.31705953e-031	4.17157979e-025	5.59775326e-020	3.03934315e-015	1.11211980e-010	7.36023735e-007	1.04077573e-003	9.98958488e-001	
