4	1.25293342e-001	8.74610297e-001	9.63614757e-005	2.90245409e-023	3.72109498e-042	2.46430131e-061	9.40573020e-081	2.28294422e-100	3.77346153e-120	4.64140409e-140	4.25816889e-160	3.20163075e-180	1.95221387e-200	9.76106935e-221	6.68566394e-241	3.97956187e-261	2.08955729e-281	1.00000000e-300	1.00000000e-300	1.00000000e-300	1.00000000e-300	1.00000000e-300	1.00000000e-300	1.00000000e-300	1.00000000e-300	1.00000000e-300	1.00000000e-300	
4.1	3.83613935e-002	9.54908861e-001	6.72974514e-003	2.40691886e-021	3.61052272e-040	2.80865244e-059	1.26761405e-078	3.66425983e-098	7.26487932e-118	1.07680486e-137	1.19566601e-157	1.08785917e-177	8.03737843e-198	4.87172896e-218	3.83298895e-238	2.62389715e-258	1.59983973e-278	8.17120248e-299	1.00000000e-300	1.00000000e-300	1.00000000e-300	1.00000000e-300	1.00000000e-300	1.00000000e-300	1.00000000e-300	1.00000000e-300	1.00000000e-300	
4.2	1.16884854e-002	8.22547137e-001	1.65764216e-001	1.60963129e-007	2.82510407e-026	2.58141819e-045	1.37771158e-064	4.74304259e-084	1.12797988e-103	2.01435770e-123	2.70696065e-143	2.98008548e-163	2.66793687e-183	1.96042095e-203	1.77622628e-223	1.40158312e-243	9.93607766e-264	5.82044266e-284	1.00000000e-300	1.00000000e-300	1.00000000e-300	1.00000000e-300	1.00000000e-300	1.00000000e-300	1.00000000e-300	1.00000000e-300	1.00000000e-300	
4.3	1.49499258e-003	2.58967576e-001	7.39441327e-001	9.61042579e-005	1.97355549e-023	2.11823064e-042	1.33684483e-061	5.48134337e-081	1.56364095e-100	3.35293439e-120	5.44599281e-140	7.25484275e-160	7.87012948e-180	7.01062665e-200	7.33168096e-220	6.68278275e-240	5.51521231e-260	3.71494834e-280	2.14699667e-300	1.00000000e-300	1.00000000e-300	1.00000000e-300	1.00000000e-300	1.00000000e-300	1.00000000e-300	1.00000000e-300	1.00000000e-300	
4.4	1.32578708e-004	5.11146828e-002	9.42440578e-001	6.31216015e-003	1.51654417e-021	1.91195574e-040	1.42683264e-059	6.96763669e-079	2.38413573e-098	5.93245679e-118	1.14794342e-137	1.85041736e-157	2.43235933e-177	2.62653939e-197	3.17817527e-217	3.34333607e-237	3.21629252e-257	2.49712152e-277	1.65954776e-297	1.00000000e-300	1.00000000e-300	1.00000000e-300	1.00000000e-300	1.00000000e-300	1.00000000e-300	1.00000000e-300	1.00000000e-300	
4.5	2.03064967e-005	1.60680997e-002	8.51669381e-001	1.32240902e-001	1.31120594e-006	1.94175061e-025	1.71335976e-044	9.96429053e-064	4.08975970e-083	9.97745718e-103	2.11727722e-122	4.12974160e-142	6.57780227e-162	8.60237007e-182	1.20699444e-201	1.43428569e-221	1.61027236e-241	1.44354313e-261	1.10599382e-281	1.00000000e-300	1.00000000e-300	1.00000000e-300	1.00000000e-300	1.00000000e-300	1.00000000e-300	1.00000000e-300	1.00000000e-300	
4.6	2.62064900e-006	3.98184885e-003	3.86572894e-001	6.08959145e-001	4.83491389e-004	2.36498944e-010	2.46273541e-029	1.70573169e-048	8.39765502e-068	1.42190945e-087	2.62495053e-107	6.19530452e-127	1.19568158e-146	1.87278812e-166	3.04360028e-186	3.72333171e-206	4.88459543e-226	5.05484253e-246	4.47608477e-266	3.37283156e-286	1.00000000e-300	1.00000000e-300	1.00000000e-300	1.00000000e-300	1.00000000e-300	1.00000000e-300	1.00000000e-300	
4.7	3.14334819e-007	8.67742832e-004	1.31366036e-001	8.47972488e-001	1.97922958e-002	1.12268323e-006	1.34902217e-025	1.11259560e-044	6.56902404e-064	6.19427067e-084	7.65878319e-104	2.18603773e-123	5.11222313e-143	8.94245579e-163	1.64274667e-182	1.70975185e-202	2.62421047e-222	3.12272177e-242	3.20039537e-262	2.69189618e-282	1.00000000e-300	1.00000000e-300	1.00000000e-300	1.00000000e-300	1.00000000e-300	1.00000000e-300	1.00000000e-300	
4.8	4.81140133e-008	2.30520725e-004	5.13820357e-002	7.63890087e-001	1.84040004e-001	4.57299620e-004	4.74857829e-009	4.64363221e-028	3.27546886e-047	1.77378364e-067	1.36350499e-087	4.67225777e-107	1.32339832e-126	2.08182970e-146	3.88669361e-166	2.90985521e-186	5.23176471e-206	7.10306797e-226	8.37329714e-246	7.58863254e-266	3.59276230e-286	1.00000000e-300	1.00000000e-300	1.00000000e-300	1.00000000e-300	1.00000000e-300	1.00000000e-300	
4.9	6.46969593e-009	5.18090322e-005	1.65031356e-002	4.56969829e-001	5.05122682e-001	2.13448550e-002	7.68257551e-006	4.64818954e-010	2.84064016e-017	1.00796258e-037	5.19488009e-058	2.03107483e-077	6.92939453e-097	7.43537156e-117	1.13856084e-136	5.95014810e-157	1.25472315e-176	1.92637201e-196	2.52622387e-216	2.37851791e-236	1.11218456e-256	1.05171117e-276	6.98347391e-297	1.00000000e-300	1.00000000e-300	1.00000000e-300	1.00000000e-300	
5	6.75697137e-010	8.77144828e-006	3.92443872e-003	1.87752111e-001	6.32901515e-001	1.74640993e-001	7.70315080e-004	1.85441660e-006	1.15200184e-011	3.08153714e-032	1.19983535e-052	4.47332546e-072	1.76839242e-091	1.17096571e-111	1.23412840e-131	4.82119073e-152	1.19395511e-171	2.06127982e-191	2.76622446e-211	2.65167222e-231	1.27300635e-251	1.38667184e-271	8.82612078e-292	1.00000000e-300	1.00000000e-300	1.00000000e-300	1.00000000e-300	
5.1	5.74830635e-011	1.17972136e-006	7.36084702e-004	5.91721453e-002	4.77625131e-001	4.49058957e-001	1.30172546e-002	3.89177416e-004	7.04087595e-008	8.62199170e-017	8.88367836e-027	2.39723632e-046	9.51964229e-066	4.15324039e-086	2.95646383e-106	9.53298239e-127	2.77605777e-146	5.39134562e-166	6.61652813e-186	6.46082231e-206	3.28878713e-226	4.07249880e-246	2.45360814e-266	1.08971760e-286	1.00000000e-300	1.00000000e-300	1.00000000e-300	
5.2	4.25294931e-012	1.35213944e-007	1.17559473e-004	1.55589122e-002	2.63657470e-001	6.25702488e-001	8.26144513e-002	1.23239278e-002	2.50562565e-005	2.69160835e-012	4.12271436e-020	2.01401752e-028	5.52546545e-038	1.04346648e-049	5.43698664e-070	1.59400353e-090	5.46584210e-110	1.20046608e-129	1.25297840e-149	1.26046557e-169	6.91385863e-190	9.35974797e-210	5.45090442e-230	2.63277841e-250	3.06629057e-270	2.85794628e-290	1.00000000e-300	
5.3	2.55979387e-013	1.23945870e-008	1.50714747e-005	3.22792583e-003	1.04723847e-001	5.41929207e-001	2.52987527e-001	9.58860778e-002	1.23032627e-003	5.04083389e-009	4.45765315e-015	1.26695312e-021	3.82567770e-029	1.57232809e-038	1.62684080e-048	1.11238913e-060	5.62221580e-073	1.40330866e-092	1.24495090e-112	1.30265868e-132	7.69983852e-153	1.06585436e-172	6.22178720e-193	3.34109505e-213	4.55413425e-233	4.93699848e-253	4.32842230e-273	
5.4	1.20384499e-014	8.74900380e-010	1.49744924e-006	5.10632219e-004	2.95675880e-002	3.02938076e-001	4.10745607e-001	2.42529594e-001	1.37059044e-002	1.10077941e-006	2.63859136e-011	1.98478206e-016	2.39035883e-022	7.75351654e-030	8.73122922e-038	1.68963914e-047	4.14095917e-057	1.17131762e-076	9.26895321e-097	1.01221492e-116	6.41088679e-137	8.49529152e-157	5.15272125e-177	3.12153707e-197	4.98592342e-217	6.29257704e-237	6.38088854e-257	
5.5	3.76281777e-016	4.05779134e-011	9.84149476e-008	5.26160428e-005	5.17302734e-003	9.78611351e-002	3.33484636e-001	4.72650965e-001	9.06940014e-002	8.34918020e-005	2.94426302e-008	3.22942643e-012	7.54040446e-017	8.64946021e-023	4.39000537e-029	8.27135810e-037	2.97599793e-044	9.40729549e-064	7.09288659e-084	8.10411850e-104	5.50289842e-124	6.77880512e-144	4.39184005e-164	3.03576419e-184	5.68942649e-204	8.36704975e-224	9.82013515e-244	
5.6	9.61015676e-018	1.52273152e-012	5.26100256e-009	4.34648386e-006	6.98646304e-004	2.31118774e-002	1.76962230e-001	5.20213962e-001	2.77113363e-001	1.88962125e-003	5.94313188e-006	5.98080625e-009	1.57626424e-012	3.37869237e-017	3.83749912e-022	3.01617560e-028	6.17864015e-034	2.13897395e-053	1.64056907e-073	1.97894967e-093	1.45854192e-113	1.69328154e-133	1.19514507e-153	9.53903001e-174	2.10046021e-193	3.60284771e-213	4.89790197e-233	
5.7	2.13709435e-019	4.92506931e-014	2.43267638e-010	3.06408522e-007	7.82091683e-005	4.33758926e-003	6.83066363e-002	3.99368884e-001	5.09508149e-001	1.80618131e-002	3.36252476e-004	2.15574157e-006	4.21186968e-009	1.01430892e-012	1.47463371e-016	2.46189338e-021	1.35319257e-025	5.03869737e-045	4.16214883e-065	5.39620753e-085	4.41118902e-105	5.02361833e-125	3.92592867e-145	3.66943516e-165	9.50680128e-185	1.90379712e-204	3.00027912e-224	
5.8	4.52137349e-021	1.50384551e-015	1.06839202e-011	2.02509780e-008	8.02760891e-006	7.21996403e-004	2.17852278e-002	2.35884936e-001	6.44923776e-001	8.93150032e-002	7.14194837e-003	2.16811287e-004	2.24957328e-006	4.05127640e-009	4.82007618e-012	9.96027906e-016	8.00554189e-019	2.35308571e-028	1.79629091e-039	2.56203062e-059	2.38129066e-079	2.79110922e-099	2.45696235e-119	2.73202236e-139	8.34077960e-159	1.95206413e-178	3.56932552e-198	
5.9	8.62584797e-023	4.10628966e-017	4.20143992e-013	1.18346668e-009	7.15578998e-007	1.01665059e-004	5.55178330e-003	1.05618667e-001	5.69731908e-001	2.46201548e-001	6.51036707e-002	7.37775711e-003	3.09280994e-004	2.98312369e-006	2.05353021e-008	3.39863323e-011	2.37084927e-013	9.62064547e-021	1.64376329e-029	7.51344907e-039	3.59980177e-049	2.74537235e-060	2.07248615e-072	1.16601552e-085	2.28741214e-099	6.26327903e-119	1.32998090e-138	
6	1.19213018e-024	8.08128261e-019	1.18760811e-014	4.91180089e-011	4.46140558e-008	9.80271047e-006	9.24285153e-004	2.96793976e-002	2.95587975e-001	3.35116987e-001	2.42323926e-001	8.43038287e-002	1.15799953e-002	4.59557507e-004	1.40549733e-005	1.40092398e-007	5.48641573e-009	1.11291707e-014	1.48839077e-021	7.20463125e-029	5.18286009e-037	7.83364362e-046	1.72394050e-055	4.76800717e-066	5.75386109e-077	1.84536918e-096	4.55534233e-116	
6.1	9.17297671e-027	8.76903226e-021	1.85468776e-016	1.11337016e-012	1.49922830e-009	5.00486467e-007	7.81008062e-005	4.10426972e-003	7.17843958e-002	1.87144983e-001	3.19129690e-001	2.89887542e-001	1.11273603e-001	1.48804308e-002	1.63045265e-003	7.49011366e-005	1.11284897e-005	4.87860227e-010	2.17478831e-015	4.53900937e-021	1.85697699e-027	1.99866346e-034	4.29132715e-042	1.75593841e-050	3.68214641e-059	1.38494242e-078	3.97869062e-098	
6.2	3.75846754e-029	5.04900944e-023	1.52577774e-018	1.31502088e-014	2.59349668e-011	1.29518608e-008	3.22193778e-006	2.69563130e-004	7.95959551e-003	4.31061731e-002	1.55460336e-001	3.22517305e-001	3.04841139e-001	1.17118979e-001	3.95465090e-002	6.59279045e-003	2.58314825e-003	1.22648607e-006	9.06099929e-011	3.95353686e-015	4.17623183e-020	1.40796886e-025	1.23071404e-031	2.85409824e-038	3.80876787e-045	1.68224366e-064	5.63094111e-084	
6.3	7.08167136e-032	1.32609156e-025	5.72214663e-021	7.01533166e-017	2.00357383e-013	1.47590975e-010	5.66386288e-008	7.37446640e-006	3.56236465e-004	3.70707211e-003	2.60640402e-002	1.10928555e-001	2.34282733e-001	2.28823528e-001	2.08251399e-001	1.02494843e-001	8.48295772e-002	2.54408548e-004	1.76516265e-007	8.92929601e-011	1.27158818e-014	6.92129603e-019	1.21663797e-023	7.37042428e-029	2.81778241e-034	7.34002095e-058	4.76368994e-083	
6.4	4.83791913e-035	1.25324183e-028	7.64723338e-024	1.32147947e-019	5.40937749e-016	5.80144860e-013	3.33951351e-010	6.63437024e-008	5.10048361e-006	9.59856808e-005	1.23454967e-003	9.90193314e-003	4.31736194e-002	9.64359397e-002	2.11588299e-001	2.52201987e-001	3.80465376e-001	4.87677550e-003	2.02947643e-005	7.36167690e-008	8.32858707e-011	4.27564565e-014	8.52311242e-018	7.17091284e-022	4.16510420e-026	5.50302321e-045	3.07804725e-065	
6.5	2.51973907e-038	8.94794849e-032	7.71603748e-027	1.86463122e-022	1.08348517e-018	1.67177922e-015	1.41000890e-012	4.19851138e-010	5.01434595e-008	1.62526838e-006	3.63688388e-005	5.14722483e-004	4.32969983e-003	2.02533394e-002	9.71815298e-002	2.41544650e-001	6.10220369e-001	2.54597408e-002	4.49900986e-004	7.95660926e-006	4.72134862e-008	1.48250048e-010	2.11073690e-013	1.47495684e-016	7.86032642e-020	6.00529846e-035	2.95442729e-051	
6.6	1.75296398e-041	8.47249903e-035	1.02498574e-029	3.43743195e-025	2.80959230e-021	6.16119556e-018	7.46781208e-015	3.27921980e-012	5.95467309e-010	3.19144005e-008	1.19248269e-006	2.82990324e-005	4.33537007e-004	3.93901798e-003	3.78462780e-002	1.74965828e-001	6.99235346e-001	7.86665388e-002	4.58323492e-003	2.93915614e-004	6.68800611e-006	9.10646031e-008	6.41146105e-010	2.46929403e-012	8.08406791e-015	6.36320402e-027	4.49314919e-040	
6.7	1.68824432e-044	1.10481692e-037	1.85960207e-032	8.60067364e-028	9.80748676e-024	3.02536479e-020	5.18379957e-017	3.30597172e-014	8.95115213e-012	7.66465483e-010	4.61821650e-008	1.76413830e-006	4.68293437e-005	7.74843813e-004	1.38534067e-002	1.09483986e-001	6.66117844e-001	1.76146237e-001	2.79835040e-002	5.21282145e-003	3.61835052e-004	1.64427025e-005	4.31404937e-007	6.66654970e-009	9.74198284e-011	2.00698446e-020	4.81885714e-031	
6.8	1.93336926e-047	1.70500436e-040	3.97260726e-035	2.51513142e-030	3.96761903e-026	1.70479238e-022	4.07817236e-019	3.72224975e-016	1.47641218e-013	1.96070801e-011	1.84887611e-009	1.09986107e-007	4.84570339e-006	1.38159616e-004	4.32227227e-003	5.49500915e-002	4.97846562e-001	2.79434868e-001	1.05195921e-001	4.83181337e-002	8.62775603e-003	1.07248671e-003	8.44646784e-005	4.11918119e-006	2.08328567e-007	3.78136860e-015	9.83273555e-024	
6.9	1.89902034e-050	2.24661589e-043	7.21214528e-038	6.21643303e-033	1.34690711e-028	7.98544848e-025	2.63542201e-021	3.40021881e-018	1.94163989e-015	3.89727556e-013	5.60143431e-011	5.04939454e-009	3.55853304e-007	1.66847047e-005	8.67701848e-004	1.69703755e-002	2.25734650e-001	2.48542702e-001	1.99018314e-001	1.99219183e-001	8.05661285e-002	2.36276476e-002	4.74036280e-003	6.08976353e-004	8.69122218e-005	5.84737130e-011	6.63569984e-018	
7	1.06101192e-053	1.67054469e-046	7.33954882e-041	8.56769374e-036	2.53005041e-031	2.05240265e-027	9.26293632e-024	1.66786001e-020	1.35191782e-017	4.01257752e-015	8.58034753e-013	1.14544245e-010	1.25043564e-008	9.27633018e-007	7.68619544e-005	2.23983028e-003	4.33051509e-002	8.78112939e-002	1.37497558e-001	2.73392662e-001	2.27078468e-001	1.40413658e-001	6.31902320e-002	1.86446384e-002	6.34862639e-003	7.94085875e-008	1.90979285e-013	
7.1	2.94902903e-057	6.12160103e-050	3.65912865e-044	5.74117747e-039	2.29388105e-034	2.52828060e-030	1.54581311e-026	3.84536024e-023	4.36517092e-020	1.87588666e-017	5.84959970e-015	1.13438839e-012	1.86405380e-010	2.11871086e-008	2.70097263e-006	1.14637646e-004	3.19568553e-003	1.13320159e-002	3.24615889e-002	1.19249120e-001	1.88360088e-001	2.25180824e-001	2.06036481e-001	1.25632955e-001	8.84220433e-002	1.18385854e-005	3.39801847e-010	
7.2	4.70524389e-061	1.28415330e-053	1.03858323e-047	2.17812396e-042	1.17026316e-037	1.73562606e-033	1.42986633e-029	4.86025982e-026	7.63499333e-023	4.67395155e-020	2.09012775e-017	5.78189970e-015	1.39803963e-012	2.37059351e-010	4.51278323e-008	2.74295257e-006	1.09474320e-004	6.50245348e-004	3.22670799e-003	2.06653697e-002	5.83238064e-002	1.25973301e-001	2.16697104e-001	2.51439588e-001	3.22614639e-001	2.96911845e-004	6.44324529e-008	
7.3	6.79259238e-065	2.43063538e-057	2.64492517e-051	7.38115689e-046	5.29682035e-041	1.05114715e-036	1.15463861e-032	5.32516370e-029	1.14506770e-025	9.84146545e-023	6.20282286e-020	2.41279197e-017	8.42277783e-015	2.08062094e-012	5.77392611e-010	4.96155139e-008	2.81632176e-006	2.70108631e-005	2.21909528e-004	2.36211757e-003	1.13197358e-002	4.18285136e-002	1.26993404e-001	2.62578767e-001	5.52206866e-001	2.45600170e-003	2.80738501e-006	
7.4	1.24134759e-068	5.80834506e-061	8.45299336e-055	3.12503195e-049	2.96829204e-044	7.83861708e-040	1.14217567e-035	7.06567049e-032	2.06317995e-028	2.45611417e-025	2.15711319e-022	1.16554692e-019	5.76842057e-017	2.03736480e-014	8.08789548e-012	9.72094338e-010	7.79517719e-008	1.16930613e-006	1.53215103e-005	2.60515470e-004	2.03212177e-003	1.22856276e-002	6.25064080e-002	2.18372102e-001	6.93221906e-001	1.12539284e-002	5.08204978e-005	
7.5	3.12865794e-072	1.90930969e-064	3.70053336e-058	1.80422637e-052	2.25532387e-047	7.83963487e-043	1.50801752e-038	1.24329107e-034	4.87086228e-031	7.94498181e-028	9.58783262e-025	7.10987069e-022	4.92556997e-019	2.44822039e-016	1.36673688e-013	2.27904718e-011	2.56574811e-009	5.85300007e-008	1.18600545e-006	3.11848852e-005	3.82305681e-004	3.64489972e-003	2.97705825e-002	1.68108986e-001	7.61320760e-001	3.62259225e-002	5.14111479e-004	
7.6	1.05552681e-075	8.37730779e-068	2.15365071e-061	1.37501864e-055	2.24851735e-050	1.02231986e-045	2.57020180e-041	2.80777705e-037	1.46694082e-033	3.24875374e-030	5.34275182e-027	5.38670129e-024	5.15246991e-021	3.55180958e-018	2.75144780e-015	6.31893525e-013	9.91960126e-011	3.35792811e-009	1.02455470e-007	4.05328549e-006	7.58313547e-005	1.10583353e-003	1.39923986e-002	1.23044467e-001	7.68120165e-001	9.02999530e-002	3.35719226e-003	
7.7	4.54934258e-079	4.68345634e-071	1.59098231e-064	1.32116705e-058	2.80866617e-053	1.66117630e-048	5.41603750e-044	7.75757727e-040	5.37345114e-036	1.59680180e-032	3.53749991e-029	4.80864453e-026	6.28808032e-023	5.93935127e-020	6.30618839e-017	1.98181422e-014	4.30921514e-012	2.11599340e-010	9.49983672e-009	5.52213660e-007	1.53760925e-005	3.34104944e-004	6.35678272e-003	8.43376678e-002	7.12375603e-001	1.81296545e-001	1.52833580e-002	
7.8	2.36187053e-082	3.14497763e-074	1.40636262e-067	1.51217829e-061	4.15154741e-056	3.17571619e-051	1.33593252e-046	2.48797259e-042	2.25667277e-038	8.94299688e-035	2.64632473e-031	4.79930570e-028	8.48492832e-025	1.08598358e-021	1.56470848e-018	6.68817857e-016	2.00031523e-013	1.39669632e-011	9.04798064e-010	7.57169697e-008	3.06831332e-006	9.70945380e-005	2.70708539e-003	5.27325161e-002	5.97141958e-001	2.96775695e-001	5.05425054e-002	
7.9	1.39738241e-085	2.39988220e-077	1.40738414e-070	1.95017033e-064	6.83329136e-059	6.71860455e-054	3.62657623e-049	8.73417394e-045	1.03020986e-040	5.41276796e-037	2.12594504e-033	5.11386262e-030	1.21109240e-026	2.07690500e-023	4.01839123e-020	2.32249227e-017	9.50928100e-015	9.29867037e-013	8.54592722e-011	1.00985433e-008	5.84004788e-007	2.63959887e-005	1.05503707e-003	2.94655038e-002	4.45458420e-001	3.98814832e-001	1.25179218e-001	
8	9.36562691e-089	2.06848090e-080	1.58493495e-073	2.81597573e-067	1.25036344e-061	1.56307696e-056	1.07612574e-051	3.33274706e-047	5.08497698e-043	3.49296329e-039	1.80369383e-035	5.72090959e-032	1.80053470e-028	4.10090373e-025	1.05697987e-021	8.21337622e-019	4.56207062e-016	6.13629267e-014	7.87509737e-012	1.29395765e-009	1.05124810e-007	6.67491581e-006	3.74976765e-004	1.47059145e-002	2.96091040e-001	4.47949380e-001	2.40871907e-001	
