4	3.73235072e-004	9.99626765e-001	7.66584942e-019	2.03554154e-037	3.18850491e-056	2.99953425e-075	1.98250777e-094	8.09847945e-114	2.16074692e-133	4.31381524e-153	6.69431292e-173	7.40193821e-193	5.99347224e-213	3.77660506e-233	1.84404544e-253	7.01424664e-274	2.18512356e-294	1.00000000e-300	1.00000000e-300	1.00000000e-300	
4.1	1.00142636e-004	9.99899857e-001	8.95807075e-019	2.83761625e-037	5.44198887e-056	6.19315686e-075	4.94226866e-094	2.43006621e-113	7.72823500e-133	1.80616878e-152	3.38341567e-172	4.52382729e-192	4.40918839e-212	3.27212496e-232	1.92229172e-252	8.74484450e-273	3.34641225e-293	1.00000000e-300	1.00000000e-300	1.00000000e-300	
4.2	3.33642131e-005	9.99965040e-001	1.59570337e-006	6.02994131e-025	1.41584477e-043	1.94904502e-062	1.87787361e-081	1.11037938e-100	4.20343497e-120	1.15159447e-139	2.60400341e-159	4.21019145e-179	4.93939422e-199	4.31727490e-219	3.05150898e-239	1.66023339e-259	7.80038242e-280	4.37928499e-300	1.00000000e-300	1.00000000e-300	
4.3	1.32320646e-005	9.99743023e-001	2.43744659e-004	2.01137411e-012	5.77898035e-031	9.59119106e-050	1.11284792e-068	7.79578226e-088	3.45664978e-107	1.11157018e-126	3.03409264e-146	5.93198686e-166	8.37709266e-186	8.62319876e-206	7.33327558e-226	4.77054097e-246	2.74232063e-266	1.78652810e-286	1.00000000e-300	1.00000000e-300	
4.4	5.98028443e-006	9.86227912e-001	1.37660715e-002	3.63774915e-008	1.26526004e-026	2.40914725e-045	3.23927669e-064	2.38919950e-083	1.12427627e-102	4.24944730e-122	1.40014738e-141	3.31019760e-161	5.62690827e-181	6.82173519e-201	6.97982830e-221	5.41743891e-241	3.75168900e-261	2.83939226e-281	1.00000000e-300	1.00000000e-300	
4.5	2.29662565e-006	7.35099728e-001	2.64828400e-001	6.95752618e-005	3.73304818e-011	5.96181196e-030	7.21707841e-049	3.82402289e-068	1.44789023e-087	6.44021988e-107	2.56153841e-126	7.32286568e-146	1.49834585e-165	2.13936327e-185	2.63361351e-205	2.41040959e-225	1.92817342e-245	1.69748518e-265	1.17905479e-285	1.00000000e-300	
4.6	3.49974286e-007	1.85284065e-001	8.08058120e-001	6.65717377e-003	2.90700246e-007	1.43917877e-015	2.91216344e-026	7.66540348e-046	1.75699172e-065	9.20903466e-085	4.42146853e-104	1.52812212e-123	3.76356948e-143	6.32873054e-163	9.37145434e-183	9.73728410e-203	8.37687896e-223	8.58797129e-243	6.91017967e-263	4.49442580e-283	
4.7	8.71832138e-008	4.21574904e-002	8.90067685e-001	6.77142716e-002	6.04660386e-005	1.87424247e-011	6.86212422e-020	8.79906166e-040	1.16039743e-059	7.17534896e-079	4.15841725e-098	1.73462531e-117	5.14069676e-137	1.01763733e-156	1.80736584e-176	1.97800864e-196	1.70224496e-216	2.03469354e-236	1.89803501e-256	1.42388223e-276	
4.8	8.04552236e-008	1.53972773e-002	7.42227341e-001	2.40412646e-001	1.96263975e-003	1.60203457e-008	3.49896462e-015	1.30564557e-023	1.09681247e-043	8.01119328e-063	5.60340860e-082	2.79904521e-101	9.94720924e-121	2.30745534e-140	4.81391806e-160	5.09183015e-180	4.22348221e-200	5.89295689e-220	6.37883257e-240	5.52279876e-260	
4.9	8.57104215e-008	5.98685234e-003	4.88137753e-001	4.82888350e-001	2.29842581e-002	2.70113326e-006	1.61309325e-011	3.80388002e-018	1.64778078e-027	1.74016240e-037	1.46675860e-056	8.57552971e-076	3.58089599e-095	9.47377106e-115	2.13801789e-134	2.07937939e-154	1.66951376e-174	2.72240320e-194	3.42234022e-214	3.42199802e-234	
5	6.07308880e-008	1.93611186e-003	2.45938665e-001	6.24266297e-001	1.27722513e-001	1.36339983e-004	1.22736402e-008	8.46166369e-014	3.52469960e-021	9.69259939e-029	9.78991111e-048	6.41919291e-067	2.94026791e-086	8.11533746e-106	1.66803779e-125	1.49479146e-145	1.19525944e-165	2.28059424e-185	3.33239950e-205	3.85061531e-225	
5.1	2.59033541e-008	4.74455839e-004	9.14547797e-002	5.31587688e-001	3.73954252e-001	2.52664916e-003	2.14975819e-006	2.35547837e-010	4.01503742e-016	9.70146095e-022	1.15671221e-040	8.08267911e-060	3.56457733e-079	8.78061221e-099	1.39251018e-118	1.19028138e-138	9.80866401e-159	2.19261518e-178	3.72716254e-198	4.98037407e-218	
5.2	7.00433949e-009	8.88395097e-005	2.57232617e-002	3.13819025e-001	6.39689000e-001	2.05654233e-002	1.14321038e-004	1.22664552e-007	4.34495911e-012	3.89137513e-016	5.33598685e-035	3.83332389e-054	1.43548678e-073	2.77769844e-093	3.24345918e-113	2.75827806e-133	2.41593945e-153	6.33506253e-173	1.25389675e-192	1.93894562e-212	
5.3	1.39256550e-009	1.41705594e-005	6.12210159e-003	1.46377319e-001	7.52964978e-001	9.20152371e-002	2.48840614e-003	1.77782162e-005	7.63154844e-009	1.27605708e-011	1.01117053e-022	7.41381721e-042	2.25714462e-061	3.35330721e-081	3.03576608e-101	2.65922046e-121	2.54203275e-141	7.82958929e-161	1.80613363e-180	3.23448000e-200	
5.4	2.16728510e-010	1.98616371e-006	1.27305715e-003	5.63862842e-002	6.59221314e-001	2.55657258e-001	2.65276628e-002	9.29238558e-004	3.14252065e-006	5.68793868e-008	2.26106027e-016	1.98770564e-026	5.08728922e-046	6.12675436e-066	4.69447120e-086	4.33869797e-106	4.63739241e-126	1.68003203e-145	4.52095484e-165	9.38366268e-185	
5.5	2.44254218e-011	2.20869169e-007	2.08925140e-004	1.63813270e-002	3.99634549e-001	4.24370991e-001	1.40152458e-001	1.88463495e-002	3.59544741e-004	4.56348269e-005	2.52270924e-011	5.61277476e-019	2.12004545e-028	1.25388837e-039	2.20012863e-052	2.18375050e-072	2.67321643e-092	1.14079137e-111	3.58480148e-131	8.63121248e-151	
5.6	1.67817147e-012	1.60452537e-008	2.22748799e-005	2.97613233e-003	1.41274077e-001	3.65273332e-001	3.30205668e-001	1.40596897e-001	1.16803223e-002	7.97107149e-003	2.10103857e-007	3.92327142e-013	1.86824533e-020	2.59465400e-029	1.93093955e-039	1.46458552e-050	3.72877785e-063	1.87724808e-082	6.89556301e-102	1.92769646e-121	
5.7	4.90518627e-014	5.17612418e-010	1.04836021e-006	2.31150910e-004	2.01711398e-002	1.15365883e-001	2.53376694e-001	2.93177271e-001	8.61733025e-002	2.31387228e-001	1.16274380e-004	7.27826432e-009	1.75983019e-014	2.02910847e-021	2.01008030e-029	3.32597080e-038	3.76328893e-048	1.41495544e-058	6.08242893e-078	1.97622618e-097	
5.8	3.51869906e-016	4.27179284e-012	1.25508900e-008	4.44247380e-006	6.80158058e-004	7.95350074e-003	3.85677173e-002	1.08109158e-001	9.72057025e-002	7.44095305e-001	3.38074905e-003	3.25347251e-006	1.94475508e-010	8.13944179e-016	4.26341883e-022	5.45019306e-029	8.47535744e-037	5.78395397e-045	2.91309694e-064	1.10119337e-083	
5.9	2.08862522e-018	2.98688429e-014	1.26575452e-010	7.01606917e-008	1.81210632e-005	4.06622670e-004	4.03328315e-003	2.49368027e-002	6.03643778e-002	8.88795252e-001	2.12794219e-002	1.65910109e-004	1.38163721e-007	1.08163758e-011	1.43263046e-016	6.23159515e-022	5.24726759e-028	2.35890402e-034	1.78255870e-064	3.89940112e-097	
6	1.84773191e-020	3.16977548e-016	1.92634669e-012	1.63566454e-009	6.89055849e-007	2.81489961e-005	5.36927586e-004	6.79670024e-003	3.96978825e-002	8.72984829e-001	7.69305127e-002	3.00233590e-003	2.19530818e-005	1.88332292e-008	3.49773055e-012	2.69792655e-016	5.85458412e-021	7.74878263e-026	7.99352066e-050	6.26197433e-076	
6.1	2.12494697e-022	4.46705571e-018	3.87246415e-014	4.93691443e-011	3.29440217e-008	2.34274642e-006	8.15483018e-005	1.98590609e-003	2.54179006e-002	7.51941301e-001	1.92483744e-001	2.68967840e-002	1.18319987e-003	7.22847212e-006	1.17643005e-008	9.53453625e-012	2.92801349e-015	6.01528567e-019	4.90532692e-038	6.52533232e-059	
6.2	2.54938814e-024	6.66493708e-020	8.19409049e-016	1.54028403e-012	1.58680787e-009	1.88938156e-007	1.14667543e-005	5.08569881e-004	1.30586734e-002	5.09122536e-001	3.22795673e-001	1.28784347e-001	2.49455256e-002	7.65470001e-004	7.50554088e-006	4.18083745e-008	1.10809733e-010	2.12424013e-013	1.42474783e-028	2.85689280e-045	
6.3	2.32635389e-026	7.61536243e-022	1.31921596e-017	3.59811771e-014	5.59465149e-011	1.07811401e-008	1.09607007e-006	8.43008930e-005	4.02874590e-003	2.08340066e-001	2.91463288e-001	2.83996462e-001	1.88937873e-001	2.21503741e-002	9.71171503e-004	2.62108967e-005	3.95933101e-007	4.72476692e-009	4.31849527e-021	1.90652780e-034	
6.4	1.16251321e-028	4.81395773e-024	1.16707030e-019	4.54594197e-016	1.04538308e-012	3.16398024e-010	5.20145213e-008	6.64566750e-006	5.55433315e-004	3.85966160e-002	1.09379890e-001	2.32717041e-001	4.34825044e-001	1.56982387e-001	2.43640185e-002	2.41724713e-003	1.47678039e-004	7.94630259e-006	2.37348768e-015	5.00530169e-026	
6.5	3.31005187e-031	1.74723848e-026	5.88616316e-022	3.23214051e-018	1.07886604e-014	4.98918104e-012	1.28599967e-009	2.62957746e-007	3.65053385e-005	3.45210417e-003	1.85458912e-002	7.92254794e-002	3.56167207e-001	3.35103884e-001	1.52743751e-001	4.47069265e-002	8.43507508e-003	1.58291254e-003	4.96880864e-011	1.48670661e-019	
6.6	5.32648169e-034	3.60488490e-029	1.67458404e-024	1.28210772e-020	6.12042866e-017	4.22642659e-014	1.66057545e-011	5.26334903e-009	1.16333582e-006	1.51199324e-004	1.45922577e-003	1.17295691e-002	1.12599944e-001	2.41832826e-001	2.79296427e-001	2.03987439e-001	9.72194623e-002	5.17226696e-002	6.92371416e-008	1.12039395e-014	
6.7	4.17856048e-037	3.64122006e-032	2.31893483e-027	2.44704498e-023	1.64709935e-019	1.66655020e-016	9.74223370e-014	4.65858113e-011	1.58324514e-008	2.84882471e-006	4.72278017e-005	6.78202388e-004	1.26746049e-002	5.60714981e-002	1.45823473e-001	2.33448753e-001	2.43098074e-001	3.08146732e-001	8.57096870e-006	3.48544419e-011	
6.8	2.47021727e-040	2.73681322e-035	2.36562617e-030	3.41225622e-026	3.20085524e-022	4.65155822e-019	3.96936558e-016	2.79118634e-013	1.41591779e-010	3.54247713e-008	9.71853478e-007	2.38897382e-005	8.07735965e-004	6.77726715e-003	3.60815551e-002	1.14649157e-001	2.35049144e-001	6.06413349e-001	1.96884109e-004	1.09415282e-008	
6.9	1.84518663e-043	2.60684071e-038	3.04186903e-033	5.95265964e-029	7.69726130e-025	1.58675450e-021	1.93972476e-018	1.96874620e-015	1.45488134e-012	5.07075721e-010	2.22916952e-008	9.04446612e-007	5.21882477e-005	7.76400261e-004	7.82477139e-003	4.56735244e-002	1.70871018e-001	7.72963406e-001	1.83690479e-003	8.59564411e-007	
7	2.07558715e-046	3.74792734e-041	5.87599332e-036	1.54477461e-031	2.73420434e-027	7.87362260e-024	1.36055034e-020	1.96031637e-017	2.07178120e-014	1.00606929e-011	6.88962998e-010	4.47121996e-008	4.19970420e-006	1.04786593e-004	1.87439959e-003	1.88901302e-002	1.21818957e-001	8.47169783e-001	1.01105724e-002	2.71263835e-005	
7.1	3.44120763e-049	7.95529881e-044	1.65899482e-038	5.83472749e-034	1.39703322e-029	5.57290385e-026	1.34282271e-022	2.70868538e-019	4.02541174e-016	2.72054517e-013	2.83065145e-011	2.85938196e-009	4.20597340e-007	1.68013345e-005	5.05627875e-004	8.36439322e-003	8.89660740e-002	8.63439732e-001	3.82728765e-002	4.34072055e-004	
7.2	7.61812252e-052	2.25758520e-046	6.21303740e-041	2.91193278e-036	9.38559276e-032	5.12773450e-028	1.70824430e-024	4.76840683e-021	9.83326770e-018	9.22454429e-015	1.42647742e-012	2.18956091e-010	4.88417377e-008	3.00385526e-006	1.45442013e-004	3.78850385e-003	6.41291215e-002	8.21106437e-001	1.06812673e-001	4.01477000e-003	
7.3	2.05258509e-054	7.80399264e-049	2.82285620e-043	1.73895297e-038	7.51140994e-034	5.57727688e-030	2.53879950e-026	9.71350445e-023	2.74513225e-019	3.56016577e-016	8.01273033e-014	1.82885561e-011	6.01945472e-009	5.51461097e-007	4.13735977e-005	1.63920137e-003	4.28712752e-002	7.06787573e-001	2.25499243e-001	2.31607761e-002	
7.4	6.07868830e-057	2.96652995e-051	1.40447835e-045	1.13367104e-040	6.49247456e-036	6.51577007e-032	4.02544994e-028	2.08980074e-024	8.00613119e-021	1.42964556e-017	4.60001886e-015	1.53174984e-012	7.25645843e-010	9.61867116e-008	1.08290232e-005	6.33375349e-004	2.49578415e-002	5.27120970e-001	3.60528616e-001	8.67482712e-002	
7.5	1.85605336e-059	1.16303654e-053	7.17479771e-048	7.56610011e-043	5.71287617e-038	7.68677705e-034	6.40802498e-030	4.48108902e-026	2.30249252e-022	5.63062310e-019	2.55351735e-016	1.21832270e-013	8.12586348e-011	1.51902774e-008	2.49373800e-006	2.09714416e-004	1.21804831e-002	3.30923140e-001	4.38207449e-001	2.18476705e-001	
7.6	5.87023747e-062	4.72330723e-056	3.76016259e-050	5.16541747e-045	5.12700537e-040	9.16920064e-036	1.02199084e-031	9.56118573e-028	6.52342298e-024	2.17283654e-020	1.36722157e-017	9.19860308e-015	8.47823307e-012	2.18215711e-009	5.09268364e-007	6.01549989e-005	5.05100563e-003	1.77832602e-001	4.21871217e-001	3.95184509e-001	
7.7	1.99469961e-064	2.06085342e-058	2.08994586e-052	3.72898351e-047	4.85181901e-042	1.14911422e-037	1.70052266e-033	2.10755188e-029	1.89086973e-025	8.54590042e-022	7.38544035e-019	6.91825632e-016	8.64606621e-013	2.99879111e-010	9.73812331e-008	1.58169426e-005	1.88650062e-003	8.66721808e-002	3.46828370e-001	5.64597034e-001	
7.8	7.66670456e-067	1.01691931e-060	1.30751395e-054	2.99636981e-049	5.09670838e-044	1.59313788e-039	3.11717168e-035	5.08495375e-031	5.93318759e-027	3.62235223e-023	4.24528504e-020	5.46062213e-017	9.11536688e-014	4.18016965e-011	1.84983928e-008	4.04784393e-006	6.75280556e-004	4.07163778e-002	2.62081784e-001	6.96522491e-001	
7.9	3.41652363e-069	5.81642514e-063	9.43177485e-057	2.76159563e-051	6.09449009e-046	2.50587602e-041	6.45690461e-037	1.37830790e-032	2.07047795e-028	1.69427222e-024	2.67598084e-021	4.68090465e-018	1.02716318e-014	6.10890273e-012	3.62069344e-009	1.04955356e-006	2.41348857e-004	1.91779084e-002	1.91189497e-001	7.89390193e-001	
8	1.78840900e-071	3.90643010e-065	7.94256077e-059	2.96254380e-053	8.42572459e-048	4.53523271e-043	1.53292403e-038	4.25657313e-034	8.15545438e-030	8.91865452e-026	1.87748148e-022	4.42028364e-019	1.26001945e-015	9.56186175e-013	7.46019996e-010	2.81188303e-007	8.79422792e-005	9.22978981e-003	1.38229363e-001	8.52452623e-001	
