4	2.41344093e-001	7.58531025e-001	1.24882771e-004	3.56807917e-023	4.63386905e-042	3.30990646e-061	1.43908977e-080	2.49668592e-100	4.48077158e-120	6.56042691e-140	9.20580786e-160	9.35654174e-180	7.26552395e-200	
4.1	8.17450733e-002	9.11007287e-001	7.24763941e-003	2.45200603e-021	3.75688484e-040	3.16449195e-059	1.61461909e-078	2.84303966e-098	4.62877463e-118	8.08223119e-138	1.32004364e-157	1.55211603e-177	1.38842117e-197	
4.2	2.50082428e-002	8.23754303e-001	1.51237454e-001	6.05895014e-020	1.09523511e-038	1.08783781e-057	6.51204915e-077	1.20613605e-096	1.63993045e-116	3.41339284e-136	6.49662708e-156	8.84412253e-176	9.11990856e-196	
4.3	3.50027057e-003	2.97094831e-001	6.99404899e-001	3.31786005e-019	7.07568627e-038	8.28757894e-057	5.80972937e-076	1.17627288e-095	1.33196643e-115	3.29173199e-135	7.30959961e-155	1.15302463e-174	1.37140757e-194	
4.4	2.56026719e-004	5.02111133e-002	9.49532860e-001	5.33385496e-019	1.34178279e-037	1.85173099e-056	1.50841560e-075	3.45903412e-095	3.43158147e-115	9.86909054e-135	2.56000896e-154	4.68282900e-174	6.42839552e-194	
4.5	2.28421785e-005	9.47143274e-003	9.90505725e-001	1.77447767e-010	5.25148762e-029	8.46399809e-048	7.85084695e-067	2.10022390e-086	1.95660881e-106	6.15576155e-126	1.86741947e-145	3.96437634e-165	6.28497921e-185	
4.6	2.85123688e-006	2.32421607e-003	9.97672831e-001	1.01649241e-007	3.46134235e-026	6.18593933e-045	6.29759570e-064	2.00177867e-083	1.87450011e-103	5.75582680e-123	2.04455342e-142	5.04143367e-162	9.23643997e-182	
4.7	4.78734314e-007	7.22779239e-004	9.99260331e-001	1.64106316e-005	1.20015270e-013	2.02906725e-032	2.13714255e-051	7.98305087e-071	7.95124588e-091	2.12185997e-110	8.83629690e-130	2.53283369e-149	5.36628677e-169	
4.8	1.05839874e-007	2.81428411e-004	9.98823809e-001	8.94656108e-004	1.12443613e-009	4.98990811e-019	4.83518228e-038	1.97145164e-057	2.16400478e-077	4.76873616e-097	2.33110239e-116	7.77396915e-136	1.90603863e-155	
4.9	3.28494339e-008	1.47342446e-004	9.82577872e-001	1.72737003e-002	1.05197443e-006	7.72162124e-014	5.79785059e-024	2.25307993e-043	2.73987321e-063	5.08551712e-083	2.92203926e-102	1.13472846e-121	3.22192129e-141	
5	1.47757578e-008	1.07754258e-004	8.71599420e-001	1.28136740e-001	1.56070422e-004	6.56303602e-010	9.79668247e-018	6.65891009e-028	8.75193545e-048	1.44993215e-067	9.80478868e-087	4.43776079e-106	1.46041425e-125	
5.1	7.00127612e-009	8.04323218e-005	5.78442700e-001	4.15911618e-001	5.56462192e-003	6.20714876e-007	5.74255459e-013	7.82816212e-021	6.67291985e-031	1.05702923e-050	8.42455753e-070	4.44825890e-089	1.69806799e-108	
5.2	2.46899315e-009	4.34745902e-005	2.60757345e-001	6.74607366e-001	6.44851528e-002	1.06656056e-004	2.66866561e-009	2.51975476e-015	3.83541648e-023	3.99140692e-033	3.75520455e-052	2.31559755e-071	1.02632637e-090	
5.3	5.73201388e-010	1.51097931e-005	8.00589131e-002	6.13124224e-001	3.02078852e-001	4.72117018e-003	1.73040527e-006	5.02543183e-011	4.87788782e-017	8.53305859e-025	3.90018141e-033	2.81175215e-052	1.44838621e-071	
5.4	7.94951072e-011	3.07422380e-006	1.56865384e-002	3.10622233e-001	6.10238736e-001	6.32370440e-002	2.12273966e-004	1.00526582e-007	2.80676231e-012	3.13289763e-018	1.52792772e-024	1.28928168e-043	7.72672708e-063	
5.5	6.79876596e-012	3.78881664e-007	2.02124775e-003	9.32276666e-002	5.95146124e-001	3.03121055e-001	6.45345000e-003	3.00649020e-005	1.30174549e-008	4.29701205e-013	9.04941578e-018	6.99864439e-046	9.69452710e-078	
5.6	3.73946948e-013	2.95217603e-008	1.76635038e-004	1.74967449e-002	3.07833996e-001	6.11276637e-001	6.13343665e-002	1.87382588e-003	7.76146813e-006	4.11079423e-009	1.82155594e-012	1.10092809e-034	5.39635832e-060	
5.7	1.49142149e-014	1.64786252e-009	1.17196012e-005	2.33411103e-003	9.92514941e-002	6.28920888e-001	2.34809821e-001	3.37540569e-002	9.13121543e-004	4.76133740e-006	2.50649931e-008	7.68669359e-026	6.33719173e-046	
5.8	4.23467271e-016	6.47275636e-011	5.73216856e-007	2.17306316e-004	2.01050303e-002	3.46226615e-001	3.97715572e-001	2.07935007e-001	2.68345764e-002	9.28460272e-004	3.68593480e-005	6.53574408e-019	8.06245692e-035	
5.9	6.96377421e-018	1.45943390e-012	1.67800850e-008	1.15634442e-005	2.13909808e-003	8.70669914e-002	2.64048145e-001	4.09274213e-001	1.97848709e-001	3.27782765e-002	6.83298605e-003	1.24769518e-013	3.36947290e-026	
6	5.24323911e-020	1.49424514e-014	2.28180264e-010	2.74873927e-007	9.50860945e-005	8.19290469e-003	5.79114545e-002	2.27697790e-001	3.36393455e-001	2.03072778e-001	1.66636256e-001	7.95782878e-010	1.02207127e-019	
6.1	1.58183715e-022	6.09705908e-017	1.26053552e-012	2.56527456e-009	1.57201221e-006	2.62154163e-004	3.91361873e-003	3.44699167e-002	1.32975396e-001	2.32378084e-001	5.95999006e-001	2.50532580e-007	4.55054859e-015	
6.2	4.31770914e-025	2.22916802e-019	6.27335435e-015	2.09239370e-011	2.17215989e-008	6.52205835e-006	1.89738620e-004	3.40393077e-003	3.01503992e-002	1.26601698e-001	8.39634625e-001	1.30643776e-005	1.28031289e-011	
6.3	1.83456508e-027	1.26399556e-021	4.85670414e-017	2.58431279e-013	4.37690101e-010	2.23297297e-007	1.18509214e-005	4.01399093e-004	7.35990883e-003	6.42967103e-002	9.27662754e-001	2.67146390e-004	6.56905831e-009	
6.4	1.32212622e-029	1.21172607e-023	6.35718616e-019	5.26827904e-015	1.40934014e-011	1.16638124e-008	1.06914706e-006	6.42599536e-005	2.24408721e-003	3.66782332e-002	9.58102191e-001	2.90917147e-003	9.76774998e-007	
6.5	1.56138035e-031	1.88874352e-025	1.35616135e-020	1.71301129e-016	7.03226053e-013	9.08875940e-010	1.37484862e-007	1.39279263e-005	8.64639549e-004	2.44912947e-002	9.55369267e-001	1.92064454e-002	5.42872398e-005	
6.6	2.67347825e-033	4.25119945e-027	4.16732218e-022	7.86238837e-018	4.83160632e-014	9.45818919e-011	2.27415763e-008	3.72157939e-006	3.87903990e-004	1.80171218e-002	8.98627165e-001	8.16405182e-002	1.32354623e-003	
6.7	5.49757255e-035	1.14655529e-028	1.53016477e-023	4.23338625e-019	3.81106980e-015	1.10121803e-011	4.07805631e-009	1.04034158e-006	1.73730917e-004	1.26993154e-002	7.45865678e-001	2.25771198e-001	1.54890334e-002	
6.8	1.13012004e-036	3.08468018e-030	5.58203117e-025	2.22531142e-020	2.87843278e-016	1.20107737e-012	6.66957654e-010	2.57431106e-007	6.62672505e-005	7.38456259e-003	4.99908871e-001	4.01267158e-001	9.13728830e-002	
6.9	2.05188572e-038	7.31463111e-032	1.78942296e-026	1.01238507e-021	1.84734075e-017	1.09096764e-013	8.87889281e-011	5.05232132e-008	1.94044632e-005	3.21268810e-003	2.53543349e-001	4.57796567e-001	2.85427940e-001	
7	3.31230564e-040	1.53643634e-033	5.06686688e-028	4.00759953e-023	1.01679915e-018	8.35020967e-015	9.74728626e-012	7.99206322e-009	4.44990374e-006	1.07102150e-003	1.00856695e-001	3.64476409e-001	5.33591416e-001	
7.1	5.33011752e-042	3.20645120e-035	1.42163155e-029	1.55245953e-024	5.38715208e-020	6.06251084e-016	9.97938394e-013	1.15414412e-009	9.08142852e-007	3.11578738e-004	3.58825405e-002	2.38522627e-001	7.25282345e-001	
7.2	9.48964815e-044	7.39060464e-037	4.39319510e-031	6.52720976e-026	3.06124472e-021	4.64670789e-017	1.06183253e-013	1.69955790e-010	1.84760663e-007	8.87997542e-005	1.27834311e-002	1.46767880e-001	8.40359705e-001	
7.3	1.95698141e-045	1.96948562e-038	1.56331146e-032	3.12381157e-027	1.95352921e-022	3.95029259e-018	1.23507498e-014	2.69123141e-011	3.95282969e-008	2.61937419e-005	4.80120644e-003	9.07302794e-002	9.04442281e-001	
7.4	4.73161496e-047	6.14203018e-040	6.48903422e-034	1.72531541e-028	1.42038807e-023	3.77587997e-019	1.59446584e-015	4.64938365e-012	9.06133660e-009	8.14847499e-006	1.92744459e-003	5.77019986e-002	9.40362399e-001	
7.5	1.33680382e-048	2.23391829e-041	3.13443106e-035	1.09411913e-029	1.17332565e-024	4.04340155e-020	2.28007990e-016	8.77187560e-013	2.22424781e-009	2.67637180e-006	8.25261134e-004	3.79397437e-002	9.61232317e-001	
7.6	4.38420684e-050	9.41274961e-043	1.75027317e-036	7.92185784e-031	1.09360709e-025	4.83390320e-021	3.58865422e-017	1.79478328e-013	5.83040592e-010	9.24769873e-007	3.74127608e-004	2.57434126e-002	9.73881534e-001	
7.7	1.65555633e-051	4.55721358e-044	1.12079458e-037	6.51209227e-032	1.13925425e-026	6.38620533e-022	6.18144887e-018	3.95653526e-014	1.61785002e-010	3.33934834e-007	1.78038517e-004	1.79485822e-002	9.81873045e-001	
7.8	7.13179720e-053	2.51139218e-045	8.15329879e-039	6.02041385e-033	1.32119223e-027	9.23515697e-023	1.15413155e-018	9.34025155e-015	4.73427629e-011	1.25256326e-007	8.81927291e-005	1.27992228e-002	9.87112459e-001	
7.9	3.47380394e-054	1.56116225e-046	6.67868124e-040	6.20367343e-034	1.69016990e-028	1.45798016e-023	2.31538434e-019	2.33952479e-015	1.45089828e-011	4.85762501e-008	4.51318147e-005	9.29108151e-003	9.90663738e-001	
8	1.90246853e-055	1.08838359e-047	6.12467673e-041	7.06560628e-035	2.36512036e-029	2.49161032e-024	4.97485954e-020	6.15944957e-016	4.60592676e-012	1.92887915e-008	2.36747039e-005	6.83363241e-003	9.93142674e-001	
