4	1.70660553e-002	9.82849471e-001	8.44739236e-005	1.61209778e-023	1.41412086e-042	6.73390885e-062	3.10461450e-081	8.57628315e-101	1.40456652e-120	1.79911172e-140	1.88605904e-160	1.50884723e-180	9.89408019e-201	5.18557662e-221	2.25656076e-241	1.35561742e-261	4.26697331e-282	1.00000000e-300	1.00000000e-300	1.00000000e-300	1.00000000e-300	1.00000000e-300	1.00000000e-300	1.00000000e-300	1.00000000e-300	1.00000000e-300	
4.1	2.44589938e-003	9.92724527e-001	4.82957365e-003	1.09613564e-021	1.14224820e-040	6.48231204e-060	3.56700162e-079	1.18214410e-098	2.32838452e-118	3.60710227e-138	4.56745546e-158	4.42368567e-178	3.51504622e-198	2.23390291e-218	1.18002372e-238	8.24384324e-259	3.14434482e-279	9.89378817e-300	1.00000000e-300	1.00000000e-300	1.00000000e-300	1.00000000e-300	1.00000000e-300	1.00000000e-300	1.00000000e-300	1.00000000e-300	
4.2	7.76186061e-004	8.86983568e-001	1.12240240e-001	5.96241274e-009	7.38086794e-028	4.99213253e-047	3.27868943e-066	1.30355019e-085	3.07818595e-105	5.76277441e-125	8.81387274e-145	1.03347319e-164	9.95063728e-185	7.66849359e-205	4.91696178e-225	4.00078257e-245	1.84904680e-265	7.02445315e-286	1.00000000e-300	1.00000000e-300	1.00000000e-300	1.00000000e-300	1.00000000e-300	1.00000000e-300	1.00000000e-300	1.00000000e-300	
4.3	2.54167486e-004	3.80657195e-001	6.19081714e-001	6.92294448e-006	1.01737688e-024	8.20068421e-044	6.42787601e-063	3.06600334e-082	8.39931880e-102	1.88198943e-121	3.47673131e-141	4.93538407e-161	5.75850474e-181	5.38127721e-201	4.18841626e-221	3.97458366e-241	2.22590931e-261	1.02096565e-281	1.00000000e-300	1.00000000e-300	1.00000000e-300	1.00000000e-300	1.00000000e-300	1.00000000e-300	1.00000000e-300	1.00000000e-300	
4.4	6.25156148e-005	1.02104602e-001	8.97172401e-001	6.60481485e-004	1.13844713e-022	1.09360915e-041	1.02311643e-060	5.85474352e-080	1.56980468e-099	3.96425333e-119	8.84581798e-139	1.52021344e-158	2.14913685e-178	2.43531015e-198	2.29963187e-218	2.54897234e-238	1.72975865e-258	9.57890489e-279	4.43529420e-299	1.00000000e-300	1.00000000e-300	1.00000000e-300	1.00000000e-300	1.00000000e-300	1.00000000e-300	1.00000000e-300	
4.5	2.46388662e-005	4.50924067e-002	9.41523104e-001	1.33595132e-002	3.36938727e-007	3.85394360e-026	4.30314936e-045	2.95403951e-064	5.41112162e-084	1.27362463e-103	3.43267292e-123	7.14202800e-143	1.22056739e-162	1.67618911e-182	1.91007818e-202	2.47631159e-222	2.03627300e-242	1.36141806e-262	7.60059214e-283	1.00000000e-300	1.00000000e-300	1.00000000e-300	1.00000000e-300	1.00000000e-300	1.00000000e-300	1.00000000e-300	
4.6	1.16015166e-005	2.51871853e-002	8.88669469e-001	8.60454081e-002	8.63365213e-005	4.27789602e-011	5.69656974e-030	4.69162390e-049	4.66178846e-069	7.88183218e-089	2.56570058e-108	6.46272186e-128	1.30451986e-147	2.15633811e-167	2.86392906e-187	4.34877469e-207	4.33317526e-227	3.49788122e-247	2.35452425e-267	1.32567099e-287	1.00000000e-300	1.00000000e-300	1.00000000e-300	1.00000000e-300	1.00000000e-300	1.00000000e-300	
4.7	4.75917311e-006	1.29117862e-002	7.08646644e-001	2.75074689e-001	3.36196219e-003	1.58848975e-007	2.49202227e-026	2.46077048e-045	1.37136117e-065	1.48555585e-085	5.83051080e-105	1.77797420e-124	3.75885119e-144	7.15331264e-164	9.81303863e-184	1.74761601e-203	2.11008670e-223	2.05621389e-243	1.66873389e-263	1.13103829e-283	1.00000000e-300	1.00000000e-300	1.00000000e-300	1.00000000e-300	1.00000000e-300	1.00000000e-300	
4.8	1.44129224e-006	5.09131630e-003	4.32671761e-001	5.22508508e-001	3.96721296e-002	5.48389949e-005	5.34667103e-009	6.27241706e-028	2.24858113e-048	1.63831048e-068	7.61650617e-088	2.81062260e-107	4.68187399e-127	8.81078323e-147	1.01363083e-166	2.12003436e-186	3.10164202e-206	3.64547381e-226	3.56699981e-246	2.91041107e-266	2.03368812e-286	1.00000000e-300	1.00000000e-300	1.00000000e-300	1.00000000e-300	1.00000000e-300	
4.9	2.93211721e-007	1.39111730e-003	1.84258614e-001	6.09794685e-001	2.01637352e-001	2.90994508e-003	7.99391256e-006	1.09344007e-010	1.99436571e-022	1.09059206e-042	5.46525715e-062	2.42598418e-081	2.49294467e-101	3.64364383e-121	3.02829440e-141	7.44839610e-161	1.32000569e-180	1.86409887e-200	2.19667554e-220	2.15571692e-240	1.81076600e-260	1.18886875e-280	1.00000000e-300	1.00000000e-300	1.00000000e-300	1.00000000e-300	
5	3.85009957e-008	2.51002618e-004	5.22025737e-002	4.24451243e-001	4.83041933e-001	3.91050414e-002	9.47733974e-004	4.34803640e-007	2.56197595e-016	9.97063420e-027	4.22735275e-046	2.16543016e-065	1.34306900e-085	1.32269943e-105	7.88870658e-126	2.28485970e-145	4.89724729e-165	8.22016800e-185	1.15943581e-204	1.35980274e-224	1.36206377e-244	9.21932970e-265	3.66369802e-285	1.00000000e-300	1.00000000e-300	1.00000000e-300	
5.1	3.37079836e-009	3.06981495e-005	1.00831204e-002	1.84422345e-001	5.92331866e-001	1.92949407e-001	2.00798483e-002	1.02711229e-004	6.49581452e-012	5.15376598e-020	9.63969196e-029	5.85046480e-039	2.42989774e-059	1.64348850e-079	7.59257368e-100	2.59300354e-119	6.68610062e-139	1.30720666e-158	2.15685756e-178	2.93881834e-198	3.41353924e-218	2.25019067e-238	9.51495060e-259	1.04702568e-278	9.22408320e-299	1.00000000e-300	
5.2	2.01229278e-010	2.59001427e-006	1.34749644e-003	5.15820360e-002	4.09335624e-001	4.18643217e-001	1.15773873e-001	3.31515434e-003	9.35984728e-009	5.50569774e-015	8.03115941e-022	9.60068713e-030	6.94010574e-040	9.65764906e-051	3.81062542e-071	1.53660447e-090	4.71076510e-110	1.04548917e-129	1.91478026e-149	2.81659889e-169	3.57187102e-189	2.25653612e-209	1.04362969e-229	1.34287623e-249	1.37524961e-269	1.13986706e-289	
5.3	8.84644743e-012	1.62170741e-007	1.33470187e-004	1.00191195e-002	1.75950748e-001	4.78675877e-001	3.01609813e-001	3.36087163e-002	2.09314015e-006	4.06301257e-011	1.90677509e-016	1.26146351e-022	1.01022362e-030	2.31617222e-039	6.13198058e-050	1.14836123e-060	4.11171625e-080	1.01396174e-099	1.91494191e-119	2.72512012e-139	3.48824305e-159	2.15669782e-179	1.11526415e-199	1.68009544e-219	2.00182947e-239	1.91819612e-259	
5.4	2.81250171e-013	7.37362203e-009	9.55228802e-006	1.32745884e-003	4.73824410e-002	3.02205162e-001	4.83917570e-001	1.65030346e-001	1.27420115e-004	4.21444059e-008	3.32341497e-012	5.10302887e-017	1.89101787e-023	2.71013477e-030	1.01198730e-038	4.76963007e-047	1.95789585e-066	5.31877929e-086	9.76281074e-106	1.23411169e-125	1.50716472e-145	9.49155942e-166	5.57179890e-186	9.83947392e-206	1.36520943e-225	1.51346884e-245	
5.5	7.43875565e-015	2.79182042e-010	5.64357837e-007	1.38734767e-004	9.39622828e-003	1.27242475e-001	4.59219541e-001	4.01614346e-001	2.38042492e-003	7.67934985e-006	6.18991176e-009	1.20252758e-012	1.03273448e-017	4.29805216e-023	8.95753658e-030	3.66942964e-036	1.70599732e-055	5.13298027e-075	9.00049145e-095	9.92423968e-115	1.14479636e-134	7.66673161e-155	5.16486904e-175	1.07059450e-194	1.73134501e-214	2.22212312e-234	
5.6	1.85557479e-016	9.99864591e-012	3.11853420e-008	1.30472404e-005	1.58707448e-003	4.21498483e-002	3.13887673e-001	6.22853714e-001	1.91332767e-002	3.73245830e-004	2.08613796e-006	3.26608243e-009	3.75249639e-013	2.46550524e-017	1.37215656e-022	2.10295537e-027	1.10391358e-046	3.73208553e-066	6.38432613e-086	6.36269297e-106	7.12595390e-126	5.26172480e-146	4.10847568e-166	1.00099300e-185	1.88859477e-205	2.80852818e-225	
5.7	4.76007470e-018	3.67524509e-013	1.74575385e-009	1.20288341e-006	2.51239542e-004	1.23175025e-002	1.76089612e-001	7.20366595e-001	8.39968985e-002	6.78220614e-003	1.93023674e-004	1.71608965e-006	1.70155698e-009	1.08417496e-012	8.94967957e-017	2.62085720e-020	5.89774273e-031	2.27168274e-050	3.95150853e-070	3.77592788e-090	4.29673515e-110	3.58449583e-130	3.28070276e-150	9.40865168e-170	2.07307518e-189	3.57488390e-209	
5.8	1.20589504e-019	1.33104135e-014	9.49540965e-011	1.04769696e-007	3.61963036e-005	3.11916734e-003	8.06805972e-002	6.34107498e-001	2.20668205e-001	5.49394611e-002	6.21152274e-003	2.35827013e-004	1.41419557e-006	5.90627003e-009	4.51895896e-012	1.45280402e-014	8.93797896e-023	4.97524526e-032	1.84163480e-042	2.82376821e-054	3.42877567e-074	3.27642205e-094	3.56078645e-114	1.20386316e-133	3.10090194e-153	6.20627239e-173	
5.9	2.49161754e-021	3.92693327e-016	4.14604569e-012	7.14975164e-009	3.96009401e-006	5.76600077e-004	2.57664517e-002	3.67416355e-001	3.20684030e-001	2.01262789e-001	7.43857694e-002	9.63738376e-003	2.61279780e-004	5.34693686e-006	2.66408708e-008	5.65340117e-010	2.88376316e-016	2.02360813e-023	1.35754815e-031	5.76049894e-041	5.04515103e-051	4.76207322e-062	3.77039505e-074	1.09270561e-086	3.29406008e-106	7.65935797e-126	
6	3.05526410e-023	6.84875533e-018	1.05621251e-013	2.78558403e-010	2.40925899e-007	5.73743461e-005	4.26915865e-003	1.05688859e-001	2.03657692e-001	2.79695418e-001	2.88247702e-001	1.07059701e-001	1.04823986e-002	8.18400747e-004	2.10374924e-005	2.01525526e-006	3.09762920e-011	9.86407622e-017	4.44906081e-023	1.78730334e-030	2.05858744e-038	3.52311601e-047	8.14559872e-057	8.82103299e-067	3.11576171e-086	8.42530411e-106	
6.1	1.87493608e-025	5.93712738e-020	1.32069948e-015	5.22597419e-012	6.90244482e-009	2.61522212e-006	3.14536817e-004	1.30505963e-002	5.05350010e-002	1.38064420e-001	3.49686766e-001	3.24489746e-001	9.64780289e-002	2.41572133e-002	2.51693079e-003	7.03994007e-004	1.44927141e-007	9.03533426e-012	1.23007586e-016	1.98535020e-022	1.18845007e-028	1.34558557e-035	3.02983371e-043	3.83633132e-051	1.58972788e-070	5.00481010e-090	
6.2	5.81431583e-028	2.60213046e-022	8.26083888e-018	4.82363293e-014	9.54664195e-011	5.61790680e-008	1.06427008e-005	7.19137131e-004	5.21335686e-003	2.64006319e-002	1.48391824e-001	3.10593147e-001	2.44099036e-001	1.68503315e-001	5.92146020e-002	3.67983311e-002	5.58850806e-005	3.50294333e-008	7.40929642e-012	2.39747609e-016	3.50973523e-021	1.18151793e-026	1.07587686e-032	6.32816602e-039	4.17975643e-066	3.99706753e-095	
6.3	6.91978458e-031	4.33779200e-025	1.94538185e-020	1.65208337e-016	4.81959473e-013	4.31149970e-010	1.25816802e-007	1.35007904e-005	1.73520650e-004	1.54514387e-003	1.77388811e-002	7.70090653e-002	1.43132777e-001	2.42099719e-001	2.36265591e-001	2.79950549e-001	2.06323658e-003	7.87411285e-006	1.47852047e-008	5.40392255e-012	1.03638687e-015	5.47747444e-020	9.91220907e-025	1.30052195e-029	2.38265156e-051	1.20051181e-074	
6.4	4.73891955e-034	4.12874609e-028	2.59415789e-023	3.16220909e-019	1.34014876e-015	1.78754471e-012	7.87761709e-010	1.31242098e-007	2.86322574e-006	4.30435098e-005	9.43396824e-004	7.93756534e-003	3.18214547e-002	1.18671551e-001	2.71099957e-001	5.54493488e-001	1.47459777e-002	2.38056743e-004	2.50786353e-006	6.44114018e-009	9.64670660e-012	4.78776285e-015	9.65606532e-019	1.57750937e-022	6.44365253e-040	1.20306252e-058	
6.5	3.90793656e-037	4.72140296e-031	4.12139806e-026	7.13276811e-022	4.33522646e-018	8.47508078e-015	5.54082916e-012	1.40404257e-009	5.01318056e-008	1.23041736e-006	4.86685344e-005	7.49598766e-004	5.98219642e-003	4.50265961e-002	2.06584951e-001	6.85397722e-001	5.32872801e-002	2.80406907e-003	1.16197800e-004	1.42795033e-006	1.10198130e-008	3.39479548e-011	4.77867080e-014	6.11488425e-017	7.51731808e-031	6.31364807e-046	
6.6	4.52716475e-040	7.53680355e-034	9.07779517e-029	2.20731582e-024	1.90141699e-020	5.36021152e-017	5.11642958e-014	1.93509155e-011	1.09616213e-009	4.26860422e-008	2.90477930e-006	7.79806268e-005	1.15807367e-003	1.63277858e-002	1.33578358e-001	6.92377269e-001	1.34763617e-001	1.91780327e-002	2.42654388e-003	1.06271292e-004	3.07674573e-006	4.22153427e-008	2.86177232e-010	1.98316072e-012	1.49528263e-023	1.05834873e-035	
6.7	6.61025002e-043	1.50712322e-036	2.48917440e-031	8.42980781e-027	1.01866976e-022	4.08251206e-019	5.60231057e-016	3.10872443e-013	2.71935945e-011	1.63828432e-009	1.84048912e-007	8.24948635e-006	2.15271822e-004	5.34056469e-003	7.16544499e-002	5.65237755e-001	2.45354344e-001	8.21627751e-002	2.64180019e-002	3.30975975e-003	2.84849268e-004	1.34545923e-005	3.29869365e-007	9.22877528e-009	1.20619001e-017	1.90130403e-027	
6.8	9.41588450e-046	2.92374554e-039	6.56974022e-034	3.07219692e-029	5.15588708e-025	2.90183290e-021	5.65034706e-018	4.52122150e-015	5.96478539e-013	5.43371342e-011	9.72294935e-009	7.00773599e-007	3.06120839e-005	1.26881432e-003	2.63322304e-002	3.10413766e-001	2.74470892e-001	1.94693486e-001	1.39664275e-001	4.26155095e-002	9.19232656e-003	1.22241444e-003	8.71753178e-005	7.78850815e-006	6.46351623e-013	7.88515761e-021	
6.9	8.81780080e-049	3.71046601e-042	1.12719492e-036	7.22324286e-032	1.67007222e-027	1.30342302e-023	3.55693562e-020	4.04683023e-017	7.88245786e-015	1.06385468e-012	2.93951006e-010	3.29957866e-008	2.31636076e-006	1.53701591e-004	4.74056764e-003	8.24176470e-002	1.38359147e-001	1.91647952e-001	2.78185793e-001	1.83130300e-001	8.72408395e-002	2.80310035e-002	4.92753054e-003	1.16316545e-003	2.75697276e-009	1.12366878e-015	
7	4.34132926e-052	2.45169724e-045	1.00240832e-039	8.74351636e-035	2.75923223e-030	2.95718443e-026	1.11857167e-022	1.78568633e-019	5.03785901e-017	9.89736724e-015	4.10557166e-012	6.98284053e-010	7.61436024e-008	7.79851221e-006	3.47842595e-004	8.82467881e-003	2.65712473e-002	6.73546680e-002	1.83375467e-001	2.37818502e-001	2.27339335e-001	1.56745924e-001	5.97892132e-002	3.18241077e-002	1.13864599e-006	7.95375265e-012	
7.1	1.16057313e-055	8.74306759e-049	4.79063240e-043	5.64770700e-038	2.41517112e-033	3.52140171e-029	1.82771672e-025	4.04481227e-022	1.62835189e-019	4.58161790e-017	2.78398788e-014	7.00977289e-012	1.15221094e-009	1.76946339e-007	1.11991937e-005	4.10725244e-004	2.11615817e-003	9.30724610e-003	4.47741857e-002	1.06535805e-001	1.89593173e-001	2.55570401e-001	1.91493974e-001	2.00122123e-001	6.48280440e-005	4.56526018e-009	
7.2	2.30542950e-059	2.30970074e-052	1.68885406e-046	2.67068699e-041	1.53818237e-036	3.01834618e-032	2.13387809e-028	6.47732809e-025	3.66601055e-022	1.45596476e-019	1.27057129e-016	4.63621995e-014	1.12119860e-011	2.52143071e-009	2.23215333e-007	1.17405948e-005	9.94735103e-005	7.25906125e-004	5.87421892e-003	2.42187272e-002	7.55251663e-002	1.84843637e-001	2.51305564e-001	4.56506719e-001	8.88207670e-004	4.13492365e-007	
7.3	5.14230328e-063	6.83228882e-056	6.62470849e-050	1.39766495e-044	1.07555440e-039	2.82222474e-035	2.68724297e-031	1.11008728e-027	8.73218482e-025	4.84236889e-022	5.95236242e-019	3.09524111e-016	1.08035711e-013	3.48648779e-011	4.27761275e-009	3.20330129e-007	4.31288161e-006	5.03131649e-005	6.57255700e-004	4.47919609e-003	2.32896121e-002	9.74450859e-002	2.25285131e-001	6.43354320e-001	5.42248826e-003	1.19604744e-005	
7.4	1.55710986e-066	2.73638356e-059	3.49468730e-053	9.78442194e-048	9.98421633e-043	3.48136241e-038	4.43994144e-034	2.46659994e-030	2.66618439e-027	2.03886809e-024	3.47774950e-021	2.54147150e-018	1.25733451e-015	5.72302500e-013	9.66174412e-011	1.02264701e-008	2.12235389e-007	3.83609031e-006	7.81611109e-005	8.46514587e-004	7.04090699e-003	4.79198660e-002	1.78488739e-001	7.44487618e-001	2.09663300e-002	1.67804905e-004	
7.5	6.42730710e-070	1.49015068e-062	2.49855998e-056	9.23490139e-051	1.24300700e-045	5.68214795e-041	9.65569414e-037	7.17410530e-033	1.05834196e-029	1.10730275e-026	2.58143187e-023	2.61626496e-020	1.80965602e-017	1.14547432e-014	2.64378388e-012	3.92584305e-010	1.22263093e-008	3.33475237e-007	1.02927245e-005	1.71416609e-004	2.20272411e-003	2.33899875e-002	1.34028358e-001	7.78862180e-001	5.99252772e-002	1.40941747e-003	
7.6	3.47091554e-073	1.05916219e-065	2.32397094e-059	1.12763037e-053	1.99152060e-048	1.18667984e-043	2.65695943e-039	2.62604050e-035	5.22142553e-032	7.40823478e-029	2.33569957e-025	3.24893852e-022	3.09969621e-019	2.69186775e-016	8.44797074e-014	1.74864582e-011	7.98413190e-010	3.21142813e-008	1.46380625e-006	3.64500309e-005	7.02332982e-004	1.12334126e-002	9.51306103e-002	7.50153489e-001	1.34866671e-001	7.87553721e-003	
7.7	2.32663420e-076	9.32286611e-069	2.66811644e-062	1.68456930e-056	3.88277434e-051	2.99854323e-046	8.79150046e-042	1.14197130e-037	3.04471714e-034	5.80715611e-031	2.43925484e-027	4.61064593e-024	6.00689372e-021	7.07638532e-018	3.00375876e-015	8.59351860e-013	5.63850475e-011	3.27574104e-009	2.15404334e-007	7.82403129e-006	2.20242503e-004	5.14644646e-003	6.21844692e-002	6.56805709e-001	2.44613401e-001	3.10216891e-002	
7.8	1.81419919e-079	9.52529897e-072	3.54356988e-065	2.89631752e-059	8.65260390e-054	8.60935169e-049	3.29062205e-044	5.58359996e-040	1.98648812e-036	5.06787770e-033	2.81015329e-029	7.14551127e-026	1.25603971e-022	1.98463052e-019	1.13330339e-016	4.45612054e-014	4.11868327e-012	3.39055208e-010	3.15178533e-008	1.63412873e-006	6.56328624e-005	2.17922106e-003	3.64080911e-002	5.12240411e-001	3.59980532e-001	8.91244460e-002	
7.9	1.59967604e-082	1.09818523e-074	5.29278680e-068	5.57025058e-062	2.13748876e-056	2.72331495e-051	1.35085914e-046	2.98057180e-042	1.39934464e-038	4.74746611e-035	3.44566859e-031	1.16967363e-027	2.74986876e-024	5.76660482e-021	4.40491791e-018	2.36258316e-015	3.02469411e-013	3.47389401e-011	4.48528927e-009	3.25188523e-007	1.82326792e-005	8.39486869e-004	1.88599073e-002	3.52710909e-001	4.34626437e-001	1.92944697e-001	
8	1.60460623e-085	1.43716785e-077	8.94031682e-071	1.20470927e-064	5.90424928e-059	9.50977530e-054	6.09305717e-049	1.73996862e-044	1.07074131e-040	4.77478662e-037	4.47501498e-033	2.01269158e-029	6.27721339e-026	1.73058612e-022	1.75866959e-019	1.27810115e-016	2.23691011e-014	3.53030400e-012	6.21393980e-010	6.18798035e-008	4.75470650e-006	2.97137545e-004	8.75282995e-003	2.17475377e-001	4.43517229e-001	3.29952609e-001	
