4	9.99113261e-001	8.86739139e-004	3.36370207e-022	6.43487473e-041	6.53897522e-060	4.55106850e-079	1.82312562e-098	4.73366990e-118	
4.1	9.63148595e-001	3.68514049e-002	1.54325578e-020	3.40524224e-039	4.01803236e-058	3.28673404e-077	1.52921139e-096	4.58781768e-116	
4.2	5.53074992e-001	4.46924448e-001	5.59324609e-007	1.41443609e-025	1.86478061e-044	1.79530241e-063	9.70906067e-083	3.36804408e-102	
4.3	9.82336122e-002	9.01656691e-001	1.09696776e-004	1.24914444e-013	1.61361069e-032	1.83113071e-051	1.15194433e-070	4.62368279e-090	
4.4	1.99471067e-002	9.76209457e-001	3.84343494e-003	1.23468898e-009	1.26811654e-028	1.69870404e-047	1.24419837e-066	5.78266579e-086	
4.5	8.60817754e-003	9.44813101e-001	4.65777676e-002	9.54136394e-007	3.48809931e-017	5.52368929e-036	4.71425219e-055	2.53891221e-074	
4.6	4.71267369e-003	7.57218663e-001	2.37960227e-001	1.08436688e-004	1.08727860e-012	3.92833361e-023	3.91034602e-042	2.44243974e-061	
4.7	1.97502019e-003	4.28278022e-001	5.66790163e-001	2.95679301e-003	2.66068707e-009	4.48956563e-017	5.21739179e-036	3.78291168e-055	
4.8	6.18221350e-004	1.83196591e-001	7.86300737e-001	2.98834234e-002	1.02718993e-006	2.42027069e-012	3.28693750e-031	2.76911331e-050	
4.9	1.60202339e-004	6.67364286e-002	7.78727642e-001	1.54271596e-001	1.04118581e-004	1.31252652e-008	2.08539463e-027	2.04350282e-046	
5	3.24289006e-005	1.94776720e-002	5.43839525e-001	4.33239046e-001	3.40062902e-003	1.06993632e-005	1.99113486e-024	2.27205128e-043	
5.1	4.92776589e-006	4.35092865e-003	2.63781272e-001	6.88538031e-001	4.15455016e-002	1.77933899e-003	3.88340861e-022	2.10576689e-048	
5.2	5.38097142e-007	7.07895877e-004	8.63844282e-002	6.28203932e-001	2.09341086e-001	7.53621200e-002	1.93156961e-020	4.24554092e-041	
5.3	2.28382783e-008	4.51401488e-005	1.04480714e-002	1.85868949e-001	2.62478548e-001	5.41159269e-001	1.63132448e-019	1.07892865e-035	
5.4	4.24855378e-010	1.26781981e-006	5.30599141e-004	2.08241421e-002	1.00902972e-001	8.77741018e-001	1.79553520e-010	4.52855210e-023	
5.5	9.16336845e-012	4.13273056e-008	3.00738534e-005	2.39498423e-003	3.35105548e-002	9.64064296e-001	4.93627423e-008	9.20106048e-018	
5.6	2.85953969e-013	1.94454700e-009	2.37999160e-006	3.59362050e-004	1.26156907e-002	9.87018261e-001	4.30477478e-006	1.61058192e-013	
5.7	1.27275130e-014	1.29874442e-010	2.60021813e-007	7.04315015e-005	5.52728609e-003	9.94245284e-001	1.56738199e-004	4.17912577e-010	
5.8	8.03036278e-016	1.22080917e-011	3.89871760e-008	1.81038705e-005	2.88621890e-003	9.94249900e-001	2.84550073e-003	2.37475182e-007	
5.9	7.32989982e-017	1.65076716e-012	8.22131617e-009	6.30110625e-006	1.88514353e-003	9.69782949e-001	2.82871691e-002	3.84286512e-005	
6	8.86412195e-018	2.92896945e-013	2.22940195e-009	2.73208478e-006	1.43747777e-003	8.46969611e-001	1.49622587e-001	1.96759017e-003	
6.1	1.08732411e-018	5.21959353e-014	5.96146368e-010	1.13711993e-006	9.97435728e-004	5.77542492e-001	3.88722072e-001	3.27368626e-002	
6.2	1.08995740e-019	7.53043383e-015	1.26873108e-010	3.67964865e-007	5.14523037e-004	2.85295182e-001	5.14083756e-001	2.00106170e-001	
6.3	7.94393965e-021	7.82064235e-016	1.91025511e-011	8.25307829e-008	1.77056570e-004	9.75877980e-002	3.78223259e-001	5.24011804e-001	
6.4	4.69069668e-022	6.51370030e-017	2.26973484e-012	1.43231181e-008	4.56150575e-005	2.63936472e-002	1.94256038e-001	7.79304686e-001	
6.5	2.77752455e-023	5.38989362e-018	2.63729374e-013	2.39284337e-009	1.09941752e-005	7.03826567e-003	9.15423727e-002	9.01408365e-001	
6.6	1.82342367e-024	4.90433241e-019	3.32310830e-014	4.27355138e-010	2.76712633e-006	2.05035900e-003	4.49723276e-002	9.52974546e-001	
6.7	1.34915416e-025	4.99159128e-020	4.62720196e-015	8.32474010e-011	7.46172521e-007	6.63863764e-004	2.37636090e-002	9.75571781e-001	
6.8	1.12694927e-026	5.66486328e-021	7.08240307e-016	1.76295671e-011	2.15701173e-007	2.36946157e-004	1.34894957e-002	9.86273342e-001	
6.9	1.03619977e-027	7.03405119e-022	1.17429531e-016	4.01080289e-012	6.63210842e-008	9.19692331e-005	8.14763880e-003	9.91760326e-001	
7	1.04377132e-028	9.51351759e-023	2.09997091e-017	9.72691957e-013	2.15687018e-008	3.83461679e-005	5.18126965e-003	9.94780363e-001	
7.1	1.13943295e-029	1.38672268e-023	3.98089129e-018	2.48776919e-013	7.36269373e-009	1.69800112e-005	3.43597907e-003	9.96547034e-001	
7.2	1.33450836e-030	2.15658502e-024	7.97128682e-019	6.69054401e-014	2.62507151e-009	7.91586320e-006	2.35710529e-003	9.97634976e-001	
7.3	1.68538069e-031	3.56478368e-025	1.68137431e-019	1.87594368e-014	9.73217408e-010	3.85225732e-006	1.66105102e-003	9.98335096e-001	
7.4	2.24760409e-032	6.17374247e-026	3.68237105e-020	5.43777577e-015	3.72219189e-010	1.94133222e-006	1.19512820e-003	9.98802930e-001	
7.5	3.14939723e-033	1.11778435e-026	8.35616286e-021	1.62902732e-015	1.46228010e-010	1.00735405e-006	8.73774384e-004	9.99125218e-001	
7.6	4.66150974e-034	2.12600274e-027	1.95983168e-021	5.03216728e-016	5.90466374e-011	5.36018406e-007	6.47002345e-004	9.99352462e-001	
7.7	7.15064482e-035	4.16562063e-028	4.68022623e-022	1.57942075e-016	2.41979072e-011	2.89250304e-007	4.81670384e-004	9.99518040e-001	
7.8	1.14345387e-035	8.45294690e-029	1.14903341e-022	5.05970671e-017	1.01106368e-011	1.59203141e-007	3.61741570e-004	9.99638099e-001	
7.9	1.86584256e-036	1.73786829e-029	2.83897815e-023	1.62340834e-017	4.22658233e-012	8.76651428e-008	2.70133340e-004	9.99729779e-001	
8	3.15481062e-037	3.67367871e-030	7.16695232e-024	5.31680133e-018	1.79586658e-012	4.90389477e-008	2.03366284e-004	9.99796585e-001	
