4	8.40919829e-004	9.99159080e-001	1.13864283e-018	3.34993476e-037	4.26797651e-056	2.94953456e-075	2.92874051e-095	9.00319860e-115	2.23343470e-134	4.00795818e-154	5.05570183e-174	4.75875548e-194	
4.1	1.82497941e-004	9.99817502e-001	1.35313443e-018	4.68309834e-037	7.00224034e-056	5.66112082e-075	6.30288007e-095	2.28001739e-114	6.76041448e-134	1.41348467e-153	2.06396336e-173	2.23927631e-193	
4.2	5.10004481e-005	9.99949000e-001	1.60719578e-018	6.54342391e-037	1.14823098e-055	1.08600301e-074	1.38726050e-094	5.89170349e-114	2.05500645e-133	5.01208860e-153	8.47882632e-173	1.06095403e-192	
4.3	1.74402777e-005	9.99982556e-001	3.58389595e-009	1.71634306e-027	3.53411523e-046	3.91050095e-065	5.87532820e-085	2.88119272e-104	1.11921405e-123	3.18800823e-143	6.25283559e-163	9.02949587e-183	
4.4	7.02105994e-006	9.99991580e-001	1.39942614e-006	7.87344513e-025	1.89726141e-043	2.45587466e-062	4.43635005e-082	2.34777204e-101	9.10871792e-121	3.03371121e-140	6.90437018e-160	1.15136161e-179	
4.5	3.23209479e-006	9.99826035e-001	1.70733380e-004	1.32047434e-012	3.63847224e-031	5.50574599e-050	1.20766528e-069	5.94674648e-089	2.04968341e-108	7.99159159e-128	2.11205444e-147	4.06986114e-167	
4.6	1.71372524e-006	9.92069639e-001	7.92863120e-003	1.60455398e-008	1.29363411e-018	2.26651152e-037	5.89669204e-057	2.30862581e-076	6.67522281e-096	3.05041485e-115	9.36945924e-135	2.08771569e-154	
4.7	1.16386016e-006	8.69348430e-001	1.30633421e-001	1.69853792e-005	4.91448146e-013	9.34116717e-032	2.66327398e-051	7.82142664e-071	1.91130117e-090	1.02499124e-109	3.66199086e-129	9.44177094e-149	
4.8	9.43820103e-007	4.71704154e-001	5.26938277e-001	1.35662145e-003	3.41898761e-009	5.43950010e-018	1.51826837e-037	3.46739528e-057	7.43868724e-077	4.68755892e-096	1.94965641e-115	5.82108624e-135	
4.9	7.31568317e-007	1.85177377e-001	7.95541067e-001	1.92792531e-002	1.57188163e-006	3.49127719e-013	6.17926337e-023	1.17891126e-042	2.32069146e-062	1.72068767e-081	8.33908921e-101	2.88539816e-120	
5	4.84037419e-007	6.78427156e-002	8.13102523e-001	1.18895288e-001	1.58988178e-004	1.51199663e-009	4.79805929e-017	8.61721714e-027	1.62533802e-046	1.41988121e-065	8.02555513e-085	3.22078623e-104	
5.1	2.25440688e-007	2.05753911e-002	5.89066190e-001	3.85213022e-001	5.14421669e-003	9.54675489e-007	1.93280026e-012	5.39817762e-020	6.33694242e-030	6.53245891e-049	4.31043148e-068	2.00821444e-087	
5.2	6.50828638e-008	4.48757693e-003	2.80077825e-001	6.55898298e-001	5.94131246e-002	1.23103471e-004	7.08294233e-009	1.15475778e-014	2.36209759e-022	8.88113932e-031	6.84903163e-050	3.70799179e-069	
5.3	1.18163084e-008	6.96198719e-004	8.88025147e-002	6.27782168e-001	2.78517044e-001	4.19846693e-003	3.59624935e-006	1.57725318e-010	2.08932508e-016	9.44461350e-023	8.52171209e-042	5.36699338e-061	
5.4	1.37897327e-009	7.66747819e-005	1.90279780e-002	3.54677702e-001	5.80719053e-001	4.51553944e-002	3.42976338e-004	2.20326529e-007	8.65637355e-012	1.85746445e-016	1.96320254e-035	1.43993145e-054	
5.5	1.17481829e-010	6.66461743e-006	3.08970023e-003	1.36341567e-001	6.54724546e-001	1.96954686e-001	8.83110473e-003	5.16985751e-005	3.25115511e-008	1.58237328e-011	1.18400904e-034	2.86863732e-061	
5.6	7.89824682e-012	4.87694944e-007	4.08050732e-004	3.90115638e-002	4.54462038e-001	4.22244664e-001	8.08794417e-002	2.97526251e-003	1.83790112e-005	1.12791411e-007	7.02749458e-026	5.63624153e-047	
5.7	3.87721473e-013	2.73234388e-008	4.00349785e-005	7.71149716e-003	1.90037901e-001	4.55214302e-001	2.94574708e-001	5.02529876e-002	2.06821245e-003	1.00330332e-004	5.35633680e-019	1.10052719e-035	
5.8	1.15349557e-014	9.66648450e-010	2.41474982e-006	8.82104242e-004	4.17030330e-002	2.25310114e-001	4.09066798e-001	2.57693732e-001	5.16772689e-002	1.36645338e-002	1.02671597e-013	7.07900812e-027	
5.9	1.40414727e-016	1.43720903e-011	5.97558743e-008	3.93486478e-005	3.32421561e-003	3.65432111e-002	1.62300616e-001	3.10699073e-001	2.35081808e-001	2.52011668e-001	6.34669356e-010	2.92181559e-020	
6	6.10675797e-019	7.88043581e-014	5.33073155e-010	6.06088350e-007	8.66895499e-005	1.79522729e-003	1.74746255e-002	8.76762724e-002	2.01507942e-001	6.91458450e-001	1.86671752e-007	1.59122339e-015	
6.1	2.56051866e-021	4.23677186e-016	4.56441468e-012	8.63051513e-009	2.00929095e-006	7.38822923e-005	1.44544607e-003	1.68213572e-002	9.76017991e-002	8.84045162e-001	1.03352653e-005	5.88833971e-012	
6.2	1.67723264e-023	3.59379387e-018	6.04512020e-014	1.83881223e-010	6.75032036e-008	4.20438395e-006	1.54210776e-004	3.76177014e-003	4.71802624e-002	9.48666657e-001	2.32823899e-004	3.94556904e-009	
6.3	1.81459222e-025	5.08250332e-020	1.31057650e-015	6.22943038e-012	3.51308439e-009	3.56686397e-007	2.31488849e-005	1.09057359e-003	2.61377142e-002	9.69969906e-001	2.77756186e-003	7.35737103e-007	
6.4	3.14219483e-027	1.15856213e-021	4.50764750e-017	3.26455739e-013	2.76654168e-010	4.43544658e-008	4.85251979e-006	4.11985440e-004	1.72137648e-002	9.62596811e-001	1.97235760e-002	4.89654911e-005	
6.5	7.77240078e-029	3.78324182e-023	2.18370488e-018	2.35726719e-014	2.94631563e-011	7.26092685e-009	1.28616627e-006	1.85708566e-004	1.26690846e-002	8.98317782e-001	8.74704453e-002	1.35568624e-003	
6.6	2.25384561e-030	1.45087992e-024	1.22389702e-019	1.93000476e-015	3.49716912e-012	1.29417650e-009	3.58888828e-007	8.40022688e-005	8.93666992e-003	7.30986899e-001	2.42937495e-001	1.70545742e-002	
6.7	6.29721854e-032	5.36545495e-026	6.52208607e-021	1.47656152e-016	3.82137501e-013	2.08163597e-010	8.77842788e-008	3.20082005e-005	5.13884766e-003	4.73171107e-001	4.18699906e-001	1.02958043e-001	
6.8	1.49075574e-033	1.67844345e-027	2.90303668e-022	9.29640140e-018	3.39567804e-014	2.67632126e-011	1.67397989e-008	9.19474858e-006	2.17446045e-003	2.28354206e-001	4.51844459e-001	3.17617662e-001	
6.9	3.05199146e-035	4.51752623e-029	1.09848724e-023	4.90246070e-019	2.49616566e-015	2.80257461e-012	2.54431556e-009	2.04331326e-006	6.98432688e-004	8.59406088e-002	3.37295705e-001	5.76063207e-001	
7	6.10771603e-037	1.18862097e-030	4.01907703e-025	2.46996225e-020	1.73629212e-016	2.73729470e-013	3.53785348e-010	4.04637323e-007	1.96753856e-004	2.91847542e-002	2.08937963e-001	7.61680124e-001	
7.1	1.33240761e-038	3.40776720e-032	1.58639072e-026	1.32715708e-021	1.27469980e-017	2.79144297e-014	5.04290248e-011	8.02808878e-008	5.47755049e-005	1.00450060e-002	1.23478363e-001	8.66421775e-001	
7.2	3.31566368e-040	1.11384445e-033	7.07277287e-028	7.95852712e-023	1.03719947e-018	3.11506750e-015	7.75610639e-012	1.67973369e-008	1.58865694e-005	3.67890385e-003	7.41797340e-002	9.22125459e-001	
7.3	9.53026907e-042	4.20217210e-035	3.59846401e-029	5.39641769e-024	9.43423437e-020	3.85337062e-016	1.30107789e-012	3.76387761e-009	4.87561775e-006	1.44816379e-003	4.62122082e-002	9.52334749e-001	
7.4	3.12852000e-043	1.80886775e-036	2.07115149e-030	4.10149956e-025	9.55568181e-021	5.25499069e-017	2.37829876e-013	9.01182143e-010	1.58211459e-006	6.10022928e-004	2.99247924e-002	9.69463602e-001	
7.5	1.17092052e-044	8.86909363e-038	1.34714220e-031	3.47434055e-026	1.07186436e-021	7.86009767e-018	4.70252364e-014	2.29789286e-010	5.40353251e-007	2.72603324e-004	2.00714482e-002	9.79655408e-001	
7.6	4.94185446e-046	4.89878004e-039	9.79372025e-033	3.26074961e-027	1.31841165e-022	1.28050282e-018	9.99658241e-015	6.18687410e-011	1.92974418e-007	1.28080126e-004	1.38723282e-002	9.85999399e-001	
7.7	2.32961196e-047	3.01908220e-040	7.88197274e-034	3.35729641e-028	1.76396255e-023	2.25066264e-019	2.26878583e-015	1.75141283e-011	7.15875863e-008	6.27184797e-005	9.82625119e-003	9.90110959e-001	
7.8	1.22914078e-048	2.08039395e-041	7.00572596e-035	3.78204455e-029	2.56502458e-024	4.24400321e-020	5.45657556e-016	5.18492597e-012	2.74785017e-008	3.17615284e-005	7.09566329e-003	9.92872548e-001	
7.9	7.16506309e-050	1.58216121e-042	6.80181128e-036	4.60953176e-030	4.00743945e-025	8.54055807e-021	1.37783875e-016	1.58729274e-012	1.08031841e-008	1.64996269e-005	5.20078514e-003	9.94782704e-001	
8	4.59567080e-051	1.32268298e-043	7.20326054e-037	6.04300381e-031	6.68425295e-026	1.82168390e-021	3.64964465e-017	5.01796080e-013	4.33406367e-009	8.75184838e-006	3.85880883e-003	9.96132435e-001	
