4	9.99999950e-001	4.96497594e-008	3.25252272e-026	5.58727900e-045	2.66721358e-064	4.12932496e-084	1.76580071e-103	4.95872145e-123	1.16975807e-142	1.87176266e-162	2.18141444e-182	
4.1	9.99987046e-001	1.29544931e-005	9.92529354e-024	1.99367137e-042	9.65224579e-062	1.90590115e-081	9.48209528e-101	3.07700392e-120	8.46936203e-140	1.56970847e-159	2.10956802e-179	
4.2	9.98817624e-001	1.18237562e-003	1.06023639e-021	2.49520225e-040	1.27965652e-059	3.24621137e-079	1.88011778e-098	7.02847770e-118	2.26003335e-137	4.85558781e-157	7.52967746e-177	
4.3	9.55102508e-001	4.48974878e-002	4.31334559e-009	1.18713755e-027	6.72370613e-047	2.20074173e-066	1.47572033e-085	6.18984241e-105	2.32805868e-124	5.80244923e-144	1.03889730e-163	
4.4	5.11503433e-001	4.88488071e-001	8.49640678e-006	2.65969848e-024	1.72204498e-043	7.28229789e-063	5.44674487e-082	2.35514544e-101	1.03728053e-120	3.00156413e-140	6.20901933e-160	
4.5	8.62224107e-002	9.12767751e-001	1.00983778e-003	9.17275999e-011	6.87458592e-030	3.73557894e-049	2.76709551e-068	1.07152088e-087	5.53328621e-107	1.86042842e-126	4.44918910e-146	
4.6	1.73614889e-002	9.57352455e-001	2.52858032e-002	2.52608840e-007	2.45495131e-017	1.65171992e-036	1.00616467e-055	3.12560860e-075	1.89488245e-094	7.40883036e-114	2.04986591e-133	
4.7	6.15928134e-003	7.99286078e-001	1.94487250e-001	6.73902009e-005	2.21614543e-012	1.61679830e-031	7.16729454e-051	1.75656068e-070	1.25173568e-089	5.69618056e-109	1.82464622e-128	
4.8	2.18612108e-003	4.63642099e-001	5.31298317e-001	2.87345533e-003	7.74181877e-009	6.88354972e-017	2.21735270e-036	4.51645320e-056	3.78801745e-075	2.00806692e-094	7.45274244e-114	
4.9	6.24220098e-004	2.00292728e-001	7.61907603e-001	3.71724909e-002	2.95802944e-006	2.49309938e-012	4.89282728e-021	8.94696598e-041	8.84437127e-060	5.46657474e-079	2.35273283e-098	
5	1.41388331e-004	6.87230547e-002	7.18965694e-001	2.11921308e-001	2.48547423e-004	7.33597702e-009	1.54201450e-015	3.41703234e-025	3.98692313e-044	2.87594542e-063	1.43660793e-082	
5.1	2.20820010e-005	1.65737181e-002	4.23595456e-001	5.53981207e-001	5.82455883e-003	2.97841542e-006	2.70575302e-011	9.76403958e-019	5.37249774e-027	4.52764010e-046	2.62746059e-065	
5.2	2.51596871e-006	2.97937765e-003	1.70554275e-001	7.75911122e-001	5.02883854e-002	2.64273394e-004	5.07061991e-008	1.13837171e-013	7.66183484e-020	7.55232611e-039	5.09706831e-058	
5.3	2.42504707e-007	4.58966667e-004	5.50407674e-002	7.21606219e-001	2.15101687e-001	7.77419074e-003	1.79261021e-005	1.16415486e-009	3.77047542e-014	4.38647003e-044	3.44685685e-063	
5.4	1.83040515e-008	5.56638946e-005	1.32394503e-002	4.31380988e-001	4.68841922e-001	8.49678802e-002	1.51253763e-003	1.53910867e-006	1.14277410e-009	2.84286093e-033	8.48613647e-061	
5.5	9.14979095e-010	4.46829473e-006	2.01282367e-003	1.45529712e-001	4.80147184e-001	3.39071256e-001	3.29113764e-002	3.20156186e-004	3.02223509e-006	8.48573343e-025	1.38179303e-046	
5.6	2.83733907e-011	2.21427167e-007	1.81596753e-004	2.66817341e-002	2.30465651e-001	5.19598882e-001	2.09059096e-001	1.30340210e-002	9.78798086e-004	2.99823561e-018	1.85989614e-035	
5.7	5.33500647e-013	6.58782615e-009	9.50240818e-006	2.64956026e-003	5.32346847e-002	3.26332768e-001	4.38688213e-001	1.26890308e-001	5.21949574e-002	2.72595750e-013	7.77699524e-027	
5.8	4.38374435e-015	8.47523907e-011	2.08540169e-007	1.04632544e-004	4.44680110e-003	6.52113212e-002	2.46449953e-001	2.55721937e-001	4.28065146e-001	8.72630257e-010	2.13521651e-020	
5.9	1.89223657e-017	5.66230994e-013	2.31203576e-009	2.00055124e-006	1.66632367e-004	5.27343951e-003	4.88401482e-002	1.48380951e-001	7.97336629e-001	1.96650578e-007	1.08704653e-015	
6	1.00515922e-019	4.59159888e-015	3.03375248e-011	4.36851904e-008	6.70597754e-006	4.21796383e-004	8.57285383e-003	6.50866162e-002	9.25901093e-001	1.08910324e-005	4.71267741e-012	
6.1	8.50717641e-022	5.85228110e-017	6.11414072e-013	1.42162289e-009	3.81932620e-007	4.46254373e-005	1.82111210e-003	3.05146216e-002	9.67360860e-001	2.58393427e-004	3.77069495e-009	
6.2	1.16932482e-023	1.19359692e-018	1.93259808e-014	7.06886079e-011	3.18506199e-008	6.54266325e-006	4.98682271e-004	1.66988276e-002	9.79532197e-001	3.26289615e-003	8.22339041e-007	
6.3	2.55019190e-025	3.80651210e-020	9.37120635e-016	5.26878277e-012	3.83922420e-009	1.32462272e-006	1.77958410e-004	1.09814442e-002	9.64462266e-001	2.43148235e-002	6.21789388e-005	
6.4	7.85217399e-027	1.69257520e-021	6.22557760e-017	5.26919095e-013	6.01616860e-010	3.35589760e-007	7.58484323e-005	8.05795535e-003	8.80365787e-001	1.09636448e-001	1.86362443e-003	
6.5	2.75919938e-028	8.49077841e-023	4.59377163e-018	5.74788471e-014	1.00077596e-010	8.74155405e-008	3.19793238e-005	5.52192349e-003	6.78364840e-001	2.92412126e-001	2.36690435e-002	
6.6	9.07277003e-030	3.95234176e-024	3.09960797e-019	5.63886587e-015	1.46312796e-011	1.94858546e-008	1.11717477e-005	2.98892808e-003	4.03103741e-001	4.58582738e-001	1.35313402e-001	
6.7	2.50781477e-031	1.53420468e-025	1.72180586e-020	4.47491396e-016	1.69287381e-012	3.35996865e-009	2.93833111e-006	1.17231774e-003	1.76538841e-001	4.39598384e-001	3.82687516e-001	
6.8	6.05879690e-033	5.16147885e-027	8.19599643e-022	2.99938520e-017	1.62282332e-013	4.69831134e-010	6.13119249e-007	3.54180981e-004	6.14438929e-002	2.96055916e-001	6.42145397e-001	
6.9	1.47931427e-034	1.74173096e-028	3.87085782e-023	1.96269949e-018	1.48906591e-014	6.17758486e-011	1.18052363e-007	9.65535742e-005	1.99279778e-002	1.71190339e-001	8.08785012e-001	
7	3.99269222e-036	6.45372908e-030	1.98951519e-024	1.38400023e-019	1.44849426e-015	8.45627226e-012	2.32863500e-008	2.65255296e-005	6.70089663e-003	9.69860122e-002	8.96286542e-001	
7.1	1.22869775e-037	2.70980488e-031	1.14990805e-025	1.08333642e-020	1.53838656e-016	1.24766587e-012	4.88377684e-009	7.65575435e-006	2.42401209e-003	5.67254186e-002	9.40842909e-001	
7.2	4.30420428e-039	1.28807105e-032	7.45906759e-027	9.43208214e-022	1.79902512e-017	1.99939401e-013	1.09754133e-009	2.34442395e-006	9.46870570e-004	3.47062187e-002	9.64344565e-001	
7.3	1.69863967e-040	6.86168831e-034	5.38016838e-028	9.06042207e-023	2.28912774e-018	3.45926152e-014	2.62685425e-010	7.59239509e-007	3.96506233e-004	2.21907258e-002	9.77412008e-001	
7.4	7.45214785e-042	4.04396125e-035	4.27214282e-029	9.47891998e-024	3.14409335e-019	6.39329580e-015	6.66085269e-011	2.58625280e-007	1.76234492e-004	1.47461234e-002	9.85077383e-001	
7.5	3.61642342e-043	2.61229560e-036	3.70224718e-030	1.07189589e-024	4.62650426e-020	1.25829129e-015	1.77268916e-011	9.20220100e-008	8.23448921e-005	1.01207053e-002	9.89796858e-001	
7.6	1.90547255e-044	1.82550888e-037	3.45740318e-031	1.29712740e-025	7.18958554e-021	2.60284033e-016	4.92788661e-012	3.39760864e-008	4.00889098e-005	7.12974954e-003	9.92830128e-001	
7.7	1.08461584e-045	1.37329415e-038	3.45710125e-032	1.66894977e-026	1.17573867e-021	5.61844555e-017	1.42283734e-012	1.29713820e-008	2.01857675e-005	5.12808428e-003	9.94851717e-001	
7.8	6.61207987e-047	1.10274575e-039	3.65848574e-033	2.25671033e-027	2.00289305e-022	1.25538377e-017	4.21899117e-013	5.06992553e-009	1.04247099e-005	3.74778458e-003	9.96241786e-001	
7.9	4.27254256e-048	9.35464276e-041	4.08133497e-034	3.18543217e-028	3.52975864e-023	2.89425228e-018	1.28345366e-013	2.02176290e-009	5.49719213e-006	2.77324818e-003	9.97221253e-001	
8	2.91392495e-049	8.34872033e-042	4.78071342e-035	4.66683594e-029	6.39677823e-024	6.84627540e-019	3.99593886e-014	8.20255503e-010	2.93516010e-006	2.06472272e-003	9.97932341e-001	
