4	5.40668415e-002	9.45922043e-001	1.11155299e-005	7.93966423e-024	4.96229015e-042	1.28890653e-060	1.42420611e-079	8.13832064e-099	2.67707916e-118	3.00457818e-138	2.52485561e-158	1.68323708e-178	8.81275956e-199	3.84836662e-219	1.46325727e-239	4.63056098e-260	1.27563663e-280	1.00000000e-300	1.00000000e-300	1.00000000e-300	1.00000000e-300	1.00000000e-300	1.00000000e-300	1.00000000e-300	1.00000000e-300	1.00000000e-300	1.00000000e-300	1.00000000e-300	1.00000000e-300	
4.1	7.01059347e-003	9.91828587e-001	1.16081957e-003	9.74168820e-022	7.15353811e-040	2.20624788e-058	2.85236577e-077	1.91459644e-096	7.44747330e-116	9.95478499e-136	1.00342563e-155	8.06093855e-176	5.10800237e-196	2.69907655e-216	1.24352755e-236	4.77050505e-257	1.59463332e-277	4.80789135e-298	1.00000000e-300	1.00000000e-300	1.00000000e-300	1.00000000e-300	1.00000000e-300	1.00000000e-300	1.00000000e-300	1.00000000e-300	1.00000000e-300	1.00000000e-300	1.00000000e-300	
4.2	1.33529291e-003	9.53260631e-001	4.54040733e-002	2.83240476e-009	2.44362416e-027	8.94903743e-046	1.35372009e-064	1.06735007e-083	4.90938812e-103	7.81538138e-123	9.44936569e-143	9.14749825e-163	7.01549064e-183	4.48560783e-203	2.50424734e-223	1.16465786e-243	4.72382017e-264	1.73059062e-284	1.00000000e-300	1.00000000e-300	1.00000000e-300	1.00000000e-300	1.00000000e-300	1.00000000e-300	1.00000000e-300	1.00000000e-300	1.00000000e-300	1.00000000e-300	1.00000000e-300	
4.3	2.80769241e-004	5.14861428e-001	4.84849861e-001	7.94191307e-006	8.05018810e-024	3.50069060e-042	6.19591256e-061	5.73801867e-080	3.12103273e-099	5.91721060e-119	8.58163736e-139	1.00110093e-158	9.29268474e-179	7.18969806e-199	4.86349053e-219	2.74200289e-239	1.34947728e-259	6.00702108e-280	3.73896494e-300	1.00000000e-300	1.00000000e-300	1.00000000e-300	1.00000000e-300	1.00000000e-300	1.00000000e-300	1.00000000e-300	1.00000000e-300	1.00000000e-300	1.00000000e-300	
4.4	3.94737954e-005	9.52048011e-002	9.03451371e-001	1.30435454e-003	7.69322351e-011	3.97233620e-029	8.22617200e-048	8.94868916e-067	5.75552429e-086	1.29959679e-105	2.26079742e-125	3.17813402e-145	3.57057603e-165	3.34261003e-185	2.73984428e-205	1.87262954e-225	1.11825483e-245	6.04788985e-266	4.38793430e-286	1.00000000e-300	1.00000000e-300	1.00000000e-300	1.00000000e-300	1.00000000e-300	1.00000000e-300	1.00000000e-300	1.00000000e-300	1.00000000e-300	1.00000000e-300	
4.5	9.38993227e-006	2.34368038e-002	9.27676334e-001	4.88767699e-002	7.02280715e-007	1.47831576e-015	3.58188544e-034	4.57690447e-053	3.48106516e-072	9.36122508e-092	1.95338879e-111	3.30897767e-131	4.49943932e-151	5.09707089e-171	5.06264490e-191	4.19440340e-211	3.03898232e-231	1.99513020e-251	1.68992902e-271	8.42773299e-292	1.00000000e-300	1.00000000e-300	1.00000000e-300	1.00000000e-300	1.00000000e-300	1.00000000e-300	1.00000000e-300	1.00000000e-300	1.00000000e-300	
4.6	2.87054171e-006	7.43591740e-003	5.40984997e-001	4.51044817e-001	5.31397513e-004	4.68048533e-010	1.32554102e-028	1.98907732e-047	1.78889947e-066	5.72942853e-086	1.43404213e-105	2.92727374e-125	4.81760597e-145	6.60371193e-165	7.94584453e-185	7.97391270e-205	6.99772945e-225	5.53136467e-245	5.47714098e-265	3.31125142e-285	1.00000000e-300	1.00000000e-300	1.00000000e-300	1.00000000e-300	1.00000000e-300	1.00000000e-300	1.00000000e-300	1.00000000e-300	1.00000000e-300	
4.7	6.21219998e-007	1.76851120e-003	1.74036986e-001	7.95506346e-001	2.86843606e-002	3.17550984e-006	1.03352639e-024	1.81155155e-043	1.92566655e-062	7.34510643e-082	2.20520789e-101	5.42273124e-121	1.07992417e-140	1.79038458e-160	2.60079109e-180	3.13125740e-200	3.28089922e-220	2.99734991e-240	3.47466459e-260	2.54647460e-280	1.67124408e-300	1.00000000e-300	1.00000000e-300	1.00000000e-300	1.00000000e-300	1.00000000e-300	1.00000000e-300	1.00000000e-300	1.00000000e-300	
4.8	1.53229189e-007	5.07801835e-004	6.43581273e-002	6.85243424e-001	2.48755916e-001	1.13457164e-003	5.92627336e-009	1.14652506e-027	1.43002813e-046	6.49628916e-066	2.33872958e-085	6.88935571e-105	1.65426589e-124	3.29975443e-144	5.61364119e-164	7.64665821e-184	8.93238582e-204	8.41090944e-224	1.14309723e-243	1.01545459e-263	8.05341098e-284	1.00000000e-300	1.00000000e-300	1.00000000e-300	1.00000000e-300	1.00000000e-300	1.00000000e-300	1.00000000e-300	1.00000000e-300	
4.9	3.15739615e-008	1.27730172e-004	2.10576694e-002	3.85860558e-001	5.62074523e-001	3.08724858e-002	7.00216002e-006	1.68363256e-011	4.24611552e-019	2.29706006e-038	9.87303386e-058	3.31855530e-077	9.30088368e-097	2.16178962e-116	3.75610666e-136	4.81441034e-156	5.25917911e-176	4.32036401e-196	6.89328123e-216	7.41787323e-236	7.09436996e-256	6.03211458e-276	4.57394190e-296	1.00000000e-300	1.00000000e-300	1.00000000e-300	1.00000000e-300	1.00000000e-300	1.00000000e-300	
5	5.13673503e-009	2.63179106e-005	5.77280490e-003	1.68752759e-001	6.51680791e-001	1.73253611e-001	5.13670479e-004	4.08561717e-008	1.31101902e-013	8.43261738e-033	3.70371897e-042	1.15723136e-061	3.26422024e-081	7.93172047e-101	1.06353269e-120	9.94420470e-141	8.22038911e-161	5.29323188e-181	9.92859505e-201	1.29060120e-220	1.47841963e-240	1.51575262e-260	1.38349089e-280	1.11392181e-300	1.00000000e-300	1.00000000e-300	1.00000000e-300	1.00000000e-300	1.00000000e-300	
5.1	6.39337372e-010	4.26416195e-006	1.27065004e-003	5.80590993e-002	5.01246902e-001	4.30808395e-001	8.60210542e-003	8.58187962e-006	9.00830452e-010	7.68177861e-015	7.85827881e-022	1.61633116e-041	3.40144186e-061	7.16062872e-081	6.02138305e-101	3.65841366e-121	2.08956686e-141	1.05507037e-161	2.32974224e-181	3.63097461e-201	4.90884519e-221	6.04120950e-241	6.58507047e-261	6.24591716e-281	1.00000000e-300	1.00000000e-300	1.00000000e-300	1.00000000e-300	1.00000000e-300	
5.2	6.15850635e-011	5.45313104e-007	2.25018746e-004	1.59417961e-002	2.81284082e-001	6.42550565e-001	5.95631459e-002	4.34258464e-004	5.88108768e-007	2.17370925e-010	1.31700713e-015	6.96585970e-025	3.56941043e-035	5.64521094e-055	2.97210221e-075	1.22667143e-095	5.02240187e-116	2.12005144e-136	5.51866785e-156	1.01737848e-175	1.58821456e-195	2.30520133e-215	2.90836771e-235	3.10437815e-255	1.65249556e-275	6.25518796e-296	1.00000000e-300	1.00000000e-300	1.00000000e-300	
5.3	4.70308050e-012	5.60357611e-008	3.25840228e-005	3.57831814e-003	1.21222910e-001	6.49841232e-001	2.17066823e-001	8.17531379e-003	8.22740018e-005	4.88736931e-007	6.04298047e-011	2.63546885e-018	1.82727484e-026	1.35029074e-035	1.33515052e-046	9.99208617e-059	1.00710699e-071	3.85894318e-092	1.18583467e-111	2.54225463e-131	4.48369422e-151	7.35333206e-171	9.97765484e-191	1.11299372e-210	5.73648966e-231	2.48526543e-251	2.80304685e-271	2.55100733e-291	1.00000000e-300	
5.4	2.72983045e-013	4.41497717e-009	3.66985765e-006	6.24500320e-004	3.87697546e-002	4.46130155e-001	4.43915124e-001	6.69307029e-002	3.48621778e-003	1.39697308e-004	1.74327510e-007	2.64742870e-013	9.30164654e-020	6.03579597e-027	9.04447019e-036	1.66058386e-045	6.26322483e-056	4.70283990e-068	1.70844622e-087	4.19837863e-107	8.25672324e-127	1.43358334e-146	1.89231941e-166	2.05758461e-186	1.06610601e-206	5.32813241e-227	7.03625325e-247	7.45058000e-267	6.39315257e-287	
5.5	1.10888727e-014	2.44686240e-010	2.94491626e-007	7.76228243e-005	8.50532686e-003	1.95221829e-001	4.97470912e-001	2.41553833e-001	4.97712169e-002	7.34119828e-003	5.77646976e-005	1.58249990e-009	1.33900293e-014	3.22488241e-020	2.83115423e-027	4.49595291e-035	2.03158008e-043	4.14909895e-053	8.67972014e-063	2.42925277e-082	5.32590714e-102	9.22986178e-122	1.10320589e-141	1.13500884e-161	6.17221622e-182	3.57395265e-202	5.53320532e-222	6.82319939e-242	6.77307861e-262	
5.6	2.58997403e-016	7.81180489e-012	1.37513388e-008	5.61103842e-006	1.05297816e-003	4.54744687e-002	2.66631355e-001	3.56638823e-001	2.32342181e-001	9.45276632e-002	3.32592348e-003	9.82050116e-007	1.12013197e-010	5.11262807e-015	1.24079178e-020	7.46352149e-027	1.64197071e-033	3.16805631e-041	9.41644560e-049	3.00969911e-068	7.43392557e-088	1.25507345e-107	1.34387683e-127	1.32636877e-147	7.86182661e-168	5.30165662e-188	9.63569659e-208	1.38503616e-227	1.59150168e-247	
5.7	2.98923555e-018	1.23313075e-013	3.19249767e-010	2.01369667e-007	6.31173118e-005	4.89401562e-003	6.02832664e-002	1.95202733e-001	3.41080573e-001	3.54037003e-001	4.43451257e-002	9.38731950e-005	9.11983999e-008	4.64323575e-011	1.71795458e-015	2.03202372e-020	1.06615409e-025	8.38941820e-032	1.39390285e-037	5.12841372e-057	1.44964630e-076	2.41511112e-096	2.40070688e-116	2.36476249e-136	1.57200192e-156	1.24534732e-176	2.66071429e-196	4.46226422e-216	5.94010226e-236	
5.8	2.21085545e-020	1.24575464e-015	4.75645286e-012	4.62458594e-009	2.37026109e-006	3.17302999e-004	7.67414730e-003	5.44078701e-002	2.25081755e-001	5.19695243e-001	1.90714209e-001	2.09502937e-003	1.20233831e-005	4.49150519e-008	1.58127414e-011	2.18471574e-015	1.55124109e-019	2.54915327e-024	1.12567801e-028	4.77508275e-048	1.56324322e-067	2.66238031e-087	2.59693749e-107	2.67905038e-127	2.03823066e-147	1.92032284e-167	4.83015026e-187	9.46086547e-207	1.46023545e-226	
5.9	1.41868587e-022	1.08977756e-017	6.12978917e-014	9.14856236e-011	7.53117011e-008	1.68484073e-005	7.57265233e-004	1.08431113e-002	9.59773345e-002	4.51283513e-001	4.21991276e-001	1.86401737e-002	4.80957630e-004	9.42299827e-006	2.17365452e-008	2.31996897e-011	1.42054425e-014	2.85494956e-018	1.82325298e-021	1.00053178e-030	6.40349389e-041	3.60411159e-052	1.06659331e-064	4.71315755e-078	4.16798510e-098	4.73720801e-118	1.40490762e-137	3.21717379e-157	5.76244634e-177	
6	8.86683190e-025	9.25958095e-020	7.68068490e-016	1.74912273e-012	2.27603187e-009	8.27644929e-007	6.60062940e-005	1.79070174e-003	3.13508655e-002	2.79465507e-001	5.92954340e-001	8.58149490e-002	7.92640679e-003	6.23389818e-004	6.96232812e-006	4.12942847e-008	1.54515890e-010	2.47441329e-013	1.33691312e-015	8.76560023e-023	9.81070978e-031	1.34258611e-039	1.44288312e-049	3.42623295e-060	1.01525555e-071	3.49156955e-084	1.22288090e-103	3.27762236e-123	6.81942942e-143	
6.1	5.26321119e-027	7.45448801e-022	9.06201210e-018	3.12029376e-014	6.32222048e-011	3.64810146e-008	4.96860468e-006	2.42330677e-004	7.90133948e-003	1.26143603e-001	5.59962218e-001	2.26247874e-001	6.27033447e-002	1.60884597e-002	6.88036769e-004	1.74750935e-005	3.10002251e-007	3.02529056e-009	8.91407327e-011	2.41104458e-016	1.58788785e-022	1.84934506e-029	2.33574111e-037	8.87357799e-046	5.67820477e-055	6.44398244e-065	3.12506715e-075	9.81490938e-095	2.37453655e-114	
6.2	2.34005238e-029	4.47675520e-024	7.91093020e-020	4.07310462e-016	1.26748310e-012	1.13606734e-009	2.55708821e-007	2.14761151e-005	1.24092289e-003	3.39725311e-002	2.93523893e-001	2.90912821e-001	2.09460487e-001	1.48566704e-001	2.03533834e-002	1.81801673e-003	1.23235144e-004	5.65597872e-006	6.17850207e-007	2.93507265e-011	4.67863708e-016	2.00840572e-021	1.21206940e-027	2.79409163e-034	1.37083843e-041	1.67166580e-049	1.00864778e-057	3.71687282e-077	1.04680002e-096	
6.3	5.27633777e-032	1.35969279e-026	3.47008258e-022	2.64215636e-018	1.24550803e-014	1.70137464e-011	6.15009047e-009	8.57893945e-007	8.43204056e-005	3.82561801e-003	6.07519938e-002	1.33194353e-001	2.22820348e-001	3.83889063e-001	1.45664133e-001	3.91436086e-002	8.71739280e-003	1.48023187e-003	4.27886829e-004	1.86776319e-007	3.57241871e-011	2.87913190e-015	4.01410906e-020	2.55488634e-025	4.20244478e-031	2.23611596e-037	6.58574950e-044	2.16732688e-071	1.45418072e-100	
6.4	5.29333784e-035	1.83190483e-029	6.68876468e-025	7.45121120e-021	5.24835909e-017	1.07389157e-013	6.07941321e-011	1.36551931e-008	2.20594248e-006	1.61149682e-004	4.48805439e-003	2.00276184e-002	7.09859740e-002	2.68023442e-001	2.51111323e-001	1.78713128e-001	1.13337723e-001	5.74945199e-002	3.55656515e-002	8.90760954e-005	1.19968189e-007	1.04632303e-010	1.85470327e-014	1.70051855e-018	4.81248867e-023	5.38342204e-028	3.67903922e-033	3.52330178e-055	1.22173614e-078	
6.5	1.58665259e-038	7.34888979e-033	3.80670470e-028	6.13422927e-024	6.37346265e-020	1.92319037e-016	1.66647170e-013	5.86649651e-011	1.51220660e-008	1.73407392e-006	8.14163535e-005	6.91116421e-004	4.81749616e-003	3.67013929e-002	7.68784219e-002	1.29731371e-001	2.07750068e-001	2.52500524e-001	2.87876573e-001	2.95085671e-003	1.89007819e-005	1.13572753e-007	1.56122963e-010	1.20574923e-013	3.41802804e-017	4.44321114e-021	3.90123946e-025	8.65354773e-043	1.09494581e-061	
6.6	2.73024156e-042	1.68671001e-036	1.23311392e-031	2.84114058e-027	4.30431388e-023	1.88756711e-019	2.45240791e-016	1.32079860e-013	5.29277581e-011	9.31452045e-009	7.12448079e-007	1.08788452e-005	1.40304560e-004	2.01683931e-003	8.68208319e-003	3.16117046e-002	1.14773327e-001	2.81882879e-001	5.42610380e-001	1.78510904e-002	4.08012323e-004	1.16950357e-005	8.33220655e-008	3.52961528e-010	6.48265269e-013	6.09079259e-016	4.29510364e-019	2.95568024e-033	1.66191163e-048	
6.7	6.49504891e-046	5.33329802e-040	5.45098883e-035	1.77769684e-030	3.88043121e-026	2.44188178e-022	4.67052351e-019	3.76440349e-016	2.29155020e-013	6.06318524e-011	7.33074787e-009	1.92090137e-007	4.35482179e-006	1.11670195e-004	9.19044553e-004	6.65273361e-003	4.96999021e-002	2.16629030e-001	6.63006416e-001	5.86731569e-002	3.89230531e-003	4.00206407e-004	1.07976791e-005	1.80720071e-007	1.52083374e-009	7.11883988e-012	2.77374964e-014	1.19926138e-025	5.62700282e-038	
6.8	2.37323483e-049	2.58178508e-043	3.65769527e-038	1.67171932e-033	5.19068061e-029	4.63151972e-025	1.28319230e-021	1.51831680e-018	1.37394280e-015	5.36384853e-013	9.97517079e-011	4.30813602e-009	1.64308696e-007	7.16480188e-006	1.05960551e-004	1.42136098e-003	2.01764258e-002	1.42539675e-001	6.66608004e-001	1.38898863e-001	2.28825572e-002	6.78251063e-003	5.47979134e-004	2.84734053e-005	8.41927278e-007	1.47585136e-008	2.35943164e-010	1.80240611e-019	1.86893525e-029	
6.9	1.13039157e-052	1.62319406e-046	3.17647057e-041	2.01620159e-036	8.81512014e-032	1.10350763e-027	4.35991321e-024	7.44935985e-021	9.83106591e-018	5.56474005e-015	1.55339562e-012	1.06785359e-010	6.59434844e-009	4.69196105e-007	1.18281764e-005	2.76695349e-004	6.97864637e-003	7.52655427e-002	5.24553556e-001	2.32455821e-001	8.46613365e-002	6.14587942e-002	1.24997440e-002	1.68679200e-003	1.42832114e-004	7.54555621e-006	3.90378772e-007	1.92270477e-014	1.53337218e-022	
7	4.70383258e-056	8.88446731e-050	2.38347868e-044	2.08608133e-039	1.27050988e-034	2.20976752e-030	1.23061553e-026	2.98602896e-023	5.65461888e-020	4.56336927e-017	1.87101101e-014	1.98674044e-012	1.92078817e-010	2.15167949e-008	8.84475291e-007	3.43357364e-005	1.45502241e-003	2.30318323e-002	2.35649766e-001	2.05131257e-001	1.50838392e-001	2.36797113e-001	1.06536419e-001	3.26942986e-002	6.78874381e-003	9.15324872e-004	1.26588413e-004	1.80249831e-010	4.77923232e-017	
7.1	1.09524911e-059	2.71109565e-053	9.90173711e-048	1.18689770e-042	9.97312098e-038	2.39206051e-033	1.85173190e-029	6.30693443e-026	1.68511598e-022	1.91154406e-019	1.12807426e-016	1.79972430e-014	2.64558755e-012	4.52249871e-010	2.91593194e-008	1.80228931e-006	1.22522345e-004	2.77440113e-003	4.12264333e-002	6.61312309e-002	9.13271135e-002	2.81970958e-001	2.54607578e-001	1.60522133e-001	7.24663651e-002	2.19271403e-002	6.92214229e-003	1.50314910e-007	6.80381959e-013	
7.2	1.45259209e-063	4.69254768e-057	2.31826050e-051	3.77758093e-046	4.34729961e-041	1.42331195e-036	1.51811547e-032	7.15530776e-029	2.66454365e-025	4.18943442e-022	3.49510217e-019	8.18854631e-017	1.78555237e-014	4.53033768e-012	4.44052093e-010	4.22166394e-008	4.43141848e-006	1.41269661e-004	3.02296758e-003	8.47707436e-003	2.07424543e-002	1.16888952e-001	1.96401290e-001	2.34881102e-001	2.09695563e-001	1.28702491e-001	8.10262800e-002	1.60802460e-005	7.31503140e-010	
7.3	1.32129170e-067	5.54583315e-061	3.68368809e-055	8.11530770e-050	1.26982668e-044	5.64300770e-040	8.20404214e-036	5.30530684e-032	2.71484276e-028	5.84441321e-025	6.79159667e-022	2.29341209e-019	7.25461271e-017	2.66402712e-014	3.86782849e-012	5.49682781e-010	8.62249285e-008	3.82802805e-006	1.17100309e-004	5.49165307e-004	2.26854950e-003	2.19630763e-002	6.46401612e-002	1.37501746e-001	2.25141059e-001	2.58544643e-001	2.88922676e-001	3.47803671e-004	1.04335854e-007	
7.4	1.18255322e-071	6.41892643e-065	5.69158048e-059	1.68652013e-053	3.55827302e-048	2.13499996e-043	4.19174906e-039	3.67667837e-035	2.56210460e-031	7.46049577e-028	1.18838569e-024	5.67446923e-022	2.55404547e-019	1.33047498e-016	2.79851119e-014	5.79426898e-012	1.32289581e-009	8.11483670e-008	3.52445835e-006	2.66261518e-005	1.78302654e-004	2.82089304e-003	1.38327293e-002	4.96592632e-002	1.40206374e-001	2.82141320e-001	5.08445448e-001	2.68163097e-003	3.80494659e-006	
7.5	1.37629032e-075	9.61184826e-069	1.13107118e-062	4.48589497e-057	1.26870938e-051	1.01809400e-046	2.68172917e-042	3.16237474e-038	2.96245256e-034	1.15633655e-030	2.49545446e-027	1.66271238e-024	1.04874359e-021	7.60213218e-019	2.27187222e-016	6.71759380e-014	2.18427233e-011	1.83914736e-009	1.12618786e-007	1.32627738e-006	1.39162650e-005	3.44966570e-004	2.70444712e-003	1.56793953e-002	7.25215879e-002	2.42204183e-001	6.54790048e-001	1.16799537e-002	6.00610557e-005	
7.6	2.27400812e-079	2.03221227e-072	3.15671061e-066	1.66767336e-060	6.28569882e-055	6.70832452e-050	2.35085492e-045	3.70211519e-041	4.62067034e-037	2.38470729e-033	6.88811316e-030	6.30942221e-027	5.48737698e-024	5.44618046e-021	2.27837691e-018	9.45206662e-016	4.29085508e-013	4.93384765e-011	4.23218273e-009	7.54678822e-008	1.20563763e-006	4.51876963e-005	5.47185742e-004	4.93652299e-003	3.58323438e-002	1.89693184e-001	7.32282802e-001	3.61161668e-002	5.45321657e-004	
7.7	5.26013216e-083	5.97986647e-076	1.21944480e-069	8.49264791e-064	4.24176140e-058	5.99517589e-053	2.76330004e-048	5.75769808e-044	9.50309344e-040	6.43278772e-036	2.45551846e-032	3.06348856e-029	3.63156984e-026	4.85961937e-023	2.80517159e-020	1.60716455e-017	1.00197477e-014	1.56546023e-012	1.86814027e-010	4.91771375e-009	1.16682390e-007	6.41003981e-006	1.16409366e-004	1.58323606e-003	1.73884492e-002	1.40262295e-001	7.49994624e-001	8.73742732e-002	3.27418092e-003	
7.8	1.62424642e-086	2.33394695e-079	6.21368683e-073	5.67818009e-067	3.73671721e-061	6.96575978e-056	4.19841892e-051	1.14480519e-046	2.47058309e-042	2.17553958e-038	1.08820619e-034	1.82420150e-031	2.91224678e-028	5.19268871e-025	4.08913162e-022	3.19124499e-019	2.69013031e-016	5.68237396e-014	9.36823373e-012	3.55863322e-010	1.22583418e-008	9.60270368e-007	2.54879476e-005	5.08417037e-004	8.18422789e-003	9.72176933e-002	7.07704929e-001	1.72331680e-001	1.40265920e-002	
7.9	6.46324581e-090	1.16580662e-082	4.02846064e-076	4.81018961e-070	4.12110964e-064	1.00913980e-058	7.90517061e-054	2.80364175e-049	7.82259683e-045	8.83825052e-041	5.74111160e-037	1.28226362e-033	2.72399311e-030	6.36963559e-027	6.76770931e-024	7.10631285e-021	7.99192239e-018	2.27080345e-015	5.13661263e-013	2.75424075e-011	1.35075572e-009	1.47251267e-007	5.58298815e-006	1.59220189e-004	3.65154456e-003	6.19735404e-002	6.08147590e-001	2.81332821e-001	4.47295519e-002	
8	3.14827691e-093	7.07539585e-086	3.15418468e-079	4.90002782e-073	5.43450615e-067	1.73425767e-061	1.75471868e-056	8.04405527e-052	2.88114783e-047	4.13467122e-043	3.43152448e-039	1.01392117e-035	2.84291167e-032	8.63083819e-029	1.22468207e-025	1.70818031e-022	2.52686077e-019	9.60531048e-017	2.96604339e-014	2.20803477e-012	1.51629691e-010	2.24892378e-008	1.19144630e-006	4.75001554e-005	1.51344574e-003	3.57366718e-002	4.70119308e-001	3.83217788e-001	1.09364073e-001	
