4	9.98817109e-001	1.18289063e-003	5.94059176e-022	5.55766840e-041	5.54270311e-060	2.71861051e-079	1.24850081e-098	3.53442647e-118	6.79122757e-138	
4.1	9.57963190e-001	4.20368102e-002	2.44698820e-020	2.34027180e-039	2.71279246e-058	1.11743315e-077	6.00867426e-097	1.97309765e-116	4.37736583e-136	
4.2	5.49808901e-001	4.50191090e-001	8.59808319e-009	8.72432416e-028	1.17586416e-046	3.64100995e-066	2.29513991e-085	8.74905618e-105	2.24254272e-124	
4.3	1.15518985e-001	8.84476744e-001	4.27040510e-006	4.73941789e-025	7.40372089e-044	1.72657375e-063	1.27761858e-082	5.65818680e-102	1.67669851e-121	
4.4	3.15343712e-002	9.68122957e-001	3.42671750e-004	1.67798344e-012	2.94532909e-031	5.54529708e-051	4.82283622e-070	2.48330993e-089	8.51352439e-109	
4.5	1.50403530e-002	9.77409717e-001	7.54992282e-003	7.49212411e-009	1.47232193e-018	2.44421523e-038	2.50175561e-057	1.49895483e-076	5.94965003e-096	
4.6	8.46812580e-003	9.29835328e-001	6.16930318e-002	3.51433240e-006	1.98556245e-013	3.15885654e-033	3.81030426e-052	2.65878463e-071	1.22276703e-090	
4.7	4.20476792e-003	7.43551153e-001	2.51936222e-001	3.07856442e-004	1.24200451e-009	5.23344438e-020	7.44995499e-039	6.05982999e-058	3.23173697e-077	
4.8	1.52516876e-003	4.32515171e-001	5.58562007e-001	7.39683144e-003	8.21978918e-007	9.48775701e-015	4.70636676e-024	4.46693884e-043	2.76487920e-062	
4.9	4.03512273e-004	1.84613599e-001	7.47997382e-001	6.68795355e-002	1.05970711e-004	1.13434764e-010	1.37531801e-017	1.52459068e-036	1.09635458e-055	
5	8.00223863e-005	5.95252735e-002	6.56334558e-001	2.80165357e-001	3.89462656e-003	1.62229333e-007	1.64056438e-012	2.12643307e-031	1.77825144e-050	
5.1	1.12618338e-005	1.36646797e-002	3.66602856e-001	5.71717896e-001	4.79644585e-002	3.88334098e-005	1.39376017e-008	2.11480186e-027	2.05900288e-046	
5.2	1.13829027e-006	2.25150848e-003	1.34552609e-001	6.25002635e-001	2.36036887e-001	2.14139351e-003	1.38284637e-005	2.45935543e-024	7.37259560e-052	
5.3	8.43785089e-008	2.70905289e-004	3.35132119e-002	3.95618714e-001	5.33072815e-001	3.51447970e-002	2.37947331e-003	4.96696303e-022	9.72034560e-044	
5.4	4.29966579e-009	2.22474171e-005	5.36158596e-003	1.42381216e-001	5.68822325e-001	1.93879326e-001	8.95332958e-002	2.19692045e-020	1.88891138e-037	
5.5	8.89987048e-011	7.34883950e-007	3.27857544e-004	1.78250760e-002	1.82603606e-001	2.46809883e-001	5.52432842e-001	1.14230740e-011	5.05918042e-025	
5.6	9.67398596e-013	1.26242397e-008	9.98517143e-006	1.03377252e-003	2.41983891e-002	1.05258578e-001	8.69499256e-001	6.28481931e-009	2.61220445e-019	
5.7	1.31541370e-014	2.67920955e-010	3.62256800e-007	6.74423812e-005	3.28786469e-003	3.90440725e-002	9.57599489e-001	7.68446414e-007	7.75032220e-015	
5.8	2.68890085e-016	8.42867560e-012	1.88763931e-008	6.03720738e-006	5.69594009e-004	1.61558124e-002	9.83233392e-001	3.51454533e-005	2.93721557e-011	
5.9	8.17406152e-018	3.89016762e-013	1.40478275e-009	7.43711591e-007	1.28155640e-004	7.78935919e-003	9.91325940e-001	7.55778049e-004	2.22859649e-008	
6	3.71215270e-019	2.64812549e-014	1.50666563e-010	1.28033026e-007	3.84109892e-005	4.56809364e-003	9.86706897e-001	8.68188725e-003	4.58332591e-006	
6.1	2.47444392e-020	2.60276105e-015	2.28359783e-011	3.03409586e-008	1.52419957e-005	3.28472987e-003	9.40182151e-001	5.62080121e-002	3.09834475e-004	
6.2	2.03472583e-021	3.11997198e-016	4.13999045e-012	8.41074720e-009	6.84247629e-006	2.50591387e-003	7.84704865e-001	2.05094222e-001	7.68814894e-003	
6.3	1.59401049e-022	3.51368631e-017	6.93237229e-013	2.11179566e-009	2.70020278e-006	1.59440127e-003	5.06810482e-001	4.15995596e-001	7.55968183e-002	
6.4	9.52788455e-024	2.98655717e-018	8.62857560e-014	3.87069982e-010	7.57272893e-007	6.91447687e-004	2.24670195e-001	4.63301470e-001	3.11336130e-001	
6.5	4.18959762e-025	1.84872245e-019	7.70361274e-015	5.00494522e-011	1.46313057e-007	1.99958434e-004	6.91011174e-002	3.09687665e-001	6.21011113e-001	
6.6	1.65987854e-026	1.02065480e-020	6.05443827e-016	5.60337197e-012	2.39373385e-008	4.77343017e-005	1.83757438e-002	1.62470947e-001	8.19105551e-001	
6.7	7.05114571e-028	5.98421740e-022	4.98550258e-017	6.48879243e-013	3.97140690e-009	1.13312727e-005	5.06666717e-003	8.24930945e-002	9.12428903e-001	
6.8	3.43892528e-029	3.99040488e-023	4.60031420e-018	8.29688933e-014	7.13291903e-010	2.86622710e-006	1.54118525e-003	4.38688303e-002	9.54587117e-001	
6.9	1.92171510e-030	3.02553405e-024	4.75862070e-019	1.17762702e-014	1.39916341e-010	7.81987398e-007	5.19985230e-004	2.48414884e-002	9.74637744e-001	
7	1.22036599e-031	2.58802379e-025	5.49117433e-020	1.84357619e-015	2.97944169e-011	2.29267404e-007	1.92653919e-004	1.49295626e-002	9.84877554e-001	
7.1	8.69082133e-033	2.46528466e-026	6.97213931e-021	3.14347016e-016	6.83799371e-012	7.17795795e-008	7.74181906e-005	9.44338025e-003	9.90479130e-001	
7.2	6.90952791e-034	2.60303252e-027	9.64141508e-022	5.79855685e-017	1.67392684e-012	2.37984699e-008	3.33224422e-005	6.23249679e-003	9.93734157e-001	
7.3	6.05756591e-035	2.98728621e-028	1.43430582e-022	1.14183341e-017	4.33844938e-013	8.29516833e-009	1.51991316e-005	4.25793097e-003	9.95726862e-001	
7.4	5.79896077e-036	3.72038045e-029	2.29111949e-023	2.38493992e-018	1.18366337e-013	3.02193956e-009	7.27779069e-006	2.98991615e-003	9.97002803e-001	
7.5	5.99185124e-037	4.96847995e-030	3.88187870e-024	5.26036121e-019	3.36668219e-014	1.14266596e-009	3.62694986e-006	2.14558148e-003	9.97850790e-001	
7.6	6.62025060e-038	7.04662659e-031	6.90628987e-025	1.21331880e-019	9.93201516e-015	4.46376722e-010	1.87172749e-006	1.56564795e-003	9.98432480e-001	
7.7	7.87589539e-039	1.06830890e-031	1.28414920e-025	2.91365691e-020	3.03571710e-015	1.78963194e-010	9.91661466e-007	1.15701046e-003	9.98841998e-001	
7.8	9.87493069e-040	1.69376035e-032	2.46746586e-026	7.20758693e-021	9.51788264e-016	7.34162638e-011	5.35497376e-007	8.60888602e-004	9.99138576e-001	
7.9	1.31153016e-040	2.82128193e-033	4.92585758e-027	1.82853466e-021	3.04935639e-016	3.07071512e-011	2.94938452e-007	6.45980264e-004	9.99353725e-001	
8	1.80609721e-041	4.83061199e-034	9.99757770e-028	4.70641861e-022	9.83251786e-017	1.29001553e-011	1.63156198e-007	4.82606683e-004	9.99517230e-001	
