4	8.11055781e-001	1.88943709e-001	5.10407235e-007	1.97832262e-025	2.45415963e-044	2.09685546e-063	1.14332359e-082	3.84310449e-102	9.31661695e-122	1.64633627e-141	2.25032295e-161	2.15961895e-181	1.47919106e-201	1.13609145e-221	6.71091882e-242	3.16911542e-262	
4.1	2.10933732e-001	7.88798079e-001	2.68188905e-004	1.11777979e-022	1.49742091e-041	1.50659608e-060	9.71496057e-080	3.83187811e-099	1.09052254e-118	2.26531479e-138	3.64017097e-158	4.13571197e-178	3.43611829e-198	3.06304002e-218	2.09009895e-238	1.13567646e-258	
4.2	2.85869582e-002	9.61721852e-001	9.69118987e-003	2.81532402e-021	3.14452427e-040	3.72949566e-059	2.84412084e-078	1.31629603e-097	4.39776832e-117	1.07388365e-136	2.02872190e-156	2.72806010e-176	2.74723581e-196	2.84605069e-216	2.24540488e-236	1.40478283e-256	
4.3	6.12553064e-003	9.12722388e-001	8.11477388e-002	4.34301739e-006	5.90891978e-017	8.26965947e-036	7.45820659e-055	4.05029140e-074	1.58859876e-093	4.55995971e-113	1.01273924e-132	1.60782886e-152	1.95056213e-172	2.35115129e-192	2.14658202e-212	1.54719765e-232	
4.4	2.26589814e-003	6.97074383e-001	3.00397980e-001	2.61739106e-004	9.89297849e-013	1.63544635e-031	1.74436446e-050	1.11162660e-069	5.11845751e-089	1.72710808e-108	4.50942058e-128	8.32272817e-148	1.18616521e-167	1.66556469e-187	1.76119773e-207	1.46339653e-227	
4.5	8.91581720e-004	3.90095366e-001	6.04125493e-001	4.88755784e-003	1.59112742e-009	1.08920959e-017	1.37392887e-036	1.02739017e-055	5.55286006e-075	2.20220506e-094	6.75813251e-114	1.37271135e-133	2.15760484e-153	3.53346572e-173	4.33097065e-193	4.15122271e-213	
4.6	3.02166238e-004	1.72141477e-001	7.87663667e-001	3.98922169e-002	4.72955220e-007	5.74805327e-013	8.57470467e-032	7.52101102e-051	4.76284657e-070	2.21414466e-089	7.95739320e-109	1.59157413e-128	2.51029011e-148	4.80043239e-168	6.82597103e-188	7.55177182e-208	
4.7	8.67903696e-005	6.49332953e-002	7.57571322e-001	1.77369129e-001	3.94602395e-005	3.09741083e-009	5.46444407e-028	5.60007795e-047	4.09631918e-066	2.18260826e-085	8.94108500e-105	1.56271695e-124	2.28785147e-144	5.11480319e-164	8.44444972e-184	1.07903880e-203	
4.8	1.99472064e-005	2.00204230e-002	5.30345217e-001	4.48499993e-001	1.11189729e-003	2.52238538e-006	5.26253443e-025	6.14753333e-044	4.87628566e-063	2.69274154e-082	1.12780262e-101	1.63347859e-121	2.16483810e-141	5.66503926e-161	1.08685979e-180	1.60512137e-200	
4.9	3.73001009e-006	5.12644318e-003	2.80746095e-001	7.00868240e-001	1.28124337e-002	4.43057916e-004	1.09235186e-022	1.33415392e-041	9.87969432e-061	4.53342556e-080	1.56632884e-099	1.92128652e-119	2.34993887e-139	7.20685397e-159	1.60806256e-178	2.74661820e-198	
5	6.11022214e-007	1.17207452e-003	1.22977702e-001	7.76570572e-001	7.54023284e-002	2.38767120e-002	4.49161762e-011	4.88798426e-030	2.84997042e-049	8.91284218e-069	2.13435240e-088	2.35564135e-108	2.76412352e-128	9.94718411e-148	2.58361708e-167	5.10737571e-187	
5.1	6.16608362e-008	1.67219501e-004	3.15869573e-002	4.47132769e-001	1.77971412e-001	3.43141422e-001	1.59599608e-007	2.48980782e-016	1.06684713e-035	2.20081924e-055	3.58439615e-075	3.81302514e-095	4.47643243e-115	1.89286330e-134	5.72796497e-154	1.31149742e-173	
5.2	2.07897968e-009	8.03440882e-006	2.59632477e-003	7.49724479e-002	9.92616688e-002	8.23131978e-001	2.95441615e-005	5.80732603e-012	1.09565277e-020	1.61395983e-040	1.93543569e-060	2.10790444e-080	2.57611297e-100	1.28164824e-119	4.52287907e-139	1.20040317e-158	
5.3	6.60444190e-011	3.65473969e-007	1.93779677e-004	1.05637694e-002	3.96748318e-002	9.48587380e-001	9.79864159e-004	9.17550309e-009	1.72843244e-015	2.84100858e-024	1.12277261e-034	1.17400919e-046	1.54974482e-066	9.08514961e-086	3.74259510e-105	1.15241874e-124	
5.4	3.57626250e-012	2.84164316e-008	2.38998579e-005	2.31586994e-003	2.17105148e-002	9.62811938e-001	1.31349323e-002	2.81709126e-006	2.22775932e-011	3.11881672e-018	2.00479941e-026	7.97762858e-036	4.97316810e-047	3.44044836e-066	1.65613187e-085	5.92173588e-105	
5.5	2.91063252e-013	3.32485832e-009	4.31851725e-006	7.09062046e-004	1.50267884e-002	8.92016766e-001	9.19866402e-002	2.56378550e-004	4.31938275e-008	2.25445321e-013	9.03989599e-020	4.24780170e-027	7.01952380e-036	3.69556776e-045	2.08107206e-064	8.64950980e-084	
5.6	2.31697322e-014	3.80739643e-010	7.46905679e-007	2.00040205e-004	8.89039483e-003	6.43063762e-001	3.39964190e-001	7.86434997e-003	1.65136524e-005	1.66770905e-009	1.95296290e-014	4.26517924e-020	6.41994686e-027	4.50030318e-034	2.96814614e-053	1.43548201e-072	
5.7	1.31008494e-015	3.09017165e-011	8.98545163e-008	3.80188678e-005	3.32205245e-003	2.99999280e-001	6.13203941e-001	8.20363492e-002	1.39865137e-003	1.61675134e-006	3.02786068e-010	1.47199615e-014	8.65490180e-020	3.12395923e-025	5.26015874e-054	2.96380366e-073	
5.8	4.93358948e-017	1.66298762e-012	7.05457123e-009	4.59126640e-006	7.45452036e-004	8.75443552e-002	5.59684772e-001	3.20570621e-001	3.11799019e-002	2.69798462e-004	5.00813886e-007	3.04681749e-010	3.57276630e-014	3.12134219e-018	4.62191114e-041	1.99190245e-066	
5.9	1.18269233e-018	5.66546898e-014	3.46263758e-010	3.38835770e-007	9.72004353e-005	1.54031262e-002	2.60469347e-001	5.05291211e-001	2.09071696e-001	9.54650710e-003	1.19989086e-004	5.83189971e-007	7.97229099e-010	9.25103594e-013	7.63541021e-031	4.74456477e-051	
6	1.83260139e-020	1.23809710e-015	1.07824616e-011	1.55555017e-008	7.53313911e-006	1.65565961e-003	6.49417149e-002	3.51271607e-001	4.87913970e-001	8.85398399e-002	5.51766951e-003	1.50424823e-004	1.55102946e-006	1.48346904e-008	7.62912534e-023	6.27612569e-039	
6.1	2.05692509e-022	1.94332601e-017	2.38750939e-013	4.99154446e-010	3.91870231e-007	1.21633315e-004	9.96131006e-003	1.29724690e-001	4.97034749e-001	2.85518020e-001	6.91735123e-002	8.00895364e-003	4.33371602e-004	2.33669909e-005	1.31357999e-016	2.14650538e-029	
6.2	1.56428617e-024	2.05215631e-019	3.52684307e-015	1.05157629e-011	1.29152117e-008	5.72196715e-006	9.00313515e-004	2.51462546e-002	2.28058123e-001	3.46709870e-001	2.66810043e-001	1.05390803e-001	2.20309141e-002	4.94794372e-003	7.62901375e-012	5.48839465e-022	
6.3	5.47488942e-027	9.88668946e-022	2.35339013e-017	9.87334434e-014	1.83458166e-010	1.16591124e-007	3.30062879e-005	1.80528154e-003	3.44467666e-002	1.20503043e-001	2.51223338e-001	2.83881040e-001	1.77600631e-001	1.30506759e-001	1.83994470e-008	1.76058094e-016	
6.4	8.00006407e-030	1.97422226e-024	6.44043007e-020	3.75540169e-016	1.02805115e-012	9.38745047e-010	4.53543033e-007	4.52610037e-005	1.65871152e-003	1.20021538e-002	5.94836409e-002	1.66913988e-001	2.55428662e-001	5.04464413e-001	2.71488189e-006	1.33501236e-012	
6.5	1.07024097e-032	3.58732760e-027	1.59384325e-022	1.27812099e-018	5.04332016e-015	6.59911643e-012	5.21201596e-009	8.96234026e-007	5.86989178e-005	8.08431464e-004	8.56090336e-003	5.32343068e-002	1.71381230e-001	7.65877193e-001	7.83338441e-005	9.29835581e-010	
6.6	2.22121551e-035	1.00250740e-029	5.98647910e-025	6.54070842e-021	3.63889112e-017	6.79196124e-014	8.45921207e-011	2.39168468e-008	2.64450690e-006	6.49152982e-005	1.34645522e-003	1.68985432e-002	1.02787310e-001	8.77927677e-001	9.72277631e-004	1.52816152e-007	
6.7	7.72488190e-038	4.64846753e-032	3.71142389e-027	5.48905818e-023	4.24082472e-019	1.12425496e-015	2.13963569e-012	9.56859548e-010	1.70682960e-007	7.07984029e-006	2.67394431e-004	6.26649899e-003	6.67483626e-002	9.19741165e-001	6.96034102e-003	8.98657848e-006	
6.8	4.25030965e-040	3.39183780e-034	3.60490888e-029	7.14823587e-025	7.54417797e-021	2.82167234e-017	7.98053880e-014	5.46566544e-011	1.51604574e-008	1.01746504e-006	6.58423875e-005	2.69674984e-003	4.76255583e-002	9.16788634e-001	3.25854852e-002	2.36697421e-004	
6.9	3.24085330e-042	3.41089323e-036	4.78822135e-031	1.26717758e-026	1.80470384e-022	9.46491172e-019	3.88194657e-015	3.95932225e-012	1.65623620e-009	1.73610540e-007	1.82934663e-005	1.23963167e-003	3.48253709e-002	8.55095219e-001	1.05624253e-001	3.19705660e-003	
7	2.97187326e-044	4.10065598e-038	7.55784622e-033	2.65878765e-028	5.03921679e-024	3.68192136e-020	2.14302410e-016	3.17368672e-013	1.95069638e-010	3.10036072e-008	5.09709691e-006	5.45622163e-004	2.35710815e-002	7.09887818e-001	2.41973530e-001	2.40168198e-002	
7.1	2.90079391e-046	5.20374822e-040	1.25444212e-034	5.81465397e-030	1.44935796e-025	1.46467740e-021	1.18530071e-017	2.49322876e-014	2.19940979e-011	5.16700902e-009	1.27735904e-006	2.07627176e-004	1.33843602e-002	4.91696200e-001	3.89798159e-001	1.04912371e-001	
7.2	2.79089397e-048	6.39980386e-042	2.00981583e-036	1.22181576e-031	3.96103515e-027	5.50358571e-023	6.07674002e-019	1.78048044e-015	2.20604663e-012	7.49391423e-010	2.69696600e-007	6.43203732e-005	6.01692025e-003	2.72407623e-001	4.43448865e-001	2.78062001e-001	
7.3	2.64760555e-050	7.71152177e-044	3.14201617e-038	2.49734846e-033	1.03914725e-028	1.97478725e-024	2.93003318e-020	1.17168697e-016	2.00191807e-013	9.62627763e-011	4.90193638e-008	1.66342874e-005	2.20155555e-003	1.24744295e-001	3.80519433e-001	4.92518034e-001	
7.4	2.69451187e-052	9.89982685e-046	5.19114786e-040	5.37856593e-035	2.83446906e-030	7.31664404e-026	1.43310796e-021	7.70160497e-018	1.78131471e-014	1.19177637e-011	8.37192818e-009	3.92895249e-006	7.19705490e-004	5.18281775e-002	2.76600784e-001	6.70847396e-001	
7.5	3.15749849e-054	1.45210447e-047	9.70477201e-042	1.30663473e-036	8.62534633e-032	3.00410717e-027	7.66533979e-023	5.43646931e-019	1.67556252e-015	1.53461484e-012	1.45121072e-009	9.19154149e-007	2.28827848e-004	2.12265189e-002	1.87975337e-001	7.90568396e-001	
7.6	4.38827365e-056	2.50471009e-049	2.12381965e-043	3.69151698e-038	3.01855507e-033	1.41332981e-028	4.63022023e-024	4.27555144e-020	1.72775136e-016	2.13340319e-013	2.66290221e-010	2.22460180e-007	7.41887035e-005	8.95262270e-003	1.26172141e-001	8.64800825e-001	
7.7	7.32392744e-058	5.14094894e-051	5.50249949e-045	1.22780044e-039	1.22974075e-034	7.71278081e-030	3.19732656e-025	3.78104301e-021	1.97752521e-017	3.24694702e-014	5.23485359e-011	5.65082670e-008	2.49793373e-005	3.95072760e-003	8.56614493e-002	9.10362787e-001	
7.8	1.46107527e-059	1.24884662e-052	1.67787480e-046	4.79120521e-041	5.80425881e-036	4.86082138e-031	2.52048319e-026	3.76304484e-022	2.50192368e-018	5.39394232e-015	1.10505836e-011	1.51236126e-008	8.77629791e-006	1.82726238e-003	5.92858515e-002	9.38878095e-001	
7.9	3.46763173e-061	3.57226716e-054	5.98769705e-048	2.18078727e-042	3.14877244e-037	3.50404675e-032	2.24483430e-027	4.17834121e-023	3.48837222e-019	9.72231413e-016	2.48443059e-012	4.24219381e-009	3.21034834e-006	8.82231937e-004	4.18671920e-002	9.57247361e-001	
8	9.77202911e-063	1.20017948e-055	2.49275092e-049	1.15391333e-043	1.96486889e-038	2.88261491e-033	2.24439400e-028	5.13193331e-024	5.31556776e-020	1.89415005e-016	5.94073471e-013	1.24172083e-009	1.21665575e-006	4.42037147e-004	3.01125139e-002	9.69444231e-001	
