4	6.67333919e-001	3.32666081e-001	1.81003363e-019	2.49055208e-038	4.36663174e-057	3.63431689e-076	1.98553152e-095	7.35382043e-115	1.83845511e-134	3.34264565e-154	4.51708872e-174	4.90961221e-194	3.50686587e-214	1.75343293e-234	1.13733731e-254	5.75604692e-275	2.35961586e-295	
4.1	1.14567070e-001	8.85432930e-001	5.26322850e-019	6.56926384e-038	1.35323181e-056	1.30130956e-075	8.32838120e-095	3.65167764e-114	1.07159599e-133	2.29493294e-153	3.65679744e-173	4.68207913e-193	3.97932953e-213	2.39502229e-233	1.80171691e-253	1.05289675e-273	4.96485474e-294	
4.2	1.42342445e-002	9.85580364e-001	1.85391313e-004	2.21410348e-023	4.80512062e-042	4.80032030e-061	3.60249178e-080	1.86996719e-099	6.44127720e-119	1.62482083e-138	3.05056198e-158	4.58710431e-178	4.63798298e-198	3.35550787e-218	2.93108654e-238	1.97966131e-258	1.07438474e-278	
4.3	3.01059416e-003	9.90107953e-001	6.88144069e-003	1.17560970e-008	1.80574112e-027	1.36974977e-046	1.20661537e-065	7.41483051e-085	2.99807153e-104	8.90798529e-124	1.96306256e-143	3.42928964e-163	4.11753574e-183	3.55296897e-203	3.60791755e-223	2.81868559e-243	1.76178860e-263	
4.4	1.26153489e-003	9.07121132e-001	9.16077699e-002	9.56296186e-006	1.73637831e-012	7.31815363e-032	7.57486583e-051	5.51059641e-070	2.61537561e-089	9.15331121e-109	2.33902620e-128	4.63182676e-148	6.53723450e-168	6.54915396e-188	7.74067625e-208	7.00133525e-228	5.04309966e-248	
4.5	6.01721399e-004	5.96241841e-001	4.02328573e-001	8.27858538e-004	6.66512119e-009	5.29220513e-019	6.44369308e-038	5.54964523e-057	3.09172436e-076	1.27446488e-095	3.68299874e-115	7.97323940e-135	1.27796753e-154	1.40451426e-174	1.93445942e-194	2.02733147e-214	1.68383013e-234	
4.6	2.15838226e-004	2.66734512e-001	7.20294871e-001	1.27526650e-002	2.11433697e-006	2.69633648e-014	1.33305113e-023	1.35918832e-042	8.88765002e-062	4.31355563e-081	1.36272055e-100	3.11721235e-120	5.28663650e-140	5.92293770e-160	9.51735847e-180	1.15670375e-199	1.10848467e-219	
4.7	6.76400800e-005	1.05644311e-001	8.17615564e-001	7.65232174e-002	1.49267510e-004	1.14750648e-010	1.45838164e-017	1.76011880e-036	1.34916358e-055	7.67529627e-075	2.57465240e-094	6.11629030e-114	1.00779211e-133	1.09049527e-153	2.04680219e-173	2.88725252e-193	3.19453483e-213	
4.8	1.85188624e-005	3.78569503e-002	7.00901793e-001	2.57395707e-001	3.82694812e-003	8.26618441e-008	9.11029218e-013	1.29911335e-031	1.15558917e-050	7.50480045e-070	2.63566779e-089	6.49739378e-109	9.85424096e-129	1.01522083e-148	2.22841395e-168	3.65146154e-188	4.66741854e-208	
4.9	4.06464568e-006	1.11820156e-002	4.41749756e-001	5.06375197e-001	4.06754457e-002	1.35154882e-005	5.44599736e-009	9.06035362e-028	8.93790433e-047	6.07277098e-066	2.21101398e-085	5.63933475e-105	7.82719125e-125	7.79989163e-145	2.00464973e-164	3.81896237e-184	5.64325857e-204	
5	6.70586742e-007	2.54503053e-003	1.97224929e-001	6.01139512e-001	1.98456158e-001	6.29036471e-004	4.66373411e-006	8.61134848e-025	8.40541579e-044	5.12057008e-063	1.84631502e-082	4.73013866e-102	6.14551138e-122	6.09009155e-142	1.83497290e-161	4.06759376e-181	6.95338945e-201	
5.1	8.18370765e-008	4.38653984e-004	6.19072290e-002	4.43829258e-001	4.83054958e-001	9.98160296e-003	7.88216117e-004	5.02565048e-013	4.18316171e-032	2.01026561e-051	6.40701687e-071	1.55721779e-090	1.94435914e-110	1.97316738e-130	6.97898129e-150	1.80177139e-169	3.56574587e-189	
5.2	7.64772082e-009	5.88825305e-005	1.43721011e-002	2.19834445e-001	6.63527343e-001	6.62667016e-002	3.59405143e-002	4.60892260e-009	5.35761673e-018	1.98136714e-037	4.93049106e-057	1.08255375e-076	1.32531096e-096	1.41700538e-116	5.89117938e-136	1.77295636e-155	4.06520156e-175	
5.3	3.98305151e-010	4.44280424e-006	1.79441471e-003	5.42855690e-002	3.96608569e-001	1.50540265e-001	3.96763538e-001	3.20092790e-006	4.70412242e-013	1.23287167e-021	2.87218456e-032	1.56272568e-044	1.90871921e-064	2.21262298e-084	1.08281441e-103	3.80241744e-123	1.01093171e-142	
5.4	8.19502309e-012	1.32787849e-007	8.57836860e-005	4.82570665e-003	7.67858930e-002	9.21466501e-002	8.25977285e-001	1.78547622e-004	1.28096195e-009	3.13184170e-016	1.34820471e-024	3.18662553e-034	1.81505992e-045	2.34928802e-065	1.35530634e-084	5.55886282e-104	1.71516903e-123	
5.5	1.81964866e-013	4.28520821e-009	4.30568275e-006	4.28489512e-004	1.36169543e-002	4.45863464e-002	9.38467059e-001	2.89635069e-003	4.89872406e-007	4.77211491e-012	1.36731180e-018	4.26724416e-026	6.10714713e-035	2.29542866e-045	2.30230822e-056	1.10411866e-075	3.95741454e-095	
5.6	6.52603638e-015	2.24090060e-010	3.42402708e-007	5.78804030e-005	3.43406649e-003	2.75900411e-002	9.43067121e-001	2.57921865e-002	5.83505865e-005	1.16098796e-008	1.00382807e-013	1.62415362e-019	2.00486944e-026	1.36142342e-034	3.73176766e-043	2.09496865e-062	8.73158276e-082	
5.7	3.01509691e-016	1.50960263e-011	3.44899673e-008	9.57391483e-006	1.00536099e-003	1.80684524e-002	8.38082970e-001	1.40115240e-001	2.71186968e-003	6.49835612e-006	9.09950390e-010	3.61727839e-014	1.65817446e-019	7.56648211e-026	1.89093444e-032	1.24419953e-051	6.03687300e-071	
5.8	1.24949823e-017	9.08167941e-013	3.05694294e-009	1.35374620e-006	2.41074779e-004	8.98232116e-003	5.35976763e-001	4.06834064e-001	4.70707829e-002	8.92404077e-004	1.23334014e-006	6.54195085e-010	5.70898528e-014	7.98606226e-019	7.60648022e-024	4.36171435e-050	5.40169782e-079	
5.9	3.26168277e-019	3.45667198e-014	1.69280211e-010	1.16613626e-007	3.39597394e-005	2.45488472e-003	1.89658351e-001	5.14856846e-001	2.64568512e-001	2.81677263e-002	2.58499409e-004	1.10271114e-006	1.07320957e-009	2.46288386e-013	4.47000392e-017	6.65612345e-038	5.91450389e-061	
6	4.70045244e-021	7.18471099e-016	5.06349843e-012	5.30257532e-009	2.44751318e-006	3.23475424e-004	3.30699781e-002	2.64350098e-001	4.76652503e-001	2.15852246e-001	9.53158107e-003	2.16137855e-004	1.52459118e-006	3.46940452e-009	6.91561762e-012	2.17821418e-028	9.16506889e-047	
6.1	4.07898766e-023	8.96861629e-018	9.01667376e-014	1.40589651e-010	1.00078691e-007	2.29289231e-005	3.16922385e-003	6.38981304e-002	3.31367663e-001	5.09902499e-001	8.40541195e-002	7.31842081e-003	2.62937410e-004	3.92153003e-006	5.53863874e-008	5.03447291e-021	1.15790149e-035	
6.2	2.70001710e-025	8.43901298e-020	1.19730621e-015	2.72972642e-012	2.92549224e-009	1.10914394e-006	2.10784253e-004	9.46395724e-003	1.20869361e-001	5.25705350e-001	2.63953793e-001	6.94654295e-002	9.61996137e-003	6.63426150e-004	4.68243347e-005	2.52398441e-015	5.70987482e-027	
6.3	1.37939662e-027	6.08582172e-022	1.20653816e-017	3.95669993e-014	6.25279091e-011	3.77008648e-008	9.97225663e-006	9.04455947e-004	2.51279131e-002	2.66295637e-001	3.47491739e-001	2.31356974e-001	9.89442657e-002	2.35725125e-002	6.29649305e-003	5.72615090e-011	3.26248652e-020	
6.4	3.96110542e-030	2.44482920e-024	6.69983569e-020	3.11258919e-016	7.10958577e-013	6.58931652e-010	2.44498154e-007	4.14702751e-005	2.27142924e-003	5.21635124e-002	1.55807527e-001	2.30678459e-001	2.56762898e-001	1.67088185e-001	1.35186198e-001	7.63850431e-008	3.71331882e-015	
6.5	5.30325139e-033	4.53647781e-027	1.70351764e-022	1.10898746e-018	3.60355622e-015	4.98890799e-012	2.60648376e-009	7.77283966e-007	7.77283966e-005	3.52001059e-003	2.17911122e-002	6.51137323e-002	1.64832283e-001	2.45144985e-001	4.99511450e-001	7.91852537e-006	1.38985633e-011	
6.6	6.52659283e-036	7.67830893e-030	3.92477523e-025	3.53358936e-021	1.61001976e-017	3.24230485e-014	2.38702783e-011	1.19036239e-008	2.04323010e-006	1.69046946e-004	2.00311525e-003	1.12067690e-002	5.81709712e-002	1.73734049e-001	7.54536380e-001	1.77607345e-004	5.68192373e-009	
6.7	1.19916988e-038	1.92668682e-032	1.32992201e-027	1.64330293e-023	1.03673537e-019	2.97532143e-016	3.08332893e-013	2.46575114e-010	6.91021879e-008	9.80054362e-006	2.08350600e-004	2.05569796e-003	2.01560111e-002	1.10274702e-001	8.65487591e-001	1.80716613e-003	6.12079197e-007	
6.8	3.56329818e-041	7.75610496e-035	7.19371898e-030	1.20897123e-025	1.04488122e-021	4.19829861e-018	6.11032207e-015	7.55787525e-012	3.31946316e-009	7.66727844e-007	2.77184894e-005	4.59363017e-004	7.96238246e-003	7.47158549e-002	9.05796529e-001	1.10117490e-002	2.56333708e-005	
6.9	1.59511301e-043	4.66811884e-037	5.78953806e-032	1.31261176e-027	1.54148743e-023	8.53340589e-020	1.73784072e-016	3.22134899e-013	2.14335896e-010	7.72857007e-008	4.54635390e-006	1.21553994e-004	3.52735899e-003	5.40758552e-002	8.96623135e-001	4.51342976e-002	5.13175253e-004	
7	9.53295094e-046	3.72255640e-039	6.12707099e-034	1.86493767e-029	2.94548340e-025	2.21602427e-021	6.28617074e-018	1.69878531e-014	1.66275484e-011	9.03186306e-009	8.33043095e-007	3.47435749e-005	1.61374107e-003	3.89315883e-002	8.23003168e-001	1.30883520e-001	5.53239598e-003	
7.1	6.64309930e-048	3.43063792e-041	7.45816460e-036	3.03015052e-031	6.39838201e-027	6.46094962e-023	2.54089854e-019	9.77034870e-016	1.36977070e-012	1.08656752e-009	1.52333062e-007	9.63447585e-006	6.89931715e-004	2.54113677e-002	6.66482715e-001	2.72869671e-001	3.45365262e-002	
7.2	4.87491976e-050	3.28893658e-043	9.40169985e-038	5.04600472e-033	1.41675078e-028	1.89526458e-024	1.02750742e-020	5.49330270e-017	1.07757800e-013	1.21472612e-010	2.51962929e-008	2.35855869e-006	2.52284341e-004	1.38284387e-002	4.49388994e-001	4.06815585e-001	1.29712315e-001	
7.3	3.52792257e-052	3.08667708e-045	1.15479037e-039	8.15937547e-035	3.01584196e-030	5.28705399e-026	3.92946812e-022	2.86106238e-018	7.69193834e-015	1.20010317e-011	3.59782216e-009	4.87391917e-007	7.57328100e-005	6.04283891e-003	2.45780924e-001	4.39995055e-001	3.08104959e-001	
7.4	2.56895733e-054	2.89173456e-047	1.40896376e-041	1.30612353e-036	6.31973991e-032	1.43623445e-027	1.45724622e-023	1.42047887e-019	5.12081416e-016	1.08165635e-012	4.58708970e-010	8.81719912e-008	1.94174923e-005	2.21018773e-003	1.14015602e-001	3.71625981e-001	5.12128723e-001	
7.5	2.04639367e-056	2.93915083e-049	1.84689296e-043	2.23886689e-038	1.41123695e-033	4.09635342e-029	5.64732606e-025	7.23042555e-021	3.43721478e-017	9.62240829e-014	5.66249063e-011	1.51843094e-008	4.63144749e-006	7.38544916e-004	4.89284452e-002	2.72698575e-001	6.77629788e-001	
7.6	1.88981635e-058	3.43217390e-051	2.76161062e-045	4.36292322e-040	3.56554554e-035	1.30775627e-030	2.43080161e-026	4.02836112e-022	2.47732552e-018	9.01643398e-015	7.24397260e-012	2.66293988e-009	1.10175790e-006	2.42124742e-004	2.08227128e-002	1.89036078e-001	7.89897980e-001	
7.7	2.08574294e-060	4.74421672e-053	4.86153915e-047	9.89839254e-042	1.04351125e-036	4.78458441e-032	1.19530490e-027	2.52546472e-023	1.98005822e-019	9.20131221e-016	9.92285438e-013	4.93173440e-010	2.71744045e-007	8.09534052e-005	9.10834270e-003	1.29595651e-001	8.61214781e-001	
7.8	2.77492481e-062	7.82538991e-055	1.01525566e-048	2.65470447e-043	3.57895391e-038	2.02937451e-033	6.79415305e-029	1.80185194e-024	1.76959568e-020	1.03392014e-016	1.47624643e-013	9.76909569e-011	7.03602141e-008	2.80117286e-005	4.14598782e-003	8.96310146e-002	9.06194915e-001	
7.9	4.42690413e-064	1.53139362e-056	2.49935075e-050	8.36522571e-045	1.43168592e-039	9.93091810e-035	4.44251375e-030	1.46140533e-025	1.77181081e-021	1.27742321e-017	2.38039809e-014	2.07332551e-011	1.92171206e-008	1.00679917e-005	1.96537882e-003	6.29555948e-002	9.35068939e-001	
8	8.42771180e-066	3.53656269e-058	7.21034002e-052	3.07765980e-046	6.65012703e-041	5.56124954e-036	3.31529205e-031	1.33631894e-026	1.97445007e-022	1.73422133e-018	4.15466853e-015	4.68717324e-012	5.50263000e-009	3.74600165e-006	9.66333609e-004	4.49290582e-002	9.54100857e-001	
