4	5.41133930e-002	9.38478266e-001	7.40834088e-003	1.62563799e-011	1.43861769e-030	1.00602636e-049	5.23972062e-069	1.67403215e-088	4.22735391e-108	7.20162506e-128	9.94699594e-148	1.23333820e-167	1.05413522e-187	6.67174187e-208	3.23870965e-228	1.23144853e-248	3.75441626e-269	9.45696792e-290	1.00000000e-300	1.00000000e-300	1.00000000e-300	1.00000000e-300	
4.1	2.23899525e-002	8.90601330e-001	8.70086202e-002	9.72356895e-008	1.01658867e-026	8.53129127e-046	5.36795524e-065	2.07041125e-084	6.31781529e-104	1.29846582e-123	2.15373587e-143	3.11683918e-163	3.21904382e-183	2.45167084e-203	1.43054665e-223	6.46311849e-244	2.36848376e-264	7.14625641e-285	1.00000000e-300	1.00000000e-300	1.00000000e-300	1.00000000e-300	
4.2	8.54177638e-003	7.18023480e-001	2.73388383e-001	4.63599600e-005	5.72620892e-024	5.76674917e-043	4.38369378e-062	2.04120589e-081	7.52657041e-101	1.86619980e-120	3.71678908e-140	6.28664301e-160	7.84575057e-180	7.19067965e-200	5.04325968e-220	2.70735435e-240	1.19250951e-260	4.30991186e-281	1.00000000e-300	1.00000000e-300	1.00000000e-300	1.00000000e-300	
4.3	2.95523885e-003	4.93645856e-001	4.98489750e-001	4.90915498e-003	7.16351230e-022	8.65628941e-041	7.94957242e-060	4.46881355e-079	1.99065150e-098	5.95326125e-118	1.42058874e-137	2.81210037e-157	4.24077509e-177	4.67720510e-197	3.94301560e-217	2.51515953e-237	1.33168821e-257	5.76413546e-278	2.06038585e-298	1.00000000e-300	1.00000000e-300	1.00000000e-300	
4.4	8.03350133e-004	2.52640634e-001	5.89264193e-001	1.57291822e-001	2.71155396e-020	3.91678915e-039	4.34513229e-058	2.94665149e-077	1.57726769e-096	5.66486258e-116	1.58559705e-135	3.67811141e-155	6.70258659e-175	8.89586115e-195	9.01403515e-215	6.83243777e-235	4.34799400e-255	2.25051449e-275	9.57788013e-296	1.00000000e-300	1.00000000e-300	1.00000000e-300	
4.5	6.87416066e-005	3.90254545e-002	1.94221537e-001	7.66684266e-001	1.59320943e-009	2.61653709e-028	3.50024359e-047	2.83145412e-066	1.72250525e-085	7.11837857e-105	2.10142840e-124	5.71988460e-144	1.25949808e-163	2.01159216e-183	2.45002395e-203	2.20663239e-223	1.68793115e-243	1.03566766e-263	5.11365062e-284	1.00000000e-300	1.00000000e-300	1.00000000e-300	
4.6	2.79334145e-006	2.76018797e-003	2.76647726e-002	9.69571576e-001	6.69568684e-007	9.37666205e-026	1.47663969e-044	1.30203659e-063	6.91322389e-083	2.68620760e-102	6.49407118e-122	2.07670723e-141	5.52565583e-161	1.06191137e-180	1.55459298e-200	1.66364490e-220	1.52964776e-240	1.08079401e-260	5.90114119e-281	1.00000000e-300	1.00000000e-300	1.00000000e-300	
4.7	1.88708277e-007	3.14100184e-004	6.10918046e-003	9.93512414e-001	6.41168092e-005	1.07511611e-011	2.03803610e-020	1.42739607e-039	4.28595984e-059	1.07779506e-078	1.69055285e-098	6.35952618e-118	2.04473223e-137	4.72508257e-157	8.31368447e-177	1.05702137e-196	1.16812139e-216	8.95112180e-237	5.11142177e-257	4.71794514e-277	3.46678312e-297	1.00000000e-300	
4.8	3.42358226e-008	9.33848774e-005	3.39936349e-003	9.94891438e-001	1.61576910e-003	1.00670217e-008	2.82099168e-015	9.52399800e-025	1.37994958e-044	1.84925300e-064	1.81566324e-084	8.04494322e-104	3.12522074e-123	8.65184856e-143	1.82725053e-162	2.75570148e-182	3.65763857e-202	2.82007600e-222	1.62297192e-242	1.74678396e-262	1.48839806e-282	1.00000000e-300	
4.9	1.10514893e-008	4.82172195e-005	3.18498131e-003	9.83243623e-001	1.35217152e-002	1.45190549e-006	1.51219195e-011	5.34707173e-019	2.24163147e-028	4.02800850e-039	2.70936201e-059	1.41577155e-078	6.63995660e-098	2.17546576e-117	5.46805520e-137	9.66924582e-157	1.53268436e-176	1.12938203e-196	6.51654281e-217	8.18815457e-237	8.09826384e-257	6.46361548e-277	
5	3.94289740e-009	2.69276231e-005	3.13196934e-003	9.35506247e-001	6.12677077e-002	6.71333783e-005	1.12386997e-008	1.59276422e-014	5.53748034e-022	1.60805648e-030	9.49322464e-042	5.85784564e-061	3.30559542e-080	1.24861956e-099	3.61217218e-119	7.14658947e-139	1.31894830e-158	9.22276973e-179	5.43763324e-199	7.98606711e-219	9.17495820e-239	8.45696211e-259	
5.1	1.27383522e-009	1.33510140e-005	2.65691764e-003	8.08413525e-001	1.87502631e-001	1.41134691e-003	2.22764952e-006	6.27025778e-011	7.96394158e-017	1.41497434e-023	1.73279034e-032	1.33834223e-041	9.00028397e-061	3.77750523e-080	1.16320407e-099	2.31019061e-119	4.63958912e-139	3.16005253e-159	1.95887213e-179	3.36685883e-199	4.49724014e-219	4.79061756e-239	
5.2	3.38465273e-010	5.34808797e-006	1.77456863e-003	5.86405516e-001	3.96612610e-001	1.50494188e-002	1.52488155e-004	4.97466656e-008	1.21242952e-012	6.14211298e-018	5.66689759e-025	6.67289920e-032	5.25301047e-051	2.36952973e-070	6.99368299e-090	1.22011218e-109	2.40170107e-129	1.65474788e-149	1.10826326e-169	2.23197177e-189	3.46929629e-209	4.27374292e-229	
5.3	6.97304771e-011	1.63490652e-006	8.83633187e-004	3.35697218e-001	5.73994393e-001	8.52802810e-002	4.13257155e-003	1.02655848e-005	2.88662445e-009	2.27763305e-013	7.08753453e-019	4.81675342e-024	4.33746368e-043	2.07038839e-062	5.45097255e-082	7.76956662e-102	1.37550971e-121	9.91644232e-142	7.33790315e-162	1.73382712e-181	3.13894403e-201	4.47487245e-221	
5.4	1.05333298e-011	3.61350866e-007	3.11403734e-004	1.41355126e-001	5.48393751e-001	2.61158480e-001	4.81248133e-002	6.54643858e-004	1.41957032e-006	1.07852965e-009	5.97324407e-014	1.08387176e-017	1.09308648e-036	5.54838068e-056	1.29332883e-075	1.52414541e-095	2.37224768e-115	1.83227596e-135	1.52626069e-155	4.23678850e-175	8.94195668e-195	1.47635000e-214	
5.5	1.02057801e-012	5.06281619e-008	6.82230400e-005	3.82382218e-002	3.08858087e-001	4.03538289e-001	2.35650683e-001	1.34826637e-002	1.62970020e-004	8.12605335e-007	4.81456403e-010	1.26524256e-012	3.06019783e-022	2.38632964e-033	5.12208813e-053	5.29874840e-073	7.48136051e-093	6.28844290e-113	6.00271372e-133	1.96038985e-152	4.82807076e-172	9.23926584e-192	
5.6	5.89594967e-014	4.18554786e-009	8.66185251e-006	6.16816574e-003	9.68967781e-002	3.06558262e-001	4.89397286e-001	9.58943721e-002	4.95591308e-003	1.20038330e-004	5.07132540e-007	1.18752642e-008	6.11563614e-016	1.76776778e-024	1.44003992e-034	2.36286457e-046	3.19223644e-059	2.96153301e-079	3.29917008e-099	1.26944864e-118	3.65193361e-138	8.10694078e-158	
5.7	2.22507212e-015	2.24178521e-010	7.00196086e-007	6.50285228e-004	1.87800162e-002	1.30449146e-001	5.05979525e-001	2.87470163e-001	5.17665962e-002	4.77897228e-003	1.08519385e-004	1.60759370e-005	5.59482177e-011	1.83350614e-017	2.52444209e-025	1.21932628e-034	7.96886907e-045	3.33218721e-056	4.41507189e-076	2.00466395e-095	6.74357975e-115	1.73821522e-134	
5.8	5.59665556e-017	7.93637414e-012	3.68134992e-008	4.55715162e-005	2.30970454e-003	3.24898773e-002	2.77793148e-001	4.01551725e-001	2.13130316e-001	6.23898799e-002	5.95762444e-003	4.33173253e-003	3.84434818e-007	5.36627456e-012	4.71658608e-018	2.26640693e-025	2.17950881e-033	2.13169009e-042	1.81125382e-052	5.81413156e-063	2.28965918e-082	6.85957992e-102	
5.9	6.64964825e-019	1.31721374e-013	8.94646045e-010	1.49691937e-006	1.28094334e-004	3.41849565e-003	5.95144996e-002	1.97166063e-001	2.71036726e-001	2.16532950e-001	7.29499414e-002	1.79068670e-001	1.83015423e-004	4.78471463e-008	1.23051923e-012	2.48008196e-018	1.36275142e-024	1.09035719e-031	1.24660634e-039	6.87796194e-048	3.17468818e-067	1.10666441e-086	
6	1.99134622e-021	5.47241843e-016	5.36562125e-012	1.21553098e-008	1.69922204e-006	8.15511480e-005	2.70924803e-003	1.89299990e-002	6.07411546e-002	1.18559152e-001	1.20068669e-001	6.74497168e-001	4.40035613e-003	1.09858044e-005	4.35457760e-009	1.83519566e-013	2.69109190e-018	7.64764543e-024	4.63078663e-030	1.61183774e-036	8.73151536e-056	3.54579304e-075	
6.1	4.75075402e-024	1.80228672e-018	2.52396315e-014	7.66669297e-011	1.70050606e-008	1.40389181e-006	8.43190098e-005	1.16105114e-003	7.99786160e-003	3.44342883e-002	9.09980022e-002	8.41608006e-001	2.33803822e-002	3.33482359e-004	1.18538600e-006	5.89723279e-010	1.23461116e-013	6.38437985e-018	9.70219981e-023	9.60655167e-028	2.23005085e-051	6.23024153e-077	
6.2	1.70350872e-026	8.87381495e-021	1.75768707e-016	7.13051628e-013	2.44628983e-010	3.34379210e-008	3.47005971e-006	8.90100513e-005	1.22696515e-003	1.06490544e-002	6.41519475e-002	8.43680666e-001	7.58310462e-002	4.28089843e-003	8.65919624e-005	3.16231893e-007	5.61079198e-010	3.07249343e-013	6.38956876e-017	9.55600645e-021	1.37138432e-039	4.64391977e-060	
6.3	8.57403377e-029	6.10014398e-023	1.69446901e-018	9.09438122e-015	4.71679666e-012	1.03292457e-009	1.78140317e-007	8.11030033e-006	2.10537193e-004	3.39529994e-003	4.16308846e-002	7.42035520e-001	1.79127672e-001	3.10665913e-002	2.47983294e-003	4.49316416e-005	4.40065021e-007	1.64562549e-009	2.84074194e-012	3.87936987e-015	3.76694424e-030	1.47105646e-046	
6.4	4.93793110e-031	4.77011119e-025	1.84663155e-020	1.31229171e-016	1.00838116e-013	3.43753466e-011	9.52421583e-009	7.37776452e-007	3.42032105e-005	9.53872956e-004	2.16852110e-002	5.18547452e-001	2.93684248e-001	1.31163837e-001	3.17478068e-002	2.10012895e-003	8.10271373e-005	1.45070020e-006	1.37757781e-008	1.15104485e-010	1.30432291e-022	9.06536083e-036	
6.5	2.42944673e-033	3.16856215e-027	1.69793694e-022	1.59611274e-018	1.78541004e-015	9.23845892e-013	3.99047451e-010	5.06699405e-008	4.00470144e-006	1.81836051e-004	7.12005931e-003	2.30091861e-001	2.76878154e-001	2.79775406e-001	1.69376968e-001	3.24670878e-002	3.84454642e-003	2.50268382e-004	9.40770178e-006	3.49657485e-007	1.14487059e-016	3.20991944e-027	
6.6	7.88479228e-036	1.38311428e-029	1.01932731e-024	1.26816488e-020	2.02937951e-017	1.55977583e-014	1.02329232e-011	2.05969262e-009	2.66547139e-007	1.87686484e-005	1.19588899e-003	5.27318185e-002	1.24749764e-001	2.58597449e-001	3.42902618e-001	1.60704776e-001	4.86027710e-002	9.28501593e-003	1.07324545e-003	1.37616389e-004	4.29471801e-012	1.49384039e-020	
6.7	1.56583793e-038	3.68101699e-032	3.71095443e-027	6.10267762e-023	1.37816393e-019	1.54165173e-016	1.50229060e-013	4.65640765e-011	9.53108990e-009	1.00343297e-006	9.94763447e-005	6.03736444e-003	2.64000394e-002	1.04146632e-001	2.74235980e-001	2.76908130e-001	1.87191153e-001	8.92363303e-002	2.62725512e-002	9.47131994e-003	1.16690420e-008	1.97306472e-015	
6.8	1.65113102e-041	5.18517268e-035	7.11517943e-030	1.54604455e-025	4.86784887e-022	7.79470644e-019	1.10582082e-015	5.14952608e-013	1.61587293e-010	2.47484523e-008	3.69380300e-006	3.10633010e-004	2.38810150e-003	1.68802149e-002	8.19166586e-002	1.62248192e-001	2.21879642e-001	2.32751316e-001	1.51881963e-001	1.29736431e-001	3.12902121e-006	1.22157383e-011	
6.9	9.27684400e-045	3.88017374e-038	7.21236098e-033	2.06922150e-028	8.97709188e-025	2.02930033e-021	4.11671098e-018	2.81798116e-015	1.32067415e-012	2.88377199e-010	6.31606095e-008	7.39155735e-006	9.57991973e-005	1.15460015e-003	9.74564110e-003	3.52136234e-002	9.02237969e-002	1.88962497e-001	2.46351327e-001	4.28129844e-001	1.15410014e-004	5.75662763e-009	
7	4.76858946e-048	2.64872466e-041	6.64066252e-036	2.49666175e-031	1.47881348e-027	4.65483297e-024	1.33245358e-020	1.31472026e-017	9.01583681e-015	2.75988702e-012	8.69540640e-010	1.41868441e-007	2.99092945e-006	5.89188420e-005	8.25072704e-004	5.13350233e-003	2.31846253e-002	8.97553806e-002	2.16011980e-001	6.63753860e-001	1.27302003e-003	5.06790488e-007	
7.1	3.24644340e-051	2.38865183e-044	8.04503306e-039	3.94718372e-034	3.16748361e-030	1.37422509e-026	5.46663827e-023	7.66587774e-020	7.54065466e-017	3.19947849e-014	1.42584708e-011	3.24514539e-009	1.07901203e-007	3.35556549e-006	7.49649070e-005	7.65918492e-004	5.80361325e-003	3.90126453e-002	1.62975285e-001	7.83916531e-001	7.43131666e-003	1.62591114e-005	
7.2	3.10675969e-054	3.02082203e-047	1.36105439e-041	8.70812011e-037	9.36591711e-033	5.55053772e-029	3.03961395e-025	5.96525254e-022	8.29800634e-019	4.83796526e-016	3.01172980e-013	9.55109197e-011	4.87276719e-009	2.32396336e-007	8.02033925e-006	1.29401253e-004	1.57921851e-003	1.75046330e-002	1.20796890e-001	8.30735375e-001	2.89870707e-002	2.59154637e-004	
7.3	3.96500783e-057	5.08345149e-050	3.04969045e-044	2.54224190e-039	3.64652823e-035	2.92028328e-031	2.17849411e-027	5.92423429e-024	1.14883157e-020	9.13325983e-018	7.85832503e-015	3.46512289e-012	2.64508483e-010	1.88768227e-008	9.79759186e-007	2.41705051e-005	4.59157200e-004	8.03912799e-003	8.79429928e-002	8.17921284e-001	8.32118496e-002	2.40041946e-003	
7.4	6.17615036e-060	1.04195778e-052	8.29919174e-047	9.00506390e-042	1.71453697e-037	1.84531138e-033	1.85640815e-029	6.92280344e-026	1.85359946e-022	1.99775448e-019	2.35348192e-016	1.43743534e-013	1.60674799e-011	1.67983720e-009	1.28165873e-007	4.70398585e-006	1.35150032e-004	3.60487992e-003	6.03580753e-002	7.38795593e-001	1.82981212e-001	1.41202556e-002	
7.5	1.09856208e-062	2.43412236e-055	2.56729113e-049	3.61233482e-044	9.00824501e-040	1.29655490e-035	1.74884150e-031	8.85911274e-028	3.23569876e-024	4.70228863e-021	7.52043808e-018	6.33406406e-015	1.01758445e-012	1.52979467e-010	1.68056225e-008	8.96097408e-007	3.79881666e-005	1.49596969e-003	3.71869184e-002	5.93507524e-001	3.12259942e-001	5.55107451e-002	
7.6	2.10022524e-065	6.10085299e-058	8.49887478e-052	1.54386228e-046	5.01826393e-042	9.53177477e-038	1.71219069e-033	1.17054952e-029	5.78597069e-026	1.12739283e-022	2.42806126e-019	2.80840455e-016	6.37577963e-014	1.35396440e-011	2.10363038e-009	1.59583638e-007	9.75710916e-006	5.51829631e-004	1.98246245e-002	4.12515516e-001	4.15915448e-001	1.51182663e-001	
7.7	4.20192125e-068	1.59743066e-060	2.93237050e-054	6.87071946e-049	2.89915020e-044	7.23735465e-040	1.70938159e-035	1.56576858e-031	1.04006823e-027	2.70519658e-024	7.78431911e-021	1.22818656e-017	3.87538899e-015	1.14619246e-012	2.48016676e-010	2.62329815e-008	2.26744476e-006	1.79703119e-004	9.10552608e-003	2.47965362e-001	4.43209455e-001	2.99537660e-001	
7.8	8.92182400e-071	4.43176049e-063	1.06962304e-056	3.22879020e-051	1.76095543e-046	5.75657482e-042	1.78003567e-037	2.16116795e-033	1.91035678e-029	6.60279254e-026	2.51895814e-022	5.39969435e-019	2.34325260e-016	9.52152892e-014	2.82305108e-011	4.09326043e-009	4.91668967e-007	5.33874905e-005	3.73125758e-003	1.33527838e-001	3.98517437e-001	4.64169583e-001	
7.9	2.09267012e-073	1.35609716e-065	4.29404236e-059	1.66800885e-053	1.17042058e-048	4.99209090e-044	2.01233399e-039	3.22257675e-035	3.75980497e-031	1.71383157e-027	8.60029417e-024	2.49547339e-020	1.46685949e-017	8.09219894e-015	3.24968472e-012	6.35778854e-010	1.04282693e-007	1.51890061e-005	1.43541212e-003	6.77260553e-002	3.22123095e-001	6.08700144e-001	
8	5.60223873e-076	4.72924260e-068	1.96084737e-061	9.78848144e-056	8.73822628e-051	4.84562081e-046	2.53531627e-041	5.32884104e-037	8.15983521e-033	4.88451001e-029	3.19354379e-025	1.24582111e-021	9.84581245e-019	7.29270205e-016	3.91140368e-013	1.01674927e-010	2.24590241e-008	4.31136532e-006	5.40679347e-004	3.37107729e-002	2.46250898e-001	7.19493316e-001	
