4	2.25259016e-001	7.74674550e-001	6.64338278e-005	1.61000964e-023	2.29509571e-042	1.91257976e-061	9.06435905e-081	3.02145302e-100	7.02663492e-120	1.81412101e-140	2.35597072e-160	1.64753197e-180	1.51958308e-200	1.06108727e-220	5.84202647e-241	
4.1	3.63250004e-002	9.60162400e-001	3.51259974e-003	6.63042404e-022	1.12519287e-040	1.11053383e-059	6.20652672e-079	2.43183399e-098	6.62625067e-118	1.88304603e-138	2.88183102e-158	2.43583047e-178	2.60988360e-198	2.10610362e-218	1.33466642e-238	
4.2	7.57511068e-003	9.41015338e-001	5.14095512e-002	5.39577283e-010	1.09215117e-028	1.27674261e-047	8.41456938e-067	3.87536010e-086	1.23722507e-105	3.85332339e-126	6.93368012e-146	7.08190438e-166	8.82568278e-186	8.23752359e-206	6.01235209e-226	
4.3	2.06518078e-003	7.38658664e-001	2.59275923e-001	2.32413297e-007	2.95828894e-016	4.09599155e-035	3.18333065e-054	1.72332755e-073	6.44596054e-093	2.19721190e-113	4.58631522e-133	5.65025899e-153	8.19995209e-173	8.85983241e-193	7.45275270e-213	
4.4	5.83878924e-004	4.20113037e-001	5.79285329e-001	1.77543383e-005	6.63904808e-012	1.08874335e-030	9.97840116e-050	6.34919901e-069	2.78156445e-088	1.04707866e-108	2.41992802e-128	3.55584163e-148	6.01655070e-168	7.53151493e-188	7.30576674e-208	
4.5	1.62634124e-004	1.94583155e-001	8.04821004e-001	4.33191024e-004	1.56583044e-008	3.04133329e-027	3.28661323e-046	2.45654625e-065	1.25442795e-084	5.31424677e-105	1.23774235e-124	2.08370625e-144	4.11547519e-164	5.97337358e-184	6.68566425e-204	
4.6	4.74148327e-005	8.79943440e-002	9.06818939e-001	5.13189249e-003	7.40925947e-006	1.70449273e-024	2.16928339e-043	1.89176192e-062	1.08734448e-081	5.30593118e-102	1.12147683e-121	1.98533641e-141	4.58263834e-161	7.71864773e-181	9.97473279e-201	
4.7	1.44473593e-005	4.04883474e-002	9.21821442e-001	3.66298119e-002	1.04595089e-003	2.84992477e-022	4.22342473e-041	4.12484103e-060	2.33794764e-079	1.33849410e-099	2.43428953e-119	4.08430988e-139	1.10312218e-158	2.15786503e-178	3.22175197e-198	
4.8	4.03486707e-006	1.68821427e-002	7.75444239e-001	1.56998837e-001	5.06707467e-002	1.63522596e-020	2.66792723e-039	2.56063655e-058	1.13052387e-077	7.60834420e-098	1.20250102e-117	1.79708435e-137	5.68607609e-157	1.29287769e-176	2.23167744e-196	
4.9	5.07274404e-007	3.15517797e-003	2.71667886e-001	2.17419248e-001	5.07757175e-001	6.02729986e-009	9.95529122e-020	7.66263179e-039	2.24427607e-058	1.73719024e-078	2.48635337e-098	3.31562412e-118	1.23056121e-137	3.25502238e-157	6.50029432e-177	
5	2.09366824e-008	1.92863531e-004	2.93226340e-002	7.55491662e-002	8.94933189e-001	2.12634119e-006	1.47364084e-014	8.02068711e-034	1.56724449e-053	1.34354435e-073	1.81496279e-093	2.25592928e-113	9.83404221e-133	3.02874810e-152	7.00272387e-172	
5.1	8.98993103e-010	1.22174310e-005	3.11730386e-003	2.20162023e-002	9.74690315e-001	1.63960854e-004	1.22581897e-010	3.16159619e-019	4.52464572e-039	4.15906399e-059	5.45637069e-079	6.70455831e-099	3.43717744e-118	1.23373203e-137	3.30511153e-157	
5.2	5.84509724e-011	1.16804592e-006	4.77549558e-004	8.11279852e-003	9.86433017e-001	4.97531639e-003	1.50768042e-007	3.70206192e-014	4.42058601e-023	7.78323189e-034	1.01071745e-053	1.30200115e-073	7.86137634e-093	3.29162012e-112	1.02259161e-131	
5.3	5.91229598e-012	1.73271715e-007	1.09984529e-004	4.05479043e-003	9.29559399e-001	6.62360839e-002	3.95680428e-005	3.91977975e-010	4.58660471e-017	1.92543933e-025	2.92214298e-035	3.59440799e-047	2.55975501e-066	1.25153034e-085	4.51278385e-105	
5.4	6.81541134e-013	2.92154957e-008	2.83466797e-005	2.09630976e-003	6.53079397e-001	3.42475686e-001	2.31975587e-003	4.75125956e-007	2.31226741e-012	7.96303476e-019	1.71299476e-026	8.07824930e-036	9.40956001e-046	5.37812072e-065	2.25299347e-084	
5.5	6.24692974e-014	3.91777433e-009	5.75305073e-006	8.00446649e-004	2.87392133e-001	6.78112621e-001	3.36050212e-002	8.40125530e-005	8.58030524e-009	1.03914647e-013	1.22007996e-019	7.04867755e-027	1.56130488e-034	1.04435109e-053	5.08794257e-073	
5.6	4.64626993e-015	4.24481306e-010	9.29578561e-007	2.30975797e-004	9.35220243e-002	7.19226289e-001	1.83343136e-001	3.67210761e-003	4.53687497e-006	9.78395623e-010	2.96448583e-014	8.42282808e-020	1.27513791e-025	7.59855459e-057	4.31025843e-076	
5.7	2.66557993e-016	3.52198936e-011	1.12816868e-007	4.78982130e-005	2.27029133e-002	4.65264137e-001	4.59422754e-001	5.20632987e-002	4.97780386e-004	1.10463682e-006	4.78473697e-010	3.20565677e-014	1.47114261e-018	2.55684423e-043	5.69515833e-071	
5.8	1.04326793e-017	1.98634385e-012	9.15844094e-009	6.39239957e-006	3.72407113e-003	1.77501654e-001	5.44202894e-001	2.60920701e-001	1.34450222e-002	1.98486051e-004	7.68895540e-007	6.70260437e-010	4.88616739e-013	1.22683517e-032	1.20457901e-054	
5.9	2.71727744e-019	7.37567270e-014	4.84265233e-010	5.36936678e-007	4.01378147e-004	4.04428115e-002	3.23799412e-001	5.19578096e-001	1.08090108e-001	7.50802464e-003	1.78370320e-004	1.25307652e-006	8.68026543e-009	2.89327462e-024	9.13570848e-042	
6	4.93365216e-021	1.89712242e-015	1.75760104e-011	3.00154364e-008	2.97648890e-005	5.89152262e-003	1.08026720e-001	4.77029220e-001	3.19613041e-001	8.04424186e-002	8.61991887e-003	3.32806592e-004	1.45575177e-005	9.67190998e-018	1.22784646e-031	
6.1	5.84120310e-023	3.14567969e-017	4.11737999e-013	1.05330246e-009	1.41606160e-006	5.18414382e-004	1.96774087e-002	2.05431273e-001	3.72292913e-001	2.77145129e-001	1.05167367e-001	1.64795231e-002	3.28655407e-003	9.65178653e-013	9.44396007e-024	
6.2	3.43083426e-025	2.56141462e-019	4.69548611e-015	1.75785664e-011	3.24731381e-008	2.09307229e-005	1.52065326e-003	3.33957341e-002	1.43107484e-001	2.70279565e-001	2.98027338e-001	1.49074469e-001	1.04573789e-001	4.10252704e-009	8.33045622e-018	
6.3	8.05337152e-028	8.25018595e-022	2.10025307e-017	1.12798839e-013	2.88490111e-010	3.13910258e-007	4.10697454e-005	1.73350486e-003	1.58323239e-002	6.71781632e-002	1.84576934e-001	2.43431963e-001	4.87204741e-001	9.86550260e-007	1.46589240e-013	
6.4	1.45810479e-030	2.02888051e-024	7.12352147e-020	5.38213189e-016	1.91390986e-012	3.38921045e-009	7.60461948e-007	5.74561667e-005	1.03088934e-003	8.94045623e-003	5.41907701e-002	1.61924634e-001	7.73817112e-001	3.79179505e-005	1.80091637e-010	
6.5	3.83475573e-033	7.14183967e-027	3.41170348e-022	3.57934237e-018	1.77106397e-014	4.94022650e-011	1.82733948e-008	2.33716569e-006	7.71930291e-005	1.26817119e-003	1.53881971e-002	9.25489946e-002	8.90140468e-001	5.74575586e-004	4.51695291e-008	
6.6	1.68475749e-035	4.13971609e-029	2.67134386e-024	3.83340905e-020	2.63623942e-016	1.12488042e-012	6.63647104e-010	1.37440271e-007	7.91720333e-006	2.31489655e-004	5.20024393e-003	5.74868573e-002	9.32242719e-001	4.82691303e-003	3.72215891e-006	
6.7	1.17642420e-037	3.77875981e-031	3.27982434e-026	6.37405862e-022	6.07917130e-018	3.86174087e-014	3.53258412e-011	1.14286399e-008	1.09788847e-006	5.42317300e-005	2.11600286e-003	4.01449061e-002	9.31823832e-001	2.57315129e-002	1.28404851e-004	
6.8	1.15963812e-039	4.82190966e-033	5.59865532e-028	1.45716357e-023	1.92109880e-019	1.77133383e-015	2.45167927e-012	1.20281662e-009	1.85582377e-007	1.48318552e-005	9.53737803e-004	2.94931847e-002	8.74918643e-001	9.24684738e-002	2.15094182e-003	
6.9	1.37944189e-041	7.34946513e-035	1.13542970e-029	3.91959291e-025	7.11441519e-021	9.31264879e-017	1.90753235e-013	1.38416631e-010	3.32072603e-008	4.14073441e-006	4.20235591e-004	2.03568148e-002	7.31891211e-001	2.28297432e-001	1.90301324e-002	
7	1.71718009e-043	1.15454872e-036	2.36556629e-031	1.07406284e-026	2.67270364e-022	4.86956696e-018	1.44696551e-014	1.51819354e-011	5.50422253e-009	1.03827481e-006	1.60377913e-004	1.17942021e-002	5.08454551e-001	3.85939686e-001	9.36501392e-002	
7.1	2.05420259e-045	1.70374271e-038	4.61571220e-033	2.73035500e-028	9.27867632e-024	2.30516403e-019	9.76303520e-016	1.45127018e-012	7.75117359e-010	2.15297302e-007	4.90665339e-005	5.33976563e-003	2.78882504e-001	4.47861986e-001	2.67866462e-001	
7.2	2.33612187e-047	2.36437696e-040	8.44411436e-035	6.43774697e-030	2.97645811e-025	9.93107008e-021	5.88954277e-017	1.21969514e-013	9.36783275e-011	3.74211507e-008	1.22296290e-005	1.92734447e-003	1.24152297e-001	3.81373062e-001	4.92535030e-001	
7.3	2.76850513e-049	3.38104632e-042	1.58364106e-036	1.54305212e-031	9.64034674e-027	4.24028150e-022	3.46940617e-018	9.84141476e-015	1.06568947e-011	5.99042461e-009	2.73735487e-006	6.13024302e-004	4.96116268e-002	2.70680637e-001	6.79091969e-001	
7.4	3.72208537e-051	5.42115628e-044	3.29827526e-038	4.07154731e-033	3.42685524e-028	1.96084859e-023	2.17461005e-019	8.33015411e-016	1.24743815e-012	9.67204877e-010	6.04398724e-007	1.89061263e-004	1.95284161e-002	1.78948655e-001	8.01333262e-001	
7.5	5.88183723e-053	1.00959853e-045	7.96100779e-040	1.23381854e-034	1.39476359e-029	1.02184192e-024	1.51770208e-020	7.73607774e-017	1.57514072e-013	1.65660784e-010	1.38433520e-007	5.95643113e-005	7.95116299e-003	1.17133850e-001	8.74855285e-001	
7.6	1.11066733e-054	2.22033204e-047	2.26382059e-041	4.36163796e-036	6.60312861e-031	6.10855010e-026	1.19380842e-021	8.00487714e-018	2.18017174e-014	3.05463233e-011	3.35084345e-008	1.95461105e-005	3.40455805e-003	7.78696677e-002	9.18706195e-001	
7.7	2.50390258e-056	5.76256900e-049	7.57805651e-043	1.79223256e-037	3.62373961e-032	4.18262292e-027	1.06199373e-022	9.21373003e-019	3.31217709e-015	6.09369052e-012	8.60802464e-009	6.71296960e-006	1.53538723e-003	5.29894421e-002	9.45468449e-001	
7.8	6.69833700e-058	1.75497187e-050	2.96920755e-044	8.53608803e-039	2.29137085e-033	3.25437366e-028	1.06199494e-023	1.17905089e-019	5.49422886e-016	1.30678748e-012	2.34086307e-009	2.40852663e-006	7.25883854e-004	3.69233283e-002	9.62348377e-001	
7.9	2.11027783e-059	6.22895724e-052	1.35207187e-045	4.67796625e-040	1.66245518e-034	2.86256285e-029	1.18295257e-024	1.66198424e-020	9.91860639e-017	3.00249246e-013	6.69227035e-010	8.97535958e-007	3.57421823e-004	2.62782565e-002	9.73363423e-001	
8	7.75587165e-061	2.55377485e-053	7.09118131e-047	2.92324842e-041	1.37269097e-035	2.83552627e-030	1.46186129e-025	2.55841316e-021	1.93192598e-017	7.35150022e-014	2.01029538e-010	3.46328924e-007	1.81990318e-004	1.90300717e-002	9.80787591e-001	
