4	3.14628090e-003	9.96457088e-001	3.96631087e-004	3.28527365e-022	8.24823913e-041	4.44170120e-060	2.06398755e-079	7.46469276e-099	1.67708217e-118	3.03929354e-138	3.81246053e-158	4.03862345e-178	4.07386236e-198	2.72681550e-218	1.37509607e-238	5.42016581e-259	1.68328131e-279	4.24427965e-300	1.00000000e-300	1.00000000e-300	1.00000000e-300	1.00000000e-300	1.00000000e-300	
4.1	1.59845052e-003	9.84544587e-001	1.38569622e-002	1.25663936e-020	3.78928131e-039	2.42436424e-058	1.35560514e-077	5.89598619e-097	1.59817472e-116	3.50177419e-136	5.30620085e-156	6.77459413e-176	7.96767357e-196	6.44790286e-216	3.90758309e-236	1.85079482e-256	6.86013127e-277	2.07832382e-297	1.00000000e-300	1.00000000e-300	1.00000000e-300	1.00000000e-300	1.00000000e-300	
4.2	1.23591408e-003	7.97065938e-001	2.01694955e-001	3.19300990e-006	1.15634299e-024	8.78880437e-044	5.91321023e-063	3.09284494e-082	1.01149391e-101	2.67966703e-121	4.90494038e-141	7.54722323e-161	1.03637906e-180	1.01397032e-200	7.38399589e-221	4.20261576e-241	1.85915318e-261	6.76744751e-282	1.00000000e-300	1.00000000e-300	1.00000000e-300	1.00000000e-300	1.00000000e-300	
4.3	4.52931295e-004	2.93499413e-001	7.05682843e-001	3.64812712e-004	3.96833592e-011	3.57282427e-030	2.88969934e-049	1.81764961e-068	7.17191290e-088	2.29714388e-107	5.07824445e-127	9.40990690e-147	1.51075794e-166	1.78690646e-186	1.56375817e-206	1.06945573e-226	5.64684372e-247	2.46964519e-267	9.05062919e-288	1.00000000e-300	1.00000000e-300	1.00000000e-300	1.00000000e-300	
4.4	1.31497970e-004	9.08189268e-002	9.02879236e-001	6.17018335e-003	1.56380288e-007	1.58987686e-026	1.51850703e-045	1.14864375e-064	5.46816979e-084	2.11608289e-103	5.62922744e-123	1.24441317e-142	2.33907854e-162	3.34483783e-182	3.51766049e-202	2.89067342e-222	1.82169991e-242	9.57277936e-263	4.20061405e-283	1.00000000e-300	1.00000000e-300	1.00000000e-300	1.00000000e-300	
4.5	5.98479680e-005	4.66843849e-002	9.03978199e-001	4.91779904e-002	9.95774877e-005	8.24385195e-024	8.05220936e-043	7.32351920e-062	4.20529383e-081	1.94302723e-100	6.01277186e-120	1.49582602e-139	3.29607779e-159	5.69831750e-179	7.20148306e-199	7.11117118e-219	5.34835378e-239	3.37691235e-259	1.76284838e-279	8.12747061e-300	1.00000000e-300	1.00000000e-300	1.00000000e-300	
4.6	2.80308426e-005	2.60154099e-002	7.33567268e-001	2.24983883e-001	1.54054081e-002	5.49667236e-013	3.51832066e-032	3.82988152e-051	2.63893166e-070	1.32716338e-089	4.07843452e-109	9.48274668e-129	2.45279395e-148	5.12664900e-168	7.78558043e-188	9.23830368e-208	8.29291174e-228	6.29108765e-248	3.81509257e-268	1.96704953e-288	1.00000000e-300	1.00000000e-300	1.00000000e-300	
4.7	5.83170164e-006	6.70304552e-003	2.64031988e-001	3.52037361e-001	3.77221771e-001	2.10945990e-009	6.12769761e-029	7.63053062e-048	6.00734579e-067	2.39126892e-086	5.31204221e-106	8.92105502e-126	2.71214393e-145	6.85334798e-165	1.25013188e-184	1.78238883e-204	1.90950455e-224	1.74050182e-244	1.16157356e-264	6.32148877e-285	1.00000000e-300	1.00000000e-300	1.00000000e-300	
4.8	3.50588564e-007	5.14424336e-004	2.86941730e-002	1.32755630e-001	8.38035167e-001	2.55465948e-007	3.44196316e-027	2.59094094e-036	1.87166145e-055	4.08990111e-075	5.32109639e-095	5.74595209e-115	2.05587037e-134	6.28053513e-154	1.37258455e-173	2.34975271e-193	3.00099965e-213	3.28398022e-233	2.23811097e-253	1.22589197e-273	1.17164481e-293	1.00000000e-300	1.00000000e-300	
4.9	3.12337345e-008	5.98585137e-005	4.83078188e-003	6.58235688e-002	9.29278520e-001	7.23974478e-006	4.19106929e-012	4.59111487e-019	2.29346942e-028	6.71869621e-040	5.22327311e-060	3.79819162e-080	1.60139625e-099	5.91292045e-119	1.53438874e-138	3.13703946e-158	4.73586875e-178	6.18889829e-198	4.06228966e-218	2.20417236e-238	2.45790153e-258	2.17551915e-278	1.56332218e-298	
5	4.11817052e-009	1.04739815e-005	1.24208294e-003	4.39323528e-002	9.54709286e-001	1.05798643e-004	1.62656698e-009	7.18821408e-015	3.58061032e-022	2.21595042e-031	7.66848005e-042	4.18493781e-062	2.08195503e-081	9.27580768e-101	2.79956771e-120	6.67819877e-140	1.14826575e-159	1.75064528e-179	1.08959064e-199	5.94397819e-220	7.74257938e-240	7.95939325e-260	6.60420947e-280	
5.1	6.35442093e-010	2.16754728e-006	3.81277274e-004	3.15745695e-002	9.67083144e-001	9.58623996e-004	2.17178957e-007	1.73606558e-011	3.23355661e-017	1.51247695e-024	7.71893630e-033	1.76706433e-043	1.03865534e-062	5.54926183e-082	1.88750402e-101	4.94305100e-121	8.81114260e-141	1.47419944e-160	8.89196836e-181	5.03394948e-201	7.66891041e-221	9.16391082e-241	8.78442372e-261	
5.2	1.04953900e-010	4.84451340e-007	1.26928227e-004	2.25965342e-002	9.71314779e-001	5.94881180e-003	1.24520793e-005	1.04613000e-008	3.65660876e-013	5.81670409e-019	1.69981421e-025	6.11943247e-034	1.98715590e-042	1.25388434e-061	4.65712502e-081	1.21872792e-100	1.97704225e-120	3.30145323e-140	2.00562130e-160	1.21996430e-180	2.17633134e-200	3.02553987e-220	3.35325332e-240	
5.3	1.80892406e-011	1.13844359e-007	4.44351486e-005	1.58318040e-002	9.56816454e-001	2.69465487e-002	3.58527939e-004	2.11598523e-006	8.24697230e-010	2.37955421e-014	1.88179153e-019	4.10777579e-026	1.45247676e-032	1.05542564e-051	4.20421302e-071	1.01528968e-090	1.37560079e-110	2.11575556e-130	1.34461745e-150	9.05527274e-171	1.89401229e-190	3.06603472e-210	3.93151940e-230	
5.4	3.11560439e-012	2.67800976e-008	1.55308659e-005	1.04415247e-002	8.92379149e-001	9.13181058e-002	5.67291722e-003	1.72246616e-004	4.98710765e-007	1.58742392e-010	1.87007792e-014	1.16086621e-019	1.81971169e-024	1.48076466e-043	6.33103023e-063	1.37723906e-082	1.55360421e-102	2.14790921e-122	1.46976133e-142	1.12109941e-162	2.75298827e-182	5.19412148e-202	7.71133138e-222	
5.5	4.85026363e-013	5.69240178e-009	4.88272153e-006	5.89637589e-003	7.17129380e-001	2.21057232e-001	4.97425187e-002	6.07464516e-003	9.47355775e-005	2.24156005e-007	2.43987345e-010	2.35597362e-014	8.02395029e-018	3.04891487e-029	1.41902396e-048	2.85443236e-068	2.82197959e-088	3.60074974e-108	2.70448381e-128	2.37798629e-148	6.86485650e-168	1.51098464e-187	2.59927515e-207	
5.6	5.32413292e-014	8.51710892e-010	1.07403730e-006	2.23537691e-003	3.88758599e-001	3.11996491e-001	2.07579154e-001	8.39457077e-002	5.41413852e-003	6.89842705e-005	4.72869897e-007	4.38511232e-010	1.83756455e-012	3.23663350e-021	2.81767713e-031	6.67311198e-043	6.20120062e-063	7.68864609e-083	6.43078462e-103	6.61596549e-123	2.24864574e-142	5.77968884e-162	1.15300912e-181	
5.7	2.80413566e-015	6.08491837e-011	1.11925205e-007	3.87616296e-004	9.67505413e-002	1.79802353e-001	3.00578335e-001	3.43754571e-001	7.46531193e-002	3.94609478e-003	1.26463442e-004	7.69083112e-007	2.47513374e-008	5.74199871e-015	1.09180134e-022	8.45641923e-032	1.98588488e-042	5.82045246e-054	5.50293321e-074	6.72212503e-094	2.69402253e-113	8.09453318e-133	1.87434196e-152	
5.8	6.97415787e-017	2.04891959e-012	5.44908732e-009	3.04677387e-005	1.09327033e-002	4.28539825e-002	1.58515045e-001	4.52081894e-001	2.79453035e-001	5.00458813e-002	5.87198925e-003	1.82804641e-004	3.21915425e-005	3.37476106e-010	4.68386491e-016	3.91046159e-023	1.58452876e-031	1.22659119e-040	8.50400978e-051	4.60611433e-062	8.53680184e-074	3.00168841e-093	8.07535017e-113	
5.9	1.03092538e-018	4.11134373e-014	1.56658633e-010	1.37711750e-006	7.10260420e-004	5.44679112e-003	4.03747480e-002	2.58903980e-001	3.99391599e-001	2.05840103e-001	7.42137106e-002	9.26502539e-003	5.85129870e-003	1.10593614e-006	4.50025037e-011	1.67487637e-016	4.42049980e-023	3.11436589e-030	2.87002317e-038	3.44653867e-047	1.84653645e-056	7.60736808e-076	2.38027787e-095	
6	7.32436101e-021	3.95783057e-016	2.13848056e-012	2.88695120e-008	2.13309378e-005	3.01181119e-004	4.14831112e-003	5.50139011e-002	1.90896997e-001	2.49692929e-001	2.39270261e-001	1.02780682e-001	1.57612098e-001	2.62133040e-004	1.46813593e-007	1.19192384e-011	9.39905201e-017	2.56694853e-022	1.23562386e-028	1.16630951e-035	5.95835063e-043	2.87968229e-062	1.04914103e-081	
6.1	1.70024488e-023	1.24476802e-018	9.46660077e-015	1.92318956e-010	2.02573998e-007	5.00783705e-006	1.20989236e-004	3.09872654e-003	2.22864896e-002	6.68271009e-002	1.53084575e-001	1.91061039e-001	5.58531103e-001	4.96373056e-003	2.10140378e-005	2.05084032e-008	2.56483547e-012	1.35327408e-016	1.61287212e-021	5.23046431e-027	1.05541089e-032	9.08609670e-059	8.07305712e-087	
6.2	3.03334500e-026	3.00579974e-021	3.19002155e-017	9.58090042e-013	1.43355355e-009	5.94688628e-008	2.40971035e-006	1.12643191e-004	1.57058795e-003	9.94194133e-003	4.97730049e-002	1.55915156e-001	7.56474826e-001	2.56775396e-002	5.28086836e-004	3.73946891e-006	4.39006087e-009	2.50825430e-012	4.04877961e-016	2.31354846e-020	9.15368971e-025	1.44684790e-045	4.78685899e-068	
6.3	7.30571098e-029	9.76984932e-024	1.43807091e-019	6.28768287e-015	1.33134782e-011	8.93987270e-010	5.85841082e-008	4.76753989e-006	1.21914182e-004	1.51958302e-003	1.53864807e-002	1.04822335e-001	7.90754373e-001	8.12707966e-002	5.91810952e-003	2.00147869e-004	1.42705591e-006	5.47076523e-009	7.32644627e-012	4.26781187e-015	1.89723519e-018	4.81700042e-035	4.48190474e-053	
6.4	2.36641672e-031	4.24651033e-026	8.62165139e-022	5.41602990e-017	1.61660836e-013	1.70369057e-011	1.75196218e-009	2.38335089e-007	1.06587355e-005	2.46200693e-004	4.71528374e-003	6.21376479e-002	7.03818252e-001	1.85785860e-001	3.86130184e-002	4.53262559e-003	1.37778347e-004	2.41679842e-006	1.80658429e-008	6.83788613e-011	2.19362272e-013	1.29184306e-026	4.34350439e-041	
6.5	8.67887638e-034	2.06751625e-028	5.75885426e-024	5.13619322e-019	2.15302863e-015	3.46729593e-013	5.45354829e-011	1.19699493e-008	8.98320411e-007	3.64828366e-005	1.24644290e-003	2.89331673e-002	4.82077694e-001	2.88970079e-001	1.46338012e-001	4.74107044e-002	4.69505909e-003	2.82675487e-004	8.62233950e-006	1.47321246e-007	2.39777440e-009	7.04141595e-020	1.67628994e-031	
6.6	2.63628994e-036	8.32205644e-031	3.16431001e-026	3.96644682e-021	2.32230909e-017	5.57868821e-015	1.31277998e-012	4.50744611e-010	5.47610426e-008	3.73625386e-006	2.16477981e-004	8.24399354e-003	1.99659816e-001	2.47604832e-001	2.72485829e-001	2.07120731e-001	5.45835786e-002	9.13210823e-003	8.93657779e-004	5.19442549e-005	3.23982415e-006	1.39896705e-014	6.45971267e-024	
6.7	5.16021411e-039	2.15488668e-033	1.11335812e-028	1.94281976e-023	1.57138770e-019	5.51554336e-017	1.90507309e-014	9.95908592e-012	1.89624266e-009	2.09049509e-007	1.96707643e-005	1.16647755e-003	4.07364629e-002	9.71928056e-002	2.12590035e-001	3.37182869e-001	2.04309959e-001	8.14822147e-002	2.12714164e-002	3.39885480e-003	6.49023143e-004	1.56127438e-010	4.99823341e-018	
6.8	5.99316919e-042	3.30485740e-036	2.30972963e-031	5.56387873e-026	6.18314138e-022	3.11936334e-019	1.55269328e-016	1.20760303e-013	3.50435329e-011	6.03719722e-009	8.87912006e-007	7.89557957e-005	3.95866431e-003	1.71411240e-002	6.95180898e-002	2.11182910e-001	2.63883180e-001	2.23558357e-001	1.35259206e-001	5.07327080e-002	2.46857587e-002	1.52807535e-007	1.49769845e-013	
6.9	3.70366200e-045	2.69161138e-039	2.53407948e-034	8.36757830e-029	1.26487657e-024	9.02249582e-022	6.38344344e-019	7.23276419e-016	3.12503837e-013	8.17602015e-011	1.82279847e-008	2.36281444e-006	1.69465014e-004	1.26862186e-003	9.02071589e-003	4.91261456e-002	1.16509276e-001	1.92212770e-001	2.41893532e-001	1.89273000e-001	2.00506863e-001	1.72291682e-005	2.69998059e-010	
7	1.46933282e-048	1.39736415e-042	1.76516779e-037	7.93341126e-032	1.61759675e-027	1.61223159e-024	1.60038785e-021	2.59374400e-018	1.63511282e-015	6.33226125e-013	2.08749870e-010	3.86271626e-008	3.94829722e-006	4.90931753e-005	5.84237221e-004	5.40924956e-003	2.28325005e-002	6.85147271e-002	1.64705384e-001	2.45860508e-001	4.91683228e-001	3.57031180e-004	5.33754399e-008	
7.1	6.20901033e-052	7.71864482e-046	1.30346151e-040	7.90770513e-035	2.16751231e-030	2.98148622e-027	4.10587723e-024	9.38415469e-021	8.46878338e-018	4.76268570e-015	2.27303406e-012	5.91816024e-010	8.58716933e-008	1.71362261e-006	3.28221980e-005	4.94371140e-004	3.52618163e-003	1.82129101e-002	7.80908996e-002	2.07464972e-001	6.89337233e-001	2.83612679e-003	2.68293779e-006	
7.2	3.57225352e-055	5.79709915e-049	1.30395168e-043	1.06251892e-037	3.89624503e-033	7.34345922e-030	1.38927758e-026	4.40911298e-023	5.62296834e-020	4.51083271e-017	3.06144363e-014	1.10889127e-011	2.27519136e-009	7.07185675e-008	2.11018829e-006	4.98661209e-005	5.75898183e-004	4.89124166e-003	3.53518876e-002	1.58122367e-001	7.87611620e-001	1.33372246e-002	5.77118792e-005	
7.3	2.86566777e-058	6.06434634e-052	1.80745947e-046	1.96886578e-040	9.57279293e-036	2.44202343e-032	6.30306692e-029	2.74898376e-025	4.88120035e-022	5.50769771e-019	5.24300791e-016	2.61628238e-013	7.55401062e-011	3.56192821e-009	1.61114745e-007	5.79816465e-006	1.04643516e-004	1.40688548e-003	1.63610180e-002	1.17696372e-001	8.19414918e-001	4.43334438e-002	6.76756319e-004	
7.4	2.98618572e-061	8.23039879e-055	3.24045898e-049	4.69782635e-043	3.02153016e-038	1.03733113e-034	3.61350402e-031	2.14265626e-027	5.24829497e-024	8.22315847e-021	1.08340294e-017	7.39466310e-015	2.98878899e-012	2.08915255e-010	1.39894632e-008	7.47689427e-007	2.04691328e-005	4.21831406e-004	7.59121142e-003	8.44903708e-002	7.90165175e-001	1.12380579e-001	4.92960080e-003	
7.5	3.73187571e-064	1.33814825e-057	6.93899678e-052	1.33319428e-045	1.13163603e-040	5.20421491e-037	2.43545582e-033	1.94183033e-029	6.49370102e-026	1.39956700e-022	2.52530852e-019	2.34147256e-016	1.31667213e-013	1.33540994e-011	1.29682541e-009	1.00707140e-007	4.07532881e-006	1.25252122e-004	3.37386305e-003	5.61820839e-002	6.93305669e-001	2.23141672e-001	2.38672825e-002	
7.6	5.27506883e-067	2.45820578e-060	1.67405473e-054	4.22100713e-048	4.71764680e-043	2.87712229e-039	1.80112220e-035	1.91840930e-031	8.68094634e-028	2.54369672e-024	6.22094719e-021	7.78546410e-018	6.05554247e-015	8.74229932e-013	1.20932831e-010	1.33869357e-008	7.82036438e-007	3.49881513e-005	1.37032061e-003	3.31437294e-002	5.36833733e-001	3.48789705e-001	7.98267289e-002	
7.7	8.00371400e-070	4.84242056e-063	4.31844239e-057	1.42376873e-050	2.09022667e-045	1.67835680e-041	1.39006594e-037	1.96389046e-033	1.19449635e-029	4.72342108e-026	1.55090204e-022	2.60294895e-019	2.78353059e-016	5.63597043e-014	1.09276707e-011	1.69236558e-009	1.39836889e-007	8.91411135e-006	4.94518545e-004	1.69119022e-002	3.59704727e-001	4.32150540e-001	1.90729257e-001	
7.8	1.31491185e-072	1.03175673e-065	1.20147808e-059	5.16124882e-053	9.80132695e-048	1.03292348e-043	1.12632065e-039	2.08170638e-035	1.68839726e-031	8.94758487e-028	3.91149922e-024	8.74896660e-021	1.27700157e-017	3.56733992e-015	9.54705342e-013	2.03734973e-010	2.33880387e-008	2.08228496e-006	1.59740318e-004	7.54121423e-003	2.11121880e-001	4.38068217e-001	3.43106842e-001	
7.9	2.34657530e-075	2.38565372e-068	3.61724787e-062	2.01764610e-055	4.94909355e-050	6.82401377e-046	9.76698692e-042	2.34878795e-037	2.51465688e-033	1.76744498e-029	1.01961740e-025	3.02004433e-022	5.99039721e-019	2.28333035e-016	8.33704991e-014	2.41626257e-011	3.78224252e-009	4.61944176e-007	4.79940244e-005	3.06010946e-003	1.13098710e-001	3.84103758e-001	4.99688962e-001	
8	4.71466363e-078	6.20445802e-071	1.22135116e-064	8.81362383e-058	2.78800440e-052	5.01405857e-048	9.39151795e-044	2.92338297e-039	4.10889677e-035	3.80245379e-031	2.86588707e-027	1.11605866e-023	2.99565440e-020	1.53760711e-017	7.55512395e-015	2.93441302e-012	6.17734718e-010	1.01918924e-007	1.40540955e-005	1.18542242e-003	5.79292724e-002	3.08508520e-001	6.32362629e-001	
