4	2.01718231e-003	9.97636046e-001	3.46771888e-004	3.27143290e-023	6.13777280e-042	5.33719374e-061	1.68365733e-080	4.50175757e-100	9.68119907e-120	1.41745228e-139	1.69349137e-159	1.49866493e-179	1.11012217e-199	9.29361383e-220	4.62368847e-240	1.79910057e-260	5.63981371e-281	1.00000000e-300	1.00000000e-300	1.00000000e-300	1.00000000e-300	1.00000000e-300	1.00000000e-300	1.00000000e-300	
4.1	4.16156556e-004	9.84445689e-001	1.51381540e-002	1.72888922e-021	3.90788910e-040	4.07985499e-059	1.53597432e-078	4.95124209e-098	1.28190816e-117	2.26693811e-137	3.27729556e-157	3.50861879e-177	3.14054672e-197	3.06245414e-217	1.84363021e-237	8.63243998e-258	3.25494513e-278	9.86825471e-299	1.00000000e-300	1.00000000e-300	1.00000000e-300	1.00000000e-300	1.00000000e-300	1.00000000e-300	
4.2	2.15917348e-004	7.63115843e-001	2.36668086e-001	1.53699781e-007	4.18549593e-026	5.24623147e-045	2.35711527e-064	9.16024900e-084	2.85535021e-103	6.09869969e-123	1.06687770e-142	1.38176905e-162	1.49449912e-182	1.70003312e-202	1.23836912e-222	6.97790678e-243	3.16472710e-263	1.14905493e-283	1.00000000e-300	1.00000000e-300	1.00000000e-300	1.00000000e-300	1.00000000e-300	1.00000000e-300	
4.3	8.79243696e-005	2.79544486e-001	7.20313100e-001	5.44899255e-005	1.78766856e-023	2.69024614e-042	1.44256858e-061	6.75866089e-081	2.53636840e-100	6.54327169e-120	1.38505391e-139	2.17011455e-159	2.83537969e-179	3.76764602e-199	3.32097490e-219	2.25181373e-239	1.22841838e-259	5.34141395e-280	1.95006168e-300	1.00000000e-300	1.00000000e-300	1.00000000e-300	1.00000000e-300	1.00000000e-300	
4.4	3.70235499e-005	1.06713966e-001	8.90146653e-001	3.10235776e-003	1.22622836e-021	2.21548812e-040	1.41782166e-059	8.00848201e-079	3.61818108e-098	1.12733481e-117	2.88660525e-137	5.47005978e-157	8.59761373e-177	1.33640279e-196	1.42542029e-216	1.16303875e-236	7.63148785e-257	3.97390536e-277	1.74424148e-297	1.00000000e-300	1.00000000e-300	1.00000000e-300	1.00000000e-300	1.00000000e-300	
4.5	1.88419088e-005	5.39935732e-002	8.86183109e-001	5.97276987e-002	7.67777227e-005	1.66524363e-023	1.27176083e-042	8.66027121e-062	4.71025302e-081	1.77043902e-100	5.45220197e-120	1.24490866e-139	2.28256080e-159	4.15585318e-179	5.36370618e-199	5.26679711e-219	4.15690380e-239	2.59223235e-259	1.36793264e-279	6.18246695e-300	1.00000000e-300	1.00000000e-300	1.00000000e-300	1.00000000e-300	
4.6	7.42134791e-006	2.30087552e-002	6.35875031e-001	3.23187489e-001	1.79211219e-002	1.82205512e-007	1.66003564e-026	1.36180118e-045	8.90357097e-065	3.97658373e-084	1.39853124e-103	3.74008836e-123	7.09008049e-143	1.51406861e-162	2.36454993e-182	2.79388646e-202	2.65225599e-222	1.98062579e-242	1.25658279e-262	6.80484559e-283	1.00000000e-300	1.00000000e-300	1.00000000e-300	1.00000000e-300	
4.7	1.27637894e-006	4.57702700e-003	2.03304015e-001	3.76247805e-001	4.15595130e-001	2.74747221e-004	2.96124445e-023	2.89042894e-042	2.23130225e-061	1.07486018e-080	3.45725373e-100	9.65416695e-120	1.50402202e-139	3.77212585e-159	7.12838191e-179	1.01330271e-198	1.15701562e-218	1.03471259e-238	7.89194258e-259	5.08337687e-279	2.38689809e-299	1.00000000e-300	1.00000000e-300	1.00000000e-300	
4.8	6.18949646e-008	2.70344998e-004	1.89496105e-002	9.09489654e-002	8.76639616e-001	1.31914011e-002	2.82072442e-010	2.95878115e-029	2.41868810e-048	9.44984607e-068	1.92653484e-087	4.47666979e-107	4.81155395e-127	1.41908628e-146	3.24481246e-166	5.54053182e-186	7.60665013e-206	8.14189854e-226	7.46073356e-246	5.56314485e-266	2.65607298e-286	1.00000000e-300	1.00000000e-300	1.00000000e-300	
4.9	4.43234279e-009	2.45044260e-005	2.69770438e-003	2.90921262e-002	8.70034493e-001	9.81509313e-002	2.36235048e-007	1.17713927e-014	6.65804979e-024	1.55689227e-043	1.70916146e-063	2.75502347e-083	2.01892384e-103	7.01136948e-123	1.93903855e-142	3.95246244e-162	6.50525435e-182	8.29244130e-202	9.08253064e-222	7.37637508e-242	3.53105557e-262	3.51383776e-282	1.00000000e-300	1.00000000e-300	
5	5.03257248e-010	3.62003444e-006	6.23205286e-004	1.38678223e-002	6.96061427e-001	2.89424882e-001	1.90437327e-005	4.97141245e-011	3.41572724e-018	1.06114660e-027	6.73786653e-048	7.39303751e-068	4.01620899e-088	1.64450454e-107	5.48955016e-127	1.31489381e-146	2.55666694e-166	3.78614027e-186	4.85091643e-206	3.95186675e-226	1.92304951e-246	2.23444124e-266	2.06491197e-286	1.00000000e-300	
5.1	5.86168309e-011	5.59333740e-007	1.50150288e-004	6.50356229e-003	4.67205372e-001	5.25752490e-001	3.87846272e-004	1.98696486e-008	5.46802064e-014	1.61743282e-021	1.48560035e-030	2.82947434e-040	1.26757205e-060	6.12768082e-080	2.45303475e-099	6.72193230e-119	1.47838750e-138	2.36568496e-158	3.35315582e-178	2.57756616e-198	1.31294120e-218	1.78345133e-238	1.91513609e-258	1.65841365e-278	
5.2	6.70705135e-012	8.60255311e-008	3.58904036e-005	2.86296414e-003	2.82640993e-001	7.10914891e-001	3.54322927e-003	1.94655701e-006	1.02266559e-010	1.19658026e-016	7.58817449e-024	1.67106279e-031	1.82242569e-041	1.32059984e-051	6.25461702e-071	1.90231364e-090	4.37514637e-110	6.71075889e-130	9.65007534e-150	6.91414727e-170	3.80714017e-190	6.05316825e-210	7.55975104e-230	7.56671241e-250	
5.3	7.53497990e-013	1.30932078e-008	8.44473166e-006	1.19057196e-003	1.60336287e-001	8.18708009e-001	1.96809465e-002	7.56835084e-005	4.43644578e-008	1.03884298e-012	2.09310488e-018	2.16563323e-024	2.70456434e-032	4.22098685e-040	2.31935098e-059	7.66600887e-079	1.69838688e-098	2.25513448e-118	3.05172670e-138	2.09553437e-158	1.28190761e-178	2.38863289e-198	3.47245578e-218	4.02020930e-238	
5.4	8.41465881e-014	1.98962753e-009	1.96922437e-006	4.72838918e-004	8.72437196e-002	8.35281318e-001	7.55255636e-002	1.46821661e-003	6.37055471e-006	1.74813775e-009	6.06165704e-014	1.44571583e-018	8.52145272e-025	1.01661355e-030	6.35780830e-050	2.27389424e-069	4.65723347e-089	5.20949169e-109	6.46796331e-129	4.46035674e-149	3.09381753e-169	6.76510438e-189	1.14585101e-208	1.53556105e-228	
5.5	8.88193663e-015	2.86443489e-010	4.30876499e-007	1.70618453e-004	4.32245996e-002	7.33322605e-001	2.07098129e-001	1.58142937e-002	3.68546062e-004	7.77504838e-007	2.85546694e-010	8.89953266e-014	1.22326636e-018	4.90611485e-023	3.44821117e-042	1.34911818e-061	2.57873766e-081	2.51903650e-101	2.93385414e-121	2.13495425e-141	1.70496267e-161	4.38091029e-181	8.65330811e-201	1.34332678e-220	
5.6	7.90039435e-016	3.47792455e-011	7.86321762e-008	4.99372526e-005	1.74344254e-002	5.01031345e-001	3.79221326e-001	9.31409570e-002	9.01689740e-003	1.04755238e-004	2.77345055e-007	7.16370741e-010	1.30851651e-013	9.19847361e-017	4.41844716e-027	9.72096880e-039	1.80660288e-058	1.64251558e-078	1.88109484e-098	1.50752912e-118	1.40457386e-138	4.24701819e-158	9.79252523e-178	1.76241838e-197	
5.7	4.90474138e-017	2.94740069e-012	9.89838342e-009	9.83718362e-006	4.75027610e-003	2.23760240e-001	4.04564350e-001	2.72792889e-001	8.96802178e-002	4.38041858e-003	6.08540000e-005	9.05632796e-007	1.40180132e-009	1.02895411e-011	1.28928246e-019	1.24097152e-028	4.75875822e-039	4.30929840e-059	5.12066829e-079	4.66235845e-099	5.13577411e-119	1.83015256e-138	4.93103208e-158	1.02978700e-177	
5.8	1.74205556e-018	1.42845301e-013	7.04262354e-010	1.07287303e-006	7.18854155e-004	5.40428736e-002	2.12046203e-001	3.46753617e-001	3.28322598e-001	5.47996065e-002	3.11211140e-003	2.01067862e-004	1.89919075e-006	9.58349894e-008	9.60135437e-014	1.19226411e-020	8.58265811e-029	2.73675147e-038	1.50635798e-048	7.07568848e-060	9.34503735e-080	3.93094576e-099	1.23895164e-118	3.00512186e-138	
5.9	3.41973061e-020	3.82635461e-015	2.73713748e-011	6.27723748e-008	5.84881058e-005	6.86864153e-003	5.41756510e-002	1.94674834e-001	4.65953647e-001	2.25090211e-001	4.30475962e-002	9.58036011e-003	4.33285261e-004	1.17220149e-004	3.44440016e-009	1.99521163e-014	9.95236535e-021	3.27702821e-028	2.69051120e-036	2.78148023e-045	3.17565056e-055	1.51926117e-065	5.60778523e-085	1.58139512e-104	
6	3.68279185e-022	5.61204989e-017	5.76510163e-013	1.95887442e-009	2.53950287e-006	4.57673237e-004	6.81479071e-003	4.96350937e-002	2.69871007e-001	3.31660657e-001	1.82888138e-001	1.19018802e-001	2.07419977e-002	1.89020811e-002	7.21577237e-006	8.32219854e-010	1.29190793e-014	1.83673120e-020	8.69882789e-027	6.93479452e-034	9.43267482e-042	6.63854916e-050	2.87333326e-069	9.43096878e-089	
6.1	1.24702369e-024	2.58873551e-019	3.78309069e-015	1.87802176e-011	3.38573869e-008	9.22089841e-006	2.46113528e-004	3.40400967e-003	3.85599726e-002	1.08834592e-001	1.53676354e-001	2.53208901e-001	1.44129965e-001	2.97126224e-001	8.03680451e-004	9.32672280e-007	2.32985919e-010	7.07374251e-015	8.97187562e-020	2.39736582e-025	1.55859630e-031	6.11548244e-038	1.52546742e-066	5.83464304e-086	
6.2	1.51961552e-027	4.29193516e-022	8.84703583e-018	6.33328632e-014	1.58531063e-010	6.43335494e-008	2.94677329e-006	7.33974692e-005	1.61448755e-003	9.64435791e-003	3.15508476e-002	1.16672989e-001	1.82118770e-001	6.50099674e-001	8.16516494e-003	5.71682734e-005	1.31692203e-007	4.78413346e-011	8.62876940e-015	3.98256338e-019	5.93730391e-024	6.00692219e-029	8.61680157e-052	2.29200692e-076	
6.3	2.06697207e-030	7.91699974e-025	2.28419701e-020	2.33218130e-016	8.08582825e-013	4.82506270e-010	3.65446275e-008	1.56838280e-006	6.32115353e-005	7.46150123e-004	5.20304327e-003	3.87193037e-002	1.41716268e-001	7.78643223e-001	3.39026777e-002	9.91238621e-004	1.32424750e-005	3.55820274e-008	5.38168591e-011	2.52331685e-014	4.74085336e-018	6.70148384e-022	3.82475046e-040	7.28110741e-060	
6.4	4.20216686e-033	2.17701414e-027	8.72897653e-023	1.25843000e-018	6.02914785e-015	5.22200748e-012	6.33218727e-010	4.50733044e-008	3.17079953e-006	6.97431192e-005	9.64821953e-004	1.30769109e-002	9.76006756e-002	7.82313859e-001	9.64152672e-002	9.06340574e-003	4.85539593e-004	6.50694140e-006	5.35998505e-008	1.66625656e-010	2.41534983e-013	2.93042763e-016	7.97389648e-031	1.15196890e-046	
6.5	1.16715358e-035	8.16083228e-030	4.51867874e-025	9.11471109e-021	6.01298492e-017	7.46672141e-014	1.40921467e-011	1.60974460e-009	1.89560998e-007	7.38386949e-006	1.90325677e-004	4.32609824e-003	5.85912113e-002	6.74184659e-001	2.02944033e-001	5.09323898e-002	8.39720295e-003	4.13064711e-004	1.32454679e-005	1.93276668e-007	1.45308842e-009	1.02690661e-011	2.46969377e-023	4.55469068e-036	
6.6	3.54866290e-038	3.33816301e-032	2.53683686e-027	7.10180046e-023	6.42805556e-019	1.13197666e-015	3.24413474e-013	5.77770449e-011	1.09841507e-008	7.24718362e-007	3.29222745e-005	1.17739333e-003	2.65541029e-002	4.35935575e-001	2.87439828e-001	1.67624945e-001	7.01361519e-002	1.00638062e-002	9.81682237e-004	5.13464039e-005	1.46671646e-006	4.43467770e-008	2.47108239e-017	1.41179194e-027	
6.7	8.43984195e-041	1.06483472e-034	1.10443601e-029	4.25940179e-025	5.26928694e-021	1.29964722e-017	5.52564727e-015	1.49591906e-012	4.44641086e-010	4.78052075e-008	3.65022499e-006	1.96027115e-004	6.92873452e-003	1.61943900e-001	2.14715166e-001	2.62080286e-001	2.43260218e-001	8.60254988e-002	2.13098481e-002	3.23176971e-003	2.76852838e-004	2.79995793e-005	1.24769744e-012	7.17000255e-021	
6.8	1.20047392e-043	2.02564144e-037	2.84884690e-032	1.50191672e-027	2.52982882e-023	8.66699740e-020	5.36289810e-017	2.15869324e-014	9.75631069e-012	1.65305887e-009	2.03741680e-007	1.58993575e-005	8.44090247e-004	2.80698799e-002	7.00120425e-002	1.65011288e-001	3.07344199e-001	2.36257640e-001	1.30299421e-001	4.87465457e-002	1.04894456e-002	2.90933926e-003	4.44898353e-009	1.05204416e-015	
6.9	9.34981197e-047	2.10257718e-040	3.98999595e-035	2.85856691e-030	6.53009866e-026	3.07303723e-022	2.72392889e-019	1.59652686e-016	1.07142176e-013	2.77404560e-011	5.33227315e-009	5.91079602e-007	4.57500120e-005	2.16332780e-003	9.61542333e-003	4.10438601e-002	1.42099552e-001	2.16230237e-001	2.40536203e-001	1.95861209e-001	9.26732954e-002	5.97289486e-002	1.59634185e-006	7.63461136e-012	
7	3.93734526e-050	1.16816246e-043	2.97832440e-038	2.88356618e-033	8.89503467e-029	5.71689061e-025	7.13897356e-022	5.99475245e-019	5.84951193e-016	2.25785365e-013	6.57761894e-011	1.01722895e-008	1.12406694e-006	7.54678878e-005	5.71423656e-004	4.18996052e-003	2.53967739e-002	7.11413792e-002	1.47886420e-001	2.37830129e-001	2.23538094e-001	2.89290543e-001	7.86706364e-005	4.32685283e-009	
7.1	1.29733450e-053	5.06902351e-047	1.72900777e-041	2.24413153e-036	9.31602469e-032	8.09659606e-028	1.40867515e-024	1.66931195e-021	2.32289082e-018	1.30982351e-015	5.63252721e-013	1.20217536e-010	1.86641550e-008	1.77530976e-006	2.20401031e-005	2.65706948e-004	2.68493691e-003	1.30657276e-002	4.77509760e-002	1.40522531e-001	2.42412939e-001	5.52284443e-001	9.88505442e-004	3.99085809e-007	
7.2	5.09216208e-057	2.61602379e-050	1.18911194e-044	2.05871173e-039	1.14633443e-034	1.33900375e-030	3.20325227e-027	5.28827443e-024	1.03465670e-020	8.34920285e-018	5.19383873e-015	1.51840907e-012	3.27381927e-010	4.39940323e-008	8.66616403e-007	1.65634939e-005	2.67924204e-004	2.15963343e-003	1.32028028e-002	6.68339812e-002	1.98659283e-001	7.12915267e-001	5.93131379e-003	1.23201208e-005	
7.3	2.73474582e-060	1.84418758e-053	1.11066752e-047	2.55317687e-042	1.89632899e-037	2.96470158e-033	9.68029378e-030	2.20124308e-026	5.95675862e-023	6.78696734e-020	6.00331807e-017	2.38646344e-014	7.08834418e-012	1.34061169e-009	4.06769356e-008	1.19552083e-006	2.99300246e-005	3.84059505e-004	3.76894864e-003	3.11936720e-002	1.51702803e-001	7.89599454e-001	2.31336479e-002	1.86246994e-004	
7.4	1.97945461e-063	1.74948470e-056	1.39017701e-050	4.22431463e-045	4.17181786e-040	8.66348134e-036	3.81518633e-032	1.18516007e-028	4.38961578e-025	6.95773511e-022	8.61556872e-019	4.63719209e-016	1.88351545e-013	4.99160059e-011	2.27337966e-009	1.00145297e-007	3.77249415e-006	7.45724984e-005	1.13477410e-003	1.47221748e-002	1.12123630e-001	8.03453700e-001	6.68220918e-002	1.66518282e-003	
7.5	1.81370901e-066	2.09775857e-059	2.19216924e-053	8.76604565e-048	1.14789296e-042	3.14064986e-038	1.85240898e-034	7.76701295e-031	3.89080804e-027	8.49537926e-024	1.45413706e-020	1.05433041e-017	5.82180890e-015	2.15107863e-012	1.43765440e-010	9.28462674e-009	5.13730926e-007	1.52097925e-005	3.48477321e-004	6.83988612e-003	7.85575544e-002	7.53855728e-001	1.50668170e-001	9.71445079e-003	
7.6	1.95404150e-069	2.95330202e-062	4.04546174e-056	2.11302501e-050	3.65895493e-045	1.31487286e-040	1.03314470e-036	5.81386889e-033	3.89596851e-029	1.15828308e-025	2.71042475e-022	2.63724261e-019	1.96828992e-016	1.00740187e-013	9.69008270e-012	8.99494988e-010	7.15334276e-008	3.09517631e-006	1.04085423e-004	2.99713986e-003	5.02182842e-002	6.37907019e-001	2.69736205e-001	3.90340990e-002	
7.7	2.34250394e-072	4.62019031e-065	8.26895379e-059	5.61077669e-053	1.28132268e-047	6.02893825e-043	6.24890097e-039	4.69394617e-035	4.17679227e-031	1.67595828e-027	5.30024021e-024	6.88591634e-021	6.90694739e-018	4.87213373e-015	6.61764015e-013	8.67087627e-011	9.72538128e-009	6.01802762e-007	2.90107464e-005	1.19246340e-003	2.83010581e-002	4.74313900e-001	3.84665151e-001	1.11497805e-001	
7.8	3.05118041e-075	7.84296884e-068	1.82799591e-061	1.60448077e-055	4.80748648e-050	2.95266897e-045	4.00037097e-041	3.96351863e-037	4.64232415e-033	2.49542565e-029	1.05761648e-025	1.82645425e-022	2.44817455e-019	2.36361639e-016	4.45964663e-014	8.12648709e-012	1.26426808e-009	1.09551057e-007	7.41408341e-006	4.24569676e-004	1.38988273e-002	3.07503928e-001	4.43159138e-001	2.35006013e-001	
7.9	4.32852107e-078	1.44813888e-070	4.38108418e-064	4.95226277e-058	1.93990676e-052	1.54681407e-047	2.72734605e-043	3.54295269e-039	5.38819425e-035	3.84310987e-031	2.16543755e-027	4.94943365e-024	8.81315673e-021	1.15790449e-017	2.99756814e-015	7.48561371e-013	1.58819594e-010	1.89384167e-008	1.76730884e-006	1.37955875e-004	6.07808602e-003	1.77814900e-001	4.28877574e-001	3.87089698e-001	
8	6.91345640e-081	3.00672207e-073	1.17664695e-066	1.70499469e-060	8.71046229e-055	8.92392584e-050	2.03870105e-045	3.45773539e-041	6.78516735e-037	6.36002334e-033	4.70587983e-029	1.41499505e-025	3.32710654e-022	5.92457849e-019	2.07296749e-016	7.00881626e-014	2.00278580e-011	3.23399745e-009	4.08641122e-007	4.25705226e-005	2.46994924e-003	9.56351517e-002	3.68046741e-001	5.33805175e-001	
