4.00012  9.12838637e-01  8.71613632e-02  8.23045820e-11  2.94465225e-32  0.00000000e+00  0.00000000e+00  0.00000000e+00  
4.10012  3.52248023e-01  6.47751704e-01  2.72771231e-07  1.03559171e-23  1.79319931e-47  0.00000000e+00  0.00000000e+00  
4.20012  5.50772943e-02  9.44871168e-01  5.15374109e-05  1.61857414e-17  7.42766994e-36  0.00000000e+00  0.00000000e+00  
4.30012  1.29227236e-02  9.84836317e-01  2.24095974e-03  7.53258524e-13  7.42256578e-27  0.00000000e+00  0.00000000e+00  
4.40012  4.88234698e-03  9.63737239e-01  3.13804119e-02  2.47901206e-09  7.12817971e-20  0.00000000e+00  0.00000000e+00  
4.50012  2.08459094e-03  8.18391001e-01  1.79523309e-01  1.09928637e-06  1.89025696e-14  0.00000000e+00  0.00000000e+00  
4.60012  7.23487515e-04  5.05511501e-01  4.93663526e-01  1.01484810e-04  2.96347345e-10  0.00000000e+00  0.00000000e+00  
4.70012  1.91565210e-04  2.26645260e-01  7.70382912e-01  2.77975577e-03  5.07196959e-07  2.84706014e-45  0.00000000e+00  
4.80012  4.52811376e-05  8.84702652e-02  8.78005687e-01  3.33071390e-02  1.71627679e-04  1.60830099e-34  0.00000000e+00  
4.90012  9.43748803e-06  2.99927587e-02  7.55294659e-01  1.99272062e-01  1.54310832e-02  5.20111449e-26  0.00000000e+00  
5.00012  1.05967768e-06  5.41581459e-03  3.08144051e-01  4.02618557e-01  2.83820518e-01  1.63287819e-19  1.85188404e-43  
5.10012  3.90433435e-08  3.17517014e-04  3.71173534e-02  1.81320539e-01  7.81244552e-01  6.81674427e-15  1.20394598e-33  
5.20012  1.19304952e-09  1.52689253e-05  3.39819636e-03  4.93717442e-02  9.47214789e-01  1.83285653e-11  4.55426681e-26  
5.30012  5.17165050e-11  1.02934075e-06  4.10798801e-04  1.48309567e-02  9.84757206e-01  9.17738957e-09  4.75268649e-20  
5.40012  3.23895698e-12  9.89840411e-08  6.75950946e-05  5.29267443e-03  9.94638304e-01  1.32744086e-06  3.14372957e-15  
5.50012  2.77043403e-13  1.28256036e-08  1.44426808e-05  2.21777668e-03  9.97695039e-01  7.27290329e-05  2.36100992e-11  
5.60012  3.18548990e-14  2.20316099e-09  3.97069229e-06  1.11028950e-03  9.97048380e-01  1.83732605e-03  3.13968611e-08  
5.70012  5.29607754e-15  5.39652676e-10  1.51853335e-06  7.31567385e-04  9.75268810e-01  2.39880163e-02  1.00875183e-05  
5.80012  1.23161531e-15  1.82395902e-10  7.84539975e-07  6.24230633e-04  8.44238352e-01  1.54264174e-01  8.72459101e-04  
5.90012  2.86484068e-16  6.08696037e-11  3.92916688e-07  4.99517231e-04  5.53083209e-01  4.26354130e-01  2.00627506e-02  
6.00012  5.42179647e-17  1.63291362e-11  1.55626378e-07  3.07810344e-04  2.75945433e-01  5.71101381e-01  1.52645220e-01  
6.10012  7.27396070e-18  3.07114945e-12  4.25942475e-08  1.28239244e-04  9.99403694e-02  4.24376132e-01  4.75555217e-01  
6.20012  7.04288801e-19  4.12744013e-13  8.22300932e-09  3.70024757e-05  2.72860570e-02  2.07396194e-01  7.65280738e-01  
6.30012  6.24326691e-20  5.03328940e-14  1.42394070e-09  9.42891894e-06  7.10283788e-03  9.00662129e-02  9.02821519e-01  
6.40012  5.84641523e-21  6.43309044e-15  2.55799480e-10  2.45917626e-06  2.01678525e-03  4.09637453e-02  9.57017010e-01  
6.50012  5.99185137e-22  8.93636774e-16  4.94904077e-11  6.82701775e-07  6.41373529e-04  2.03166001e-02  9.79041344e-01  
6.60012  6.71399999e-23  1.34884280e-16  1.03198013e-11  2.02158188e-07  2.26407775e-04  1.09668357e-02  9.88806554e-01  
6.70012  8.14551174e-24  2.19249380e-17  2.30090334e-12  6.34144710e-08  8.73008303e-05  6.36573234e-03  9.93546903e-01  
6.80012  1.05946584e-24  3.80239261e-18  5.43859798e-13  2.09144745e-08  3.62223779e-05  3.92334914e-03  9.96040408e-01  
6.90012  1.46392611e-25  6.97588252e-19  1.35210107e-13  7.20044203e-09  1.59624356e-05  2.53857009e-03  9.97445460e-01  
7.00012  2.13257457e-26  1.34407724e-19  3.51240208e-14  2.57284857e-09  7.39357062e-06  1.70833967e-03  9.98284264e-01  
7.10012  3.25351524e-27  2.70285561e-20  9.47966184e-15  9.49254896e-10  3.56839437e-06  1.18651394e-03  9.98809917e-01  
7.20012  5.16989772e-28  5.64393432e-21  2.64583009e-15  3.60165369e-10  1.78222262e-06  8.45321571e-04  9.99152896e-01  
7.30012  8.51554754e-29  1.21823922e-21  7.60505883e-16  1.40017583e-10  9.15867352e-07  6.14656640e-04  9.99384427e-01  
7.40012  1.44824628e-29  2.70814818e-22  2.24368778e-16  5.56125006e-11  4.82105874e-07  4.54351978e-04  9.99545166e-01  
7.50012  2.53420682e-30  6.18005094e-23  6.77426302e-17  2.25093034e-11  2.58971549e-07  3.40339264e-04  9.99659402e-01  
7.60012  4.54807922e-31  1.44340439e-23  2.08755545e-17  9.26334888e-12  1.41510290e-07  2.57666537e-04  9.99742192e-01  
7.70012  8.35092348e-32  3.44234587e-24  6.55185842e-18  3.86896236e-12  7.84665403e-08  1.96763484e-04  9.99803158e-01  
7.80012  1.56503576e-32  8.36419723e-25  2.09018278e-18  1.63732263e-12  4.40569334e-08  1.51305343e-04  9.99848651e-01  
7.90012  2.98764623e-33  2.06685101e-25  6.76673503e-19  7.01114858e-13  2.50057089e-08  1.17006280e-04  9.99882969e-01  
8.00012  5.79963305e-34  5.18561794e-26  2.21978297e-19  3.03389479e-13  1.43255240e-08  9.08972022e-05  9.99909088e-01   