4.00012  4.17934974e-02  9.58139437e-01  6.70654304e-05  1.03886405e-16  1.55868629e-41  0.00000000e+00  0.00000000e+00  0.00000000e+00  0.00000000e+00  0.00000000e+00  0.00000000e+00  0.00000000e+00  0.00000000e+00  0.00000000e+00  0.00000000e+00  0.00000000e+00  0.00000000e+00  0.00000000e+00  0.00000000e+00  0.00000000e+00  0.00000000e+00  0.00000000e+00  0.00000000e+00  0.00000000e+00  0.00000000e+00  0.00000000e+00  0.00000000e+00  
4.10012  7.77693180e-03  9.87639135e-01  4.58393331e-03  1.27661014e-11  1.20212129e-30  0.00000000e+00  0.00000000e+00  0.00000000e+00  0.00000000e+00  0.00000000e+00  0.00000000e+00  0.00000000e+00  0.00000000e+00  0.00000000e+00  0.00000000e+00  0.00000000e+00  0.00000000e+00  0.00000000e+00  0.00000000e+00  0.00000000e+00  0.00000000e+00  0.00000000e+00  0.00000000e+00  0.00000000e+00  0.00000000e+00  0.00000000e+00  0.00000000e+00  
4.20012  2.26284082e-03  8.80083754e-01  1.17653271e-01  1.34441703e-07  5.41245133e-22  2.89710346e-43  0.00000000e+00  0.00000000e+00  0.00000000e+00  0.00000000e+00  0.00000000e+00  0.00000000e+00  0.00000000e+00  0.00000000e+00  0.00000000e+00  0.00000000e+00  0.00000000e+00  0.00000000e+00  0.00000000e+00  0.00000000e+00  0.00000000e+00  0.00000000e+00  0.00000000e+00  0.00000000e+00  0.00000000e+00  0.00000000e+00  0.00000000e+00  
4.30012  4.24497740e-04  3.70028677e-01  6.29456007e-01  9.08187212e-05  1.85189084e-15  1.04113101e-31  0.00000000e+00  0.00000000e+00  0.00000000e+00  0.00000000e+00  0.00000000e+00  0.00000000e+00  0.00000000e+00  0.00000000e+00  0.00000000e+00  0.00000000e+00  0.00000000e+00  0.00000000e+00  0.00000000e+00  0.00000000e+00  0.00000000e+00  0.00000000e+00  0.00000000e+00  0.00000000e+00  0.00000000e+00  0.00000000e+00  0.00000000e+00  
4.40012  5.68683331e-05  9.58033066e-02  8.98153359e-01  5.98646570e-03  1.13540421e-10  6.58871161e-23  1.62181196e-40  0.00000000e+00  0.00000000e+00  0.00000000e+00  0.00000000e+00  0.00000000e+00  0.00000000e+00  0.00000000e+00  0.00000000e+00  0.00000000e+00  0.00000000e+00  0.00000000e+00  0.00000000e+00  0.00000000e+00  0.00000000e+00  0.00000000e+00  0.00000000e+00  0.00000000e+00  0.00000000e+00  0.00000000e+00  0.00000000e+00  
4.50012  1.01783761e-05  3.06766897e-02  8.79788931e-01  8.95237970e-02  4.03430282e-07  3.82620728e-16  1.49836802e-29  1.21685406e-47  0.00000000e+00  0.00000000e+00  0.00000000e+00  0.00000000e+00  0.00000000e+00  0.00000000e+00  0.00000000e+00  0.00000000e+00  0.00000000e+00  0.00000000e+00  0.00000000e+00  0.00000000e+00  0.00000000e+00  0.00000000e+00  0.00000000e+00  0.00000000e+00  0.00000000e+00  0.00000000e+00  0.00000000e+00  
4.60012  1.91173604e-06  9.85707200e-03  6.53322971e-01  3.36711484e-01  1.06560912e-04  3.77387863e-11  3.40633948e-21  4.51645751e-35  0.00000000e+00  0.00000000e+00  0.00000000e+00  0.00000000e+00  0.00000000e+00  0.00000000e+00  0.00000000e+00  0.00000000e+00  0.00000000e+00  0.00000000e+00  0.00000000e+00  0.00000000e+00  0.00000000e+00  0.00000000e+00  0.00000000e+00  0.00000000e+00  0.00000000e+00  0.00000000e+00  0.00000000e+00  
4.70012  3.45750293e-07  2.96286973e-03  3.99257016e-01  5.94145151e-01  3.63448229e-03  1.34956112e-07  6.05260813e-15  1.88735048e-25  3.54056488e-39  0.00000000e+00  0.00000000e+00  0.00000000e+00  0.00000000e+00  0.00000000e+00  0.00000000e+00  0.00000000e+00  0.00000000e+00  0.00000000e+00  0.00000000e+00  0.00000000e+00  0.00000000e+00  0.00000000e+00  0.00000000e+00  0.00000000e+00  0.00000000e+00  0.00000000e+00  0.00000000e+00  
4.80012  6.04543643e-08  8.43874102e-04  2.15654070e-01  7.51584229e-01  3.18836225e-02  3.41434702e-05  2.23536094e-10  3.51801477e-18  1.14358292e-28  1.33222524e-45  0.00000000e+00  0.00000000e+00  0.00000000e+00  0.00000000e+00  0.00000000e+00  0.00000000e+00  0.00000000e+00  0.00000000e+00  0.00000000e+00  0.00000000e+00  0.00000000e+00  0.00000000e+00  0.00000000e+00  0.00000000e+00  0.00000000e+00  0.00000000e+00  0.00000000e+00  
4.90012  9.94597685e-09  2.22713962e-04  1.03178080e-01  7.61180132e-01  1.34062540e-01  1.35605544e-03  4.68389816e-07  1.09299316e-12  1.38665188e-20  1.34418005e-33  1.20995006e-48  0.00000000e+00  0.00000000e+00  0.00000000e+00  0.00000000e+00  0.00000000e+00  0.00000000e+00  0.00000000e+00  0.00000000e+00  0.00000000e+00  0.00000000e+00  0.00000000e+00  0.00000000e+00  0.00000000e+00  0.00000000e+00  0.00000000e+00  0.00000000e+00  
5.00012  1.42745494e-09  5.06340200e-05  4.11436113e-02  6.01925038e-01  3.39345746e-01  1.74137542e-02  1.21199941e-04  1.56268847e-08  2.15696158e-14  2.01248387e-24  3.46260067e-36  7.57482160e-50  0.00000000e+00  0.00000000e+00  0.00000000e+00  0.00000000e+00  0.00000000e+00  0.00000000e+00  0.00000000e+00  0.00000000e+00  0.00000000e+00  0.00000000e+00  0.00000000e+00  0.00000000e+00  0.00000000e+00  0.00000000e+00  0.00000000e+00  
5.10012  1.63546868e-10  9.08557112e-06  1.26125306e-02  3.48571786e-01  5.32662634e-01  1.00566244e-01  5.56035132e-03  1.73668971e-05  7.36906237e-10  1.12868365e-17  5.62784635e-27  8.48071038e-38  2.42288183e-50  0.00000000e+00  0.00000000e+00  0.00000000e+00  0.00000000e+00  0.00000000e+00  0.00000000e+00  0.00000000e+00  0.00000000e+00  0.00000000e+00  0.00000000e+00  0.00000000e+00  0.00000000e+00  0.00000000e+00  0.00000000e+00  
5.20012  1.37301067e-11  1.18160933e-06  2.74027350e-03  1.37680968e-01  5.05177398e-01  2.86572104e-01  6.54054460e-02  2.42155263e-03  1.07652448e-06  8.31177755e-13  3.43703466e-20  9.38196723e-29  1.03369856e-38  5.60575240e-50  0.00000000e+00  0.00000000e+00  0.00000000e+00  0.00000000e+00  0.00000000e+00  0.00000000e+00  0.00000000e+00  0.00000000e+00  0.00000000e+00  0.00000000e+00  0.00000000e+00  0.00000000e+00  0.00000000e+00  
5.30012  7.34695721e-13  9.68874466e-08  3.67881129e-04  3.25692315e-02  2.61569746e-01  3.85334159e-01  2.57523882e-01  6.24766178e-02  1.58382615e-04  2.80800263e-09  4.03810410e-15  7.23015338e-22  9.42860649e-30  1.10330989e-38  5.89776563e-49  0.00000000e+00  0.00000000e+00  0.00000000e+00  0.00000000e+00  0.00000000e+00  0.00000000e+00  0.00000000e+00  0.00000000e+00  0.00000000e+00  0.00000000e+00  0.00000000e+00  0.00000000e+00  
5.40012  2.07071944e-14  4.13819794e-09  2.52465047e-05  3.83743701e-03  6.27901124e-02  2.15120233e-01  3.51440057e-01  3.62928656e-01  3.85736966e-03  8.84425509e-07  2.30293277e-11  1.23013071e-16  7.67664151e-23  7.03236268e-30  4.45739642e-38  3.27424566e-47  0.00000000e+00  0.00000000e+00  0.00000000e+00  0.00000000e+00  0.00000000e+00  0.00000000e+00  0.00000000e+00  0.00000000e+00  0.00000000e+00  0.00000000e+00  0.00000000e+00  
5.50012  3.45666522e-16  1.03496895e-10  9.96293551e-07  2.54253722e-04  8.01377822e-03  5.86499059e-02  2.10163513e-01  6.97071488e-01  2.57968881e-02  4.91628803e-05  1.39420719e-08  1.19813932e-12  1.76082956e-17  5.66079359e-23  1.75730571e-29  1.16976149e-36  1.18270741e-43  0.00000000e+00  0.00000000e+00  0.00000000e+00  0.00000000e+00  0.00000000e+00  0.00000000e+00  0.00000000e+00  0.00000000e+00  0.00000000e+00  0.00000000e+00  
5.60012  5.25031121e-18  2.32779669e-12  3.47388187e-08  1.45920076e-05  8.47178736e-04  1.23935307e-02  9.05346957e-02  8.04757525e-01  9.04388531e-02  1.01149804e-03  2.08994591e-06  1.77523171e-09  3.50634824e-13  2.08917609e-17  1.56868248e-22  4.06579096e-28  2.16807872e-33  6.80526508e-49  0.00000000e+00  0.00000000e+00  0.00000000e+00  0.00000000e+00  0.00000000e+00  0.00000000e+00  0.00000000e+00  0.00000000e+00  0.00000000e+00  
5.70012  8.58957497e-20  5.57264881e-14  1.26727736e-09  8.60125206e-07  8.86383524e-05  2.45737635e-03  3.46594506e-02  7.29577908e-01  2.22045346e-01  1.10489670e-02  1.20762383e-04  6.89162559e-07  1.17103985e-09  7.77001173e-13  8.03177761e-17  4.13068117e-21  5.43803095e-25  3.88285949e-37  1.42089398e-50  0.00000000e+00  0.00000000e+00  0.00000000e+00  0.00000000e+00  0.00000000e+00  0.00000000e+00  0.00000000e+00  0.00000000e+00  
5.80012  1.44271655e-21  1.35341509e-15  4.61254922e-11  4.96982405e-08  8.80564176e-06  4.42650555e-04  1.15353563e-02  5.24567057e-01  3.90904809e-01  6.93491293e-02  3.10370912e-03  8.75328387e-05  8.96522127e-07  4.40900928e-09  3.99890432e-12  2.37788591e-15  4.22718265e-18  1.46214692e-27  4.01218558e-38  9.63099180e-50  0.00000000e+00  0.00000000e+00  0.00000000e+00  0.00000000e+00  0.00000000e+00  0.00000000e+00  0.00000000e+00  
5.90012  2.16142900e-23  2.89775040e-17  1.45666933e-12  2.44906874e-09  7.25138519e-07  6.36415832e-05  2.95074021e-03  2.69476548e-01  4.49780865e-01  2.38128280e-01  3.55378357e-02  3.87651059e-03  1.80086424e-04  4.73915568e-06  2.63081903e-08  1.17246794e-10  1.73133447e-12  8.53318134e-20  4.85256068e-28  3.58031283e-37  2.52586988e-47  0.00000000e+00  0.00000000e+00  0.00000000e+00  0.00000000e+00  0.00000000e+00  0.00000000e+00  
6.00012  2.36710980e-25  4.48433866e-19  3.27558146e-14  8.45120047e-11  4.07481976e-08  6.04071580e-06  4.81823972e-04  8.31952256e-02  2.87771913e-01  3.93965692e-01  1.66198999e-01  5.76326254e-02  9.67115634e-03  1.04907951e-03  2.67219658e-05  6.30693571e-07  5.06370508e-08  1.29127399e-13  5.49108800e-20  4.16579989e-27  4.38286813e-35  7.67782844e-44  0.00000000e+00  0.00000000e+00  0.00000000e+00  0.00000000e+00  0.00000000e+00  
6.10012  1.39128815e-27  3.68474202e-21  3.85724377e-16  1.50295884e-12  1.15251633e-09  2.80257399e-07  3.73084397e-05  1.15762284e-02  7.76152547e-02  2.44713026e-01  2.55415405e-01  2.40550956e-01  1.21458269e-01  4.40501191e-02  4.08749361e-03  3.87513723e-04  1.08140180e-04  5.74496103e-09  8.03835323e-14  2.60427647e-19  1.57466106e-25  2.10681832e-32  5.37015829e-40  3.75048201e-48  0.00000000e+00  0.00000000e+00  0.00000000e+00  
6.20012  2.86357897e-30  1.04978210e-23  1.55521045e-18  9.01465612e-15  1.07586843e-11  4.18118289e-09  9.03980713e-07  4.82702074e-04  5.92623903e-03  3.91759164e-02  9.08341517e-02  2.04686483e-01  2.68484467e-01  2.75130771e-01  7.72803650e-02  2.36656896e-02  1.43251495e-02  7.15614554e-06  1.66793516e-09  1.12230052e-13  1.80388632e-18  8.12267664e-24  8.51175598e-30  3.21454244e-36  4.80152467e-43  0.00000000e+00  0.00000000e+00  
6.30012  1.99771912e-33  1.00457977e-26  2.08244925e-21  1.77065694e-17  3.22496070e-14  1.95724155e-11  6.70647680e-09  5.94010917e-06  1.27263665e-04  1.63408418e-03  7.71213151e-03  3.75356920e-02  1.13614674e-01  2.87259517e-01  2.10462355e-01  1.75668716e-01  1.65540562e-01  4.38101184e-04  9.54980330e-07  7.27602909e-10  1.64761003e-13  1.28420521e-17  2.63029480e-22  2.42926239e-27  1.03129860e-32  0.00000000e+00  0.00000000e+00  
6.40012  7.82425464e-37  5.35307066e-30  1.53717381e-24  1.89279237e-20  5.16883866e-17  4.79946663e-14  2.55025129e-11  3.63080543e-08  1.30335576e-06  3.05381677e-05  2.73195144e-04  2.64309624e-03  1.67734723e-02  9.37762747e-02  1.58939915e-01  3.17280204e-01  4.06249628e-01  3.98174072e-03  5.03341775e-05  2.61350284e-07  4.92564350e-10  3.85543137e-13  8.28005032e-17  9.65546016e-21  6.18946307e-25  7.79637960e-44  0.00000000e+00  
6.50012  3.47231824e-40  3.20885078e-33  1.26514272e-27  2.22992123e-23  8.98668506e-20  1.25371702e-16  1.01330345e-13  2.25714533e-10  1.31183593e-08  5.32843316e-07  8.52431563e-06  1.53210850e-04  1.88577347e-03  2.13309168e-02  7.58978585e-02  3.27913670e-01  5.55890846e-01  1.60834614e-02  8.15698234e-04  1.92956549e-05  1.97710403e-07  9.97331468e-10  1.36119242e-12  1.17081835e-15  6.85645330e-19  4.97415738e-34  2.30430267e-50  
6.60012  2.21056932e-43  2.74178968e-36  1.47269950e-30  3.67683498e-26  2.15617566e-22  4.44768620e-19  5.37519394e-16  1.83047642e-12  1.67314715e-10  1.12926050e-08  3.07945696e-07  9.72935698e-06  2.17958665e-04  4.64027948e-03  3.20327436e-02  2.77449622e-01  6.31704744e-01  4.61470707e-02  7.19836954e-03  5.75564684e-04  2.30682228e-05  5.26980006e-07  3.13468668e-09  1.31578260e-11  4.72154505e-14  3.51960672e-26  2.33278191e-39  
6.70012  1.91881651e-46  3.17609473e-39  2.30841266e-33  8.08804291e-29  6.81621761e-25  2.04980924e-21  3.64882846e-18  1.86214479e-14  2.61182122e-12  2.82815656e-10  1.26358205e-08  6.70538080e-07  2.59533514e-05  9.80242316e-04  1.23107198e-02  2.01295213e-01  6.30395997e-01  1.03577028e-01  4.12167218e-02  9.00333577e-03  1.10525744e-03  8.71010613e-05  1.72029706e-06  2.60389487e-08  4.16757522e-10  8.11976475e-20  1.82546473e-30  
6.80012  1.82831620e-49  4.01903055e-42  3.92899347e-36  1.91580502e-31  2.29483417e-27  9.93668008e-24  2.57064028e-20  1.93237454e-16  4.07250201e-14  6.87038869e-12  4.86666338e-10  4.17754664e-08  2.67640176e-06  1.70832819e-04  3.70306476e-03  1.08850720e-01  4.79127731e-01  1.61927760e-01  1.43857102e-01  7.37549729e-02  2.31841569e-02  5.13134609e-03  2.76777835e-04  1.21439874e-05  6.73009675e-07  1.15526418e-14  2.80796253e-23  
6.90012  0.00000000e+00  3.35694390e-45  4.39110764e-39  2.95783595e-34  4.98693932e-30  3.07513427e-26  1.14259964e-22  1.24627557e-18  3.87618131e-16  9.94063399e-14  1.08608567e-11  1.46165233e-09  1.49583635e-07  1.55011559e-05  5.55320983e-04  2.81587961e-02  1.76947358e-01  1.14586666e-01  2.06036462e-01  2.21893246e-01  1.56485493e-01  8.33477890e-02  1.06393252e-02  1.15343754e-03  1.80452990e-04  1.15014894e-10  1.21869235e-17  
7.00012  0.00000000e+00  1.25326249e-48  2.18339364e-42  2.01832937e-37  4.74877989e-33  4.12963854e-29  2.18083114e-25  3.40660704e-21  1.53968557e-18  5.87884541e-16  9.68081766e-14  1.98985779e-11  3.15814481e-09  5.13951384e-07  2.93556729e-05  2.47737665e-03  2.24306594e-02  2.62852456e-02  8.87998107e-02  1.84812797e-01  2.64741509e-01  3.01857548e-01  8.18619414e-02  1.94545881e-02  7.24856504e-03  8.62366823e-08  1.93585150e-13  
7.10012  0.00000000e+00  0.00000000e+00  6.58276355e-46  8.30229682e-41  2.70525530e-36  3.28926040e-32  2.44595384e-28  5.40963865e-24  3.50572831e-21  1.95807019e-18  4.76571707e-16  1.46355233e-13  3.51413350e-11  8.73490641e-09  7.72055028e-07  1.05060208e-04  1.37584103e-03  2.78425018e-03  1.66762446e-02  6.28822765e-02  1.69503338e-01  3.78127494e-01  2.00432552e-01  9.52463312e-02  7.28564919e-02  9.33959956e-06  2.50321560e-10  
7.20012  0.00000000e+00  0.00000000e+00  1.54319699e-49  2.64168706e-44  1.18408088e-39  1.99752107e-35  2.07434681e-31  6.43030198e-27  5.90597180e-24  4.75325779e-21  1.68174974e-18  7.57393142e-16  2.69445769e-13  9.99404656e-11  1.33318792e-08  2.84447007e-06  5.38680641e-05  1.81138751e-04  1.83645956e-03  1.19217873e-02  5.69470680e-02  2.31686841e-01  2.24766389e-01  1.98738208e-01  2.73622224e-01  2.43109186e-04  4.93209427e-08  
7.30012  0.00000000e+00  0.00000000e+00  0.00000000e+00  7.68833779e-48  4.71186084e-43  1.09537407e-38  1.57678491e-34  6.79019827e-30  8.74928283e-27  1.00164184e-23  5.07916657e-21  3.30188890e-18  1.70986749e-15  9.27945470e-13  1.82933168e-10  5.96983676e-08  1.63005574e-06  8.82007861e-06  1.45784871e-04  1.56355246e-03  1.26148606e-02  8.85120615e-02  1.49077622e-01  2.31628746e-01  5.14224134e-01  2.22035520e-03  2.37313506e-06  
7.40012  0.00000000e+00  0.00000000e+00  0.00000000e+00  0.00000000e+00  2.13607466e-46  6.80105720e-42  1.34805133e-37  8.00140821e-33  1.43359484e-29  2.30853481e-26  1.65735838e-23  1.53432170e-20  1.13926939e-17  8.89726299e-15  2.54634021e-12  1.24353046e-09  4.87232700e-08  4.12949009e-07  1.07886332e-05  1.84823176e-04  2.42240318e-03  2.80218257e-02  7.84939940e-02  2.04694620e-01  6.75455011e-01  1.06710321e-02  4.50397973e-05  
7.50012  0.00000000e+00  0.00000000e+00  0.00000000e+00  0.00000000e+00  1.22372856e-49  5.30719560e-45  1.43994231e-40  1.16975550e-35  2.89137948e-32  6.48597237e-29  6.52311589e-26  8.50012073e-23  8.93418815e-20  9.89863007e-17  4.05074677e-14  2.90412359e-11  1.62347309e-09  2.10661462e-08  8.47705682e-07  2.25561562e-05  4.65077248e-04  8.54879877e-03  3.84428073e-02  1.62123173e-01  7.55048926e-01  3.48855114e-02  4.62279989e-04  
7.60012  0.00000000e+00  0.00000000e+00  0.00000000e+00  0.00000000e+00  0.00000000e+00  5.17019888e-48  1.90984116e-43  2.11031482e-38  7.14672793e-35  2.21445699e-31  3.09148575e-28  5.61341627e-25  8.25956640e-22  1.28258823e-18  7.40861879e-16  7.66773772e-13  6.07767187e-11  1.18412418e-09  7.18103840e-08  2.89879330e-06  9.15434444e-05  2.59356567e-03  1.81801411e-02  1.20267214e-01  7.68594459e-01  8.72463464e-02  3.02375952e-03  
7.70012  0.00000000e+00  0.00000000e+00  0.00000000e+00  0.00000000e+00  0.00000000e+00  0.00000000e+00  3.00163419e-46  4.48608774e-41  2.06860592e-37  8.78815612e-34  1.68942051e-30  4.23728586e-27  8.64425886e-24  1.86177744e-20  1.50116270e-17  2.21023150e-14  2.46801482e-12  7.10031741e-11  6.37012220e-09  3.82408700e-07  1.80849688e-05  7.69870651e-04  8.20649603e-03  8.30324330e-02  7.18931915e-01  1.75302360e-01  1.37384508e-02  
7.80012  0.00000000e+00  0.00000000e+00  0.00000000e+00  0.00000000e+00  0.00000000e+00  0.00000000e+00  5.29510173e-49  1.06506057e-43  6.65050015e-40  3.84852496e-36  1.01163607e-32  3.47803788e-29  9.75560725e-26  2.88791434e-22  3.21932119e-19  6.65754802e-16  1.04069701e-13  4.35777003e-12  5.69251663e-10  4.99613664e-08  3.47131726e-06  2.17322308e-04  3.44972366e-03  5.22533704e-02  6.10329424e-01  2.88259951e-01  4.54866872e-02  
7.90012  0.00000000e+00  0.00000000e+00  0.00000000e+00  0.00000000e+00  0.00000000e+00  0.00000000e+00  0.00000000e+00  2.70265123e-46  2.27404997e-42  1.78213256e-38  6.36590281e-35  2.98002566e-31  1.14088010e-27  4.60553412e-24  7.03898442e-21  2.02185499e-17  4.39733957e-15  2.64642752e-13  4.96455132e-11  6.27740291e-09  6.30420031e-07  5.69941137e-05  1.32339657e-03  2.94645630e-02  4.63970111e-01  3.91732861e-01  1.13451438e-01  
8.00012  0.00000000e+00  0.00000000e+00  0.00000000e+00  0.00000000e+00  0.00000000e+00  0.00000000e+00  0.00000000e+00  7.15920702e-49  8.08118262e-45  8.53286591e-41  4.11921937e-37  2.61008662e-33  1.35520477e-29  7.40909086e-26  1.54129199e-22  6.08940586e-19  1.83195550e-16  1.56738224e-14  4.17229417e-12  7.50455459e-10  1.07410051e-07  1.38068600e-05  4.61801055e-04  1.48735597e-02  3.15874757e-01  4.47738996e-01  2.21036971e-01  