4.00012  9.93161515e-01  6.83848474e-03  2.43646335e-17  1.89867172e-42  0.00000000e+00  0.00000000e+00  0.00000000e+00  0.00000000e+00  0.00000000e+00  
4.10012  8.05324640e-01  1.94675360e-01  4.02208262e-12  2.01252362e-31  0.00000000e+00  0.00000000e+00  0.00000000e+00  0.00000000e+00  0.00000000e+00  
4.20012  1.87479686e-01  8.12520296e-01  1.74242550e-08  3.79440967e-23  1.01714816e-45  0.00000000e+00  0.00000000e+00  0.00000000e+00  0.00000000e+00  
4.30012  2.27429298e-02  9.77251648e-01  5.42233582e-06  6.05377689e-17  2.43195991e-34  0.00000000e+00  0.00000000e+00  0.00000000e+00  0.00000000e+00  
4.40012  4.48497535e-03  9.95084726e-01  4.30298726e-04  4.40108808e-12  2.34147788e-25  2.05949177e-46  0.00000000e+00  0.00000000e+00  0.00000000e+00  
4.50012  1.69336993e-03  9.87260688e-01  1.10459187e-02  2.37253072e-08  2.19175418e-18  8.46392573e-35  0.00000000e+00  0.00000000e+00  0.00000000e+00  
4.60012  8.88540615e-04  8.91368503e-01  1.07730155e-01  1.28010998e-05  3.59697388e-13  6.38200712e-26  7.94798949e-42  0.00000000e+00  0.00000000e+00  
4.70012  3.96564534e-04  5.71799631e-01  4.26819125e-01  9.84677175e-04  2.19439028e-09  3.20807026e-19  2.03424787e-31  0.00000000e+00  0.00000000e+00  
4.80012  1.20045195e-04  2.33155025e-01  7.49660762e-01  1.70629760e-02  1.19163920e-06  3.81526563e-14  2.25078898e-23  0.00000000e+00  0.00000000e+00  
4.90012  2.95796993e-05  7.61664572e-02  8.07260598e-01  1.16410929e-01  1.32435299e-04  3.29802357e-10  4.69292653e-17  0.00000000e+00  0.00000000e+00  
5.00012  6.05356017e-06  2.08228832e-02  5.87071319e-01  3.87713447e-01  4.38592160e-03  3.75578622e-07  4.41195286e-12  1.06243132e-48  0.00000000e+00  
5.10012  9.53471933e-07  4.45900453e-03  2.82812052e-01  6.62350568e-01  5.02999917e-02  7.73976747e-05  3.20315470e-08  4.59851824e-37  0.00000000e+00  
5.20012  1.18390710e-07  7.67905232e-04  9.69611207e-02  6.56217226e-01  2.42056989e-01  3.96723226e-03  2.94088218e-05  6.70235808e-28  0.00000000e+00  
5.30012  1.09351896e-08  1.00151237e-04  2.31444209e-02  3.85306484e-01  5.26897718e-01  5.99040683e-02  4.64714601e-03  9.44009398e-21  1.91115679e-42  
5.40012  6.19189880e-10  8.11902446e-06  3.24469478e-03  1.17420480e-01  4.76446180e-01  2.63380641e-01  1.39499885e-01  2.56509734e-15  2.25867554e-32  
5.50012  1.32699696e-11  2.51373753e-07  1.67070560e-04  1.19712618e-02  1.20700739e-01  2.42549246e-01  6.24611432e-01  1.69032389e-11  7.60308645e-25  
5.60012  1.87979063e-13  5.16736905e-09  5.55161678e-06  7.34141001e-04  1.60494251e-02  9.31299735e-02  8.90080895e-01  8.37566849e-09  3.51155504e-19  
5.70012  3.57280437e-15  1.42580206e-10  2.42163808e-07  5.60117622e-05  2.39761384e-03  3.37178005e-02  9.63827329e-01  1.00260355e-06  1.01442335e-14  
5.80012  1.00541330e-16  5.80850844e-12  1.53071601e-08  5.93888102e-06  4.61449973e-04  1.38100301e-02  9.85677005e-01  4.55611445e-05  3.80307268e-11  
5.90012  4.14037297e-18  3.44468461e-13  1.38531796e-09  8.71925672e-07  1.16195542e-04  6.72464658e-03  9.92177706e-01  9.80549369e-04  2.87838886e-08  
6.00012  2.58644166e-19  3.07753277e-14  1.86004172e-10  1.84762014e-07  4.04447995e-05  4.21543781e-03  9.84447786e-01  1.12902273e-02  5.91933183e-06  
6.10012  2.39226728e-20  4.03896138e-15  3.61709321e-11  5.54038188e-08  1.92623691e-05  3.42617625e-03  9.25123473e-01  7.10427396e-02  3.88293124e-04  
6.20012  2.59621742e-21  6.16837915e-16  8.07757614e-12  1.87025602e-08  1.00538190e-05  2.92766284e-03  7.52663854e-01  2.35646536e-01  8.75187407e-03  
6.30012  2.57643711e-22  8.54416340e-17  1.61614211e-12  5.55903675e-09  4.52042788e-06  2.08607321e-03  4.92379026e-01  4.28567807e-01  7.69625671e-02  
6.40012  1.97877694e-23  9.08775981e-18  2.45519980e-13  1.23565389e-09  1.49247423e-06  1.06347391e-03  2.40290632e-01  4.56359231e-01  3.02285169e-01  
6.50012  1.11219588e-24  7.02249250e-19  2.68232430e-14  1.94877313e-10  3.44279595e-07  3.70878181e-04  8.53810092e-02  3.07872773e-01  6.06374995e-01  
6.60012  5.34893518e-26  4.61261636e-20  2.46806922e-15  2.55798112e-11  6.52254878e-08  1.04384817e-04  2.60074238e-02  1.64144878e-01  8.09743248e-01  
6.70012  2.60602529e-27  3.05083434e-21  2.26802912e-16  3.31816995e-12  1.20722613e-08  2.82786469e-05  8.02820818e-03  8.42303540e-02  9.07713147e-01  
6.80012  1.37755854e-28  2.17760981e-22  2.23274982e-17  4.56825211e-13  2.34768629e-09  7.94712535e-06  2.68027937e-03  4.51076356e-02  9.52204136e-01  
6.90012  8.00837819e-30  1.70127521e-23  2.39009176e-18  6.78288688e-14  4.87994103e-10  2.36034004e-06  9.77067515e-04  2.56805650e-02  9.73340007e-01  
7.00012  5.09582135e-31  1.44861906e-24  2.77226150e-19  1.08323877e-14  1.08244090e-10  7.40617883e-07  3.85783984e-04  1.55022306e-02  9.84111245e-01  
7.10012  3.51691830e-32  1.33279170e-25  3.45630675e-20  1.84736316e-15  2.54590550e-11  2.44192477e-07  1.63065572e-04  9.84333531e-03  9.89993355e-01  
7.20012  2.60794267e-33  1.31304025e-26  4.59280536e-21  3.33855120e-16  6.30504282e-12  8.40887779e-08  7.29739812e-05  6.51805530e-03  9.93408887e-01  
7.30012  2.06044445e-34  1.37398158e-27  6.45492069e-22  6.34805836e-17  1.63354428e-12  3.00691333e-08  3.42437179e-05  4.46653674e-03  9.95499189e-01  
7.40012  1.72148700e-35  1.51626024e-28  9.53133528e-23  1.26227432e-17  4.40315270e-13  1.11120387e-08  1.67175930e-05  3.14719568e-03  9.96836076e-01  
7.50012  1.51136820e-36  1.75384125e-29  1.47011152e-23  2.61065979e-18  1.22871251e-13  4.22542385e-09  8.43490664e-06  2.26788109e-03  9.97723680e-01  
7.60012  1.38661132e-37  2.11511869e-30  2.35675666e-24  5.59081012e-19  3.53520614e-14  1.64749742e-09  4.37516808e-06  1.66419703e-03  9.98331426e-01  
7.70012  1.32291059e-38  2.64703993e-31  3.90940345e-25  1.23458357e-19  1.04479357e-14  6.56538943e-10  2.32268594e-06  1.23916886e-03  9.98758508e-01  
7.80012  1.30708486e-39  3.42407907e-32  6.68580622e-26  2.80197196e-20  3.16237804e-15  2.66737321e-10  1.25754572e-06  9.33649320e-04  9.99065093e-01  
7.90012  1.33272689e-40  4.56269208e-33  1.17498186e-26  6.51615131e-21  9.77667459e-16  1.10230343e-10  6.92310886e-07  7.10184452e-04  9.99289123e-01  
8.00012  1.39766582e-41  6.24343142e-34  2.11584255e-27  1.54865025e-21  3.07980589e-16  4.62427173e-11  3.86592430e-07  5.44381485e-04  9.99455232e-01  