4	5.92907633E-02	9.40634399E-01	7.48377121E-05	2.33969495E-14	2.82580936E-29	1.54918713E-90	7.14038906E-152	9.97493234E-215	7.26678372E-278	1.00000000E-300	1.00000000E-300	1.00000000E-300	1.00000000E-300	1.00000000E-300	1.00000000E-300
4.1	9.49036900E-03	9.86882184E-01	3.62744692E-03	2.02940116E-10	5.27052793E-22	5.18273319E-79	3.06202745E-140	4.79290533E-203	3.91793295E-266	1.00000000E-300	1.00000000E-300	1.00000000E-300	1.00000000E-300	1.00000000E-300	1.00000000E-300
4.2	1.90137904E-03	9.10340445E-01	8.77577922E-02	3.84000232E-07	5.61283565E-16	3.55768149E-66	2.92452799E-127	5.12655369E-190	4.70228961E-253	1.00000000E-300	1.00000000E-300	1.00000000E-300	1.00000000E-300	1.00000000E-300	1.00000000E-300
4.3	4.78445484E-04	4.98864177E-01	5.00609637E-01	4.77401900E-05	6.14463277E-12	1.34992385E-52	4.56893572E-103	5.83309643E-159	5.39872490E-220	1.15736494E-283	1.00000000E-300	1.00000000E-300	1.00000000E-300	1.00000000E-300	1.00000000E-300
4.4	5.45422602E-05	1.07580897E-01	8.90898169E-01	1.46638054E-03	1.10142832E-08	2.43262735E-40	3.12976274E-80	3.79832656E-128	4.95608477E-185	2.12700811E-246	1.00000000E-300	1.00000000E-300	1.00000000E-300	1.00000000E-300	1.00000000E-300
4.5	8.03662469E-06	2.30206064E-02	9.59247482E-01	1.77205048E-02	3.37004098E-06	6.32530469E-31	2.48425878E-62	2.41168027E-100	2.96882775E-147	7.42780432E-200	4.73279845E-258	1.00000000E-300	1.00000000E-300	1.00000000E-300	1.00000000E-300
4.6	1.30222354E-06	5.19706648E-03	8.51099657E-01	1.43182796E-01	5.19178563E-04	4.21876774E-23	1.29113378E-47	1.59659456E-77	2.79794164E-115	5.31448576E-159	2.02340224E-209	2.04111428E-267	1.00000000E-300	1.00000000E-300	1.00000000E-300
4.7	1.44598120E-07	7.79923637E-04	4.18550038E-01	5.49822431E-01	3.08474627E-02	1.21310393E-16	1.94454887E-35	1.45477212E-58	9.02147955E-88	1.57994402E-122	1.45934267E-162	3.24335107E-210	3.73338643E-262	1.00000000E-300	1.00000000E-300
4.8	9.18140256E-09	6.61764961E-05	9.02786326E-02	5.97240989E-01	3.12414193E-01	3.01307055E-12	6.02703263E-27	3.32523336E-45	1.71143179E-68	2.57846988E-96	1.50897635E-128	4.39220581E-167	1.92386207E-209	4.03418413E-273	1.00000000E-300
4.9	2.17279756E-10	2.09153814E-06	6.76029071E-03	1.96679879E-01	7.96557730E-01	8.01406860E-09	6.96370710E-20	8.09243366E-34	7.15183274E-52	1.77648567E-73	1.00243651E-98	6.74146880E-129	4.49781551E-162	2.25391407E-225	1.08918243E-288
5	6.04711888E-12	7.79272583E-08	5.14011450E-04	4.82803219E-02	9.51204027E-01	1.56126444E-06	6.11072746E-15	1.00066630E-25	6.32093152E-40	4.48387834E-57	3.13629950E-77	2.80395643E-101	1.02177146E-127	1.25882136E-189	4.62031609E-251
5.1	2.39018093E-13	4.13615404E-09	5.18882030E-05	1.36092214E-02	9.86237822E-01	1.01064542E-04	6.10013842E-11	4.05434299E-19	3.93369946E-30	1.42009148E-43	1.65988083E-59	1.74380519E-78	2.47323113E-99	1.47532436E-160	9.24667917E-222
5.2	1.41190822E-14	3.28990539E-10	7.37820597E-06	4.75766148E-03	9.92499614E-01	2.73524636E-03	9.94713345E-08	9.00837636E-14	3.48720999E-22	1.41195734E-32	4.75971631E-45	7.00372609E-60	3.81417534E-76	2.65056400E-137	1.01798691E-199
5.3	1.71132688E-15	5.37646638E-11	1.98800643E-06	2.63756611E-03	9.70296165E-01	2.70451305E-02	1.91497917E-05	6.45353572E-10	2.06006217E-16	1.43483130E-24	1.73144473E-34	2.76052386E-46	3.40626044E-59	4.85377329E-121	1.34600803E-176
5.4	2.26492050E-16	9.59240199E-12	5.69297488E-07	1.46128945E-03	8.22530204E-01	1.74301672E-01	1.70483733E-03	1.42783335E-06	2.31270538E-11	1.57265594E-17	3.60575772E-25	2.85996490E-34	3.34036187E-44	8.80479803E-105	2.10141769E-151
5.5	3.53105771E-17	2.01204406E-12	1.80153236E-07	7.70814414E-04	5.04161840E-01	4.64064058E-01	3.07335972E-02	2.69431002E-04	7.92715392E-08	1.63828731E-12	1.91846906E-18	1.50051551E-25	2.61367130E-33	1.73771889E-82	6.58134560E-117
5.6	3.59516710E-18	2.75701545E-13	3.60769162E-08	2.42423313E-04	1.84812069E-01	5.99153427E-01	2.02725094E-01	1.30218167E-02	4.51161515E-05	1.74373149E-08	6.03502273E-13	2.45711133E-18	3.12379232E-24	1.70809760E-64	6.46872095E-90
5.7	2.28266423E-19	2.35652547E-14	4.35943307E-09	4.32375386E-05	3.85373747E-02	3.53691614E-01	4.55903576E-01	1.47964483E-01	3.84295411E-03	1.67471348E-05	9.68777368E-09	1.05527616E-12	4.65142463E-17	5.36432428E-51	9.39623561E-71
5.8	9.81851995E-21	1.36466390E-15	3.43851505E-10	4.74897615E-06	5.24483385E-03	1.09944007E-01	3.96719600E-01	4.34464466E-01	5.21448218E-02	1.47016692E-03	7.34555258E-06	9.83109323E-09	6.58767693E-12	5.54209440E-40	5.23576897E-57
5.9	2.40575312E-22	4.50232522E-17	1.52637260E-11	2.89319253E-07	4.03819775E-04	1.80091565E-02	1.64161484E-01	5.29450014E-01	2.49113209E-01	3.75556083E-02	1.29017095E-03	1.61258156E-05	1.22699488E-07	2.69298366E-30	2.22825705E-45
6	5.11273250E-24	1.29006312E-18	5.75004484E-13	1.48765731E-08	2.73271040E-05	2.25893146E-03	4.24497102E-02	3.05742141E-01	4.00641945E-01	2.15640404E-01	3.11841852E-02	1.96753116E-03	8.78098838E-05	2.48334467E-24	4.01843896E-38
6.1	5.54035438E-26	1.88427234E-20	1.09159799E-14	3.78058244E-10	9.25575317E-07	1.36239572E-04	4.98213183E-03	7.40205736E-02	2.41662210E-01	4.04363831E-01	2.08980400E-01	5.44574862E-02	1.13962024E-02	1.21873726E-17	1.50861823E-29
6.2	2.76548044E-28	1.26742232E-22	9.40884919E-17	4.25714173E-12	1.41097446E-08	3.51887911E-06	2.33106699E-04	6.47487354E-03	4.58693410E-02	2.00951970E-01	3.03041697E-01	2.54327827E-01	1.89097652E-01	5.04152717E-10	2.58891032E-19
6.3	9.71478853E-31	5.97455092E-25	5.60342661E-19	2.67479556E-14	1.21353158E-10	4.88253408E-08	5.47113663E-06	2.62348670E-04	3.58263217E-03	3.47283759E-02	1.26466164E-01	2.73503795E-01	5.61449997E-01	1.16787526E-06	9.36741913E-14
6.4	2.70488558E-33	2.23437298E-27	2.63260950E-21	1.26171715E-16	7.86666349E-13	5.01224424E-10	9.25784992E-08	7.44034717E-06	1.87306154E-04	3.76973897E-03	3.08228360E-02	1.57853542E-01	8.07267325E-01	9.17182612E-05	6.98987051E-10
6.5	1.28774135E-35	1.46345956E-29	2.13604526E-23	1.22029031E-18	1.05151802E-14	1.02144715E-11	2.95130191E-09	3.75627072E-07	1.59157305E-05	5.84449773E-04	9.13846235E-03	9.29242051E-02	8.96608530E-01	7.27996946E-04	6.16769565E-08
6.6	7.26829611E-38	1.14058097E-31	2.04747367E-25	1.51505314E-20	1.80219429E-16	2.64346756E-13	1.17608688E-10	2.32774193E-08	1.61617311E-06	1.04129548E-04	2.96897286E-03	5.69832012E-02	9.35392179E-01	4.54665751E-03	3.22045659E-06
6.7	5.57030036E-40	1.21341455E-33	2.65038168E-27	2.87209630E-22	4.70970725E-18	1.02825387E-14	6.88127362E-12	2.06158477E-09	2.25404304E-07	2.40502448E-05	1.16534509E-03	3.91692429E-02	9.38545241E-01	2.10142569E-02	8.16361528E-05
6.8	5.80210457E-42	1.75236973E-35	4.63249951E-29	7.35311928E-24	1.65688369E-19	5.31782606E-16	5.22934700E-13	2.31675517E-10	3.86827171E-08	6.50755022E-06	5.03446064E-04	2.80902476E-02	8.92456074E-01	7.75697296E-02	1.37395622E-03
6.9	6.10906362E-44	2.55699470E-37	8.15442648E-31	1.89629577E-25	5.86230857E-21	2.75139014E-17	3.93609007E-14	2.55243539E-11	6.42307994E-09	1.66849891E-06	2.00669837E-04	1.81605273E-02	7.35962654E-01	2.28719537E-01	1.69549373E-02
7	7.59254902E-46	4.39991101E-39	1.64619494E-32	5.61638149E-27	2.36384582E-22	1.60683913E-18	3.26515320E-15	3.01581563E-12	1.10986400E-09	4.24955895E-07	7.46721294E-05	1.03642991E-02	5.14270299E-01	3.89440702E-01	8.58496016E-02
7.1	7.31661188E-48	5.86895113E-41	2.72228646E-34	1.35700754E-28	7.76092675E-24	7.61213926E-20	2.18488226E-16	2.85618043E-13	1.52233802E-10	8.48049137E-08	2.14618101E-05	4.50097909E-03	2.74672187E-01	4.55868310E-01	2.64936977E-01
7.2	6.35924954E-50	7.05773472E-43	4.47605356E-36	3.23612248E-30	2.50618128E-25	3.52399084E-21	1.41449077E-17	2.58841770E-14	1.96386579E-11	1.55521867E-08	5.52525549E-06	1.70531206E-03	1.28954629E-01	3.88613545E-01	4.80720974E-01
7.3	5.33756728E-52	8.19446865E-45	7.11179209E-38	7.46227219E-32	7.78860889E-27	1.56456018E-22	8.68318820E-19	2.20909634E-15	2.35631644E-12	2.60489036E-09	1.27803208E-06	5.67716070E-04	5.43564284E-02	2.81720085E-01	6.63354490E-01
7.4	4.33793977E-54	9.21204240E-47	1.09453642E-39	1.66734081E-33	2.34047321E-28	6.70547159E-24	5.11775959E-20	1.80449430E-16	2.69019385E-13	4.11594075E-10	2.76763224E-07	1.75099552E-04	2.14438081E-02	1.86301391E-01	7.92079424E-01
7.5	4.19171666E-56	1.23093019E-48	2.00172040E-41	4.25585408E-35	8.00469212E-30	3.25348780E-25	3.37441631E-21	1.63754674E-17	3.37401415E-14	7.03307459E-11	6.38995640E-08	5.61021975E-05	8.95583990E-03	1.24496862E-01	8.66491132E-01
7.6	4.15788383E-58	1.68847363E-50	3.75786263E-43	1.11403330E-36	2.81333315E-31	1.61745397E-26	2.27188281E-22	1.51544408E-18	4.30787308E-15	1.22126640E-11	1.49432825E-08	1.81136651E-05	3.78045179E-03	8.24060566E-02	9.13795363E-01
7.7	4.60796104E-60	2.58750735E-52	7.88131180E-45	3.25187007E-38	1.10773179E-32	8.95186763E-28	1.69042461E-23	1.54555397E-19	6.03754457E-16	2.31937634E-12	3.79543900E-09	6.28315599E-06	1.72554843E-03	5.64826395E-02	9.41785525E-01
7.8	5.40690617E-62	4.19849741E-54	1.75038107E-46	1.00471285E-39	4.63570310E-34	5.29463654E-29	1.33870965E-24	1.67569518E-20	8.97696062E-17	4.66187813E-13	1.01801098E-09	2.28960177E-06	8.28244810E-04	3.98041072E-02	9.59365357E-01
7.9	6.55749685E-64	7.04114711E-56	4.01814161E-48	3.20771143E-41	2.00913981E-35	3.25354864E-30	1.09887641E-25	1.88182682E-21	1.38072455E-17	9.68027978E-14	2.81734522E-10	8.58387775E-07	4.09287836E-04	2.85081384E-02	9.71081715E-01
8	8.38006632E-66	1.24430570E-57	9.72171134E-50	1.07894839E-42	9.16557266E-37	2.15946841E-31	9.75807844E-27	2.28168528E-22	2.28990106E-18	2.16552662E-14	8.34409090E-11	3.40623757E-07	2.13398034E-04	2.09596279E-02	9.78826633E-01