4	9.99518508e-01	4.81492206e-04	9.06365852e-14	1.00901247e-30	1.67332089e-49	1.83478171e-68	1.16125423e-87	4.31693032e-107	1.21603675e-126	2.48170775e-146	3.58628289e-166	3.75527018e-186	3.05306522e-206	1.93231974e-226	9.02953159e-247	2.94121543e-267	6.74590675e-288	1.16308739e-308	0.00000000e+00	
4.1	9.73109350e-01	2.68906451e-02	4.80850661e-09	1.20249948e-21	2.40418155e-40	3.17736039e-59	2.41349056e-78	1.06452479e-97	3.69767886e-117	9.07472675e-137	1.58063244e-156	1.98666749e-176	1.89857372e-196	1.44137092e-216	8.04920404e-237	3.16598662e-257	8.83934077e-278	1.83354585e-298	6.66524200e-319	
4.2	5.76242025e-01	4.23739532e-01	1.84432541e-05	1.39481572e-14	1.82777411e-30	2.90981971e-49	2.64529056e-68	1.37861713e-87	5.90490065e-107	1.74268112e-126	3.65855828e-146	5.51960275e-166	6.20012868e-186	5.64623315e-206	3.76817479e-226	1.78976668e-246	6.08288304e-267	1.51802629e-287	6.34679422e-308	
4.3	8.55785034e-02	9.11157697e-01	3.26379811e-03	1.48307444e-09	2.07953432e-21	1.34376155e-37	1.41461982e-56	8.44095580e-76	4.45832998e-95	1.58225854e-114	4.00379205e-134	7.25048797e-154	9.57337054e-174	1.04569862e-193	8.34023484e-214	4.78334190e-234	1.97895894e-254	5.94174914e-275	2.85894677e-295	
4.4	9.28811103e-03	8.82466885e-01	1.08238069e-01	6.93512059e-06	1.46400503e-14	8.72926415e-27	7.46337640e-43	4.50034763e-62	2.93105891e-81	1.25093205e-100	3.81532956e-120	8.29329355e-140	1.28711895e-159	1.68641040e-179	1.60748303e-199	1.11329250e-219	5.60683164e-240	2.02529683e-260	1.12211029e-280	
4.5	6.06809942e-04	3.44392153e-01	6.53714441e-01	1.28659527e-03	6.14563907e-10	3.49417320e-19	1.21517460e-31	6.12061076e-50	4.91536348e-69	2.52263966e-88	9.27372890e-108	2.41963332e-127	4.41410057e-147	6.93724675e-167	7.90263213e-187	6.60755216e-207	4.05097926e-227	1.76045338e-247	1.12388490e-267	
4.6	3.32070392e-05	7.50931913e-02	9.07423260e-01	1.74499720e-02	3.69780878e-07	3.00620523e-14	5.63863647e-24	2.51283283e-38	4.31471686e-55	2.66291222e-74	1.17989817e-93	3.69514951e-113	7.92355400e-133	1.49368558e-152	2.03322118e-172	2.04970081e-192	1.52974164e-212	7.99823117e-233	5.88754606e-253	
4.7	4.54789001e-06	2.50898300e-02	8.81277882e-01	9.35940480e-02	3.36918113e-05	1.20049633e-10	3.10979828e-18	1.76712708e-29	2.26452942e-42	1.68066608e-61	8.97504056e-81	3.37230062e-100	8.49874174e-120	1.92122744e-139	3.11993940e-159	3.76954505e-179	3.42467975e-199	2.15429306e-219	1.82970367e-239	
4.8	1.13698563e-06	9.97635327e-03	6.93211783e-01	2.95784613e-01	1.02603865e-03	7.53343679e-08	1.02411138e-13	1.74631897e-22	2.84053937e-32	2.53483800e-51	1.62938740e-70	7.31552756e-90	2.16301329e-109	5.84740413e-129	1.12120186e-148	1.59649406e-168	1.76554499e-188	1.33611706e-208	1.31030405e-228	
4.9	3.02247662e-07	3.47695468e-03	4.14182850e-01	5.69565142e-01	1.27636185e-02	1.11317099e-05	3.80832857e-10	6.41374658e-17	3.23908791e-24	3.47031515e-43	2.66189697e-62	1.39878981e-81	4.80023967e-101	1.52606579e-120	3.32353119e-140	5.40772113e-160	7.27989029e-180	6.62832592e-200	7.51170223e-220	
5	6.94710516e-08	1.01041141e-03	1.94054335e-01	7.27035809e-01	7.73763595e-02	5.22761836e-04	2.52985306e-07	1.76468911e-12	9.03334972e-18	1.15117051e-36	1.01603749e-55	5.87135238e-75	2.24714950e-94	7.92282040e-114	1.79822976e-133	3.22038319e-153	5.27741339e-173	5.78086915e-193	7.57649947e-213	
5.1	1.31281272e-08	2.45488898e-04	7.34363871e-02	6.56524802e-01	2.60058278e-01	9.69306760e-03	4.19578484e-05	6.15498036e-09	1.31152622e-12	9.44104599e-28	1.59059758e-45	9.06788434e-65	3.55129798e-84	1.23549192e-103	2.62407218e-123	5.02869240e-143	1.00315032e-162	1.32202210e-182	2.00552514e-202	
5.2	1.88184536e-09	4.64535777e-05	2.11409971e-02	4.05760940e-01	4.93390226e-01	7.75712484e-02	2.08610627e-03	4.00915633e-06	1.75535802e-08	4.50405880e-20	6.90364022e-34	4.80555412e-50	4.33799345e-69	1.31773799e-88	2.45210742e-108	4.98841950e-128	1.21136947e-147	1.92064416e-167	3.37541365e-187	
5.3	1.84084359e-10	6.13832233e-06	4.17410082e-03	1.58615118e-01	5.16801483e-01	2.83369377e-01	3.62161902e-02	7.77421768e-04	4.01709598e-05	6.40342799e-14	1.27454223e-24	2.85703838e-37	2.79885395e-52	2.63528102e-69	1.35806951e-88	2.96618870e-108	8.76818359e-128	1.67255146e-147	3.40850094e-167	
5.4	8.59372489e-12	3.93738531e-07	3.94442441e-04	2.83573505e-02	2.36464209e-01	4.23973705e-01	2.30025389e-01	5.77501259e-02	2.30343793e-02	5.77115657e-09	3.36969923e-17	4.71390214e-27	7.45008364e-39	2.51186719e-52	1.19711433e-67	7.61619871e-85	1.78987522e-103	4.10766807e-123	9.71654202e-143	
5.5	2.20347388e-14	1.40240013e-09	2.04605326e-06	2.82716281e-04	6.44633693e-03	4.09942889e-02	1.02353237e-01	2.62279235e-01	5.87633997e-01	8.14197286e-06	4.49816054e-12	1.10649957e-19	6.47540348e-29	1.54148888e-39	1.12429317e-51	3.02457905e-65	5.90991246e-80	1.63176110e-99	4.48483153e-119	
5.6	4.22708957e-18	3.75954503e-13	7.91603903e-10	2.28629196e-07	1.56480688e-05	3.83104271e-04	4.77355245e-03	9.22856434e-02	9.02227489e-01	3.14326849e-04	6.87659563e-09	1.10752106e-14	7.62240948e-22	3.59444477e-30	9.67957011e-40	2.12136811e-50	5.72025098e-62	1.90016315e-81	6.07488457e-101	
5.7	1.02683361e-21	1.27872654e-16	3.85627752e-13	2.55030528e-10	5.26772154e-08	4.74170853e-06	2.70981774e-04	2.88215095e-02	9.66267009e-01	4.63367138e-03	2.03374264e-06	9.85484458e-11	3.23288624e-16	1.10724553e-22	3.55815957e-30	1.71947818e-38	1.53543187e-47	6.13632751e-67	2.28464487e-86	
5.8	5.61751488e-25	9.78404578e-20	4.20028230e-16	6.53409931e-13	3.75890078e-10	1.09028219e-07	2.39099968e-05	1.06252681e-02	9.49951770e-01	3.91971808e-02	2.01603598e-04	1.58561725e-07	1.20916648e-11	1.35524748e-16	2.11043936e-22	7.96131577e-29	7.57004377e-36	3.63979403e-55	1.58004602e-74	
5.9	6.79575213e-28	1.64994965e-22	1.00270654e-18	3.52649474e-15	5.04691801e-12	4.05977618e-09	2.83112720e-06	4.18520520e-03	7.94223650e-01	1.93932124e-01	7.59699425e-03	5.91323866e-05	5.89190905e-08	1.14202189e-11	4.18533886e-16	5.39920609e-21	2.21779819e-26	1.28292833e-45	6.50176508e-65	
6	1.25937663e-30	4.24035229e-25	3.62892921e-21	2.68508012e-17	8.54257092e-14	1.65995724e-10	3.11444845e-07	1.27151060e-03	4.33992602e-01	4.62463345e-01	9.72170777e-02	5.01407593e-03	4.09951256e-05	8.21795367e-08	3.96666815e-11	9.07233590e-15	7.85286223e-19	5.46514183e-38	3.23802679e-57	
6.1	2.34459811e-33	1.08798648e-27	1.30438063e-23	1.87714830e-19	1.20135126e-15	5.00997897e-12	2.19738641e-08	2.12958257e-04	1.17971432e-01	4.27123808e-01	3.61542712e-01	8.89908446e-02	4.10191907e-03	5.60801450e-05	2.23666581e-07	5.37554479e-10	5.53782227e-13	4.78108396e-30	9.23549182e-49	
6.2	3.56750836e-36	2.26520653e-30	3.78395305e-26	9.84556116e-22	1.16432235e-17	9.44256586e-14	8.62046045e-10	1.75343663e-05	1.48409367e-02	1.48859274e-01	4.01433915e-01	3.60709724e-01	6.94094049e-02	4.62250346e-03	1.04946479e-04	1.74602951e-06	1.35801622e-08	3.88805893e-22	4.32765574e-37	
6.3	4.63034737e-39	3.99200767e-33	9.23886073e-29	4.07768944e-24	8.30161057e-20	1.20723651e-15	2.08645532e-11	8.05616426e-07	1.00395002e-03	2.37115666e-02	1.68838072e-01	4.46429368e-01	2.82680450e-01	7.00275004e-02	6.73037225e-03	5.55235936e-04	2.26799221e-05	4.31230177e-16	4.92487287e-28	
6.4	5.20918739e-42	6.04751802e-36	1.92753495e-31	1.36724720e-26	4.52067106e-22	1.10296160e-17	3.33925957e-13	2.25435904e-08	4.03766392e-05	1.97988117e-03	3.21293778e-02	2.10851990e-01	3.64518080e-01	2.71376577e-01	8.73634002e-02	2.73499345e-02	4.39036018e-03	1.54453478e-11	4.59620968e-21	
6.5	3.79885547e-45	5.88885470e-39	2.56882513e-34	2.79947497e-29	1.43277718e-24	5.55399287e-20	2.76453854e-15	3.05044108e-10	7.71486968e-07	7.13657589e-05	2.35634594e-03	3.36334388e-02	1.37171956e-01	2.59655267e-01	2.32725467e-01	2.22953762e-01	1.11431599e-01	2.62598911e-08	6.85331032e-16	
6.6	1.53775919e-48	3.15530150e-42	1.87176315e-37	3.01948084e-32	2.30008049e-27	1.35504728e-22	1.05302641e-17	1.79615616e-12	6.32945570e-09	1.02728838e-06	6.32727651e-05	1.77439179e-03	1.52193774e-02	6.42853775e-02	1.38570158e-01	3.41474062e-01	4.38609243e-01	3.08370714e-06	2.97141706e-12	
6.7	7.04646041e-52	1.89669580e-45	1.52023489e-40	3.52079677e-35	3.86564982e-30	3.33769529e-25	3.88176248e-20	9.77292351e-15	4.74556676e-11	1.27853640e-08	1.37373658e-06	6.99612211e-05	1.15211423e-03	9.80454318e-03	4.52263061e-02	2.49019078e-01	6.94650320e-01	7.62898002e-05	1.36486830e-09	
6.8	5.70130600e-55	1.99503451e-48	2.14662954e-43	6.96043198e-38	1.07294114e-32	1.31811511e-27	2.21602383e-22	7.92283929e-17	5.25126174e-13	2.24911401e-10	4.00046411e-08	3.47891485e-06	1.02208072e-04	1.61630153e-03	1.45258701e-02	1.59357615e-01	8.23556283e-01	8.38041222e-04	1.61193078e-07	
6.9	8.54752189e-58	3.85190283e-51	5.52807357e-46	2.45884133e-40	5.20883296e-35	8.88747048e-30	2.09937396e-24	1.03178073e-18	9.25472798e-15	6.08563542e-12	1.71844366e-09	2.42928915e-07	1.19913347e-05	3.30319580e-04	5.35870248e-03	1.06662568e-01	8.82190857e-01	5.43803346e-03	7.28405529e-06	
7	2.19628070e-60	1.26238174e-53	2.40108192e-48	1.44062771e-42	4.12122784e-37	9.57490271e-32	3.10458147e-26	2.04010034e-20	2.45666303e-16	2.41016178e-13	1.04399982e-10	2.30455272e-08	1.81791653e-06	8.27537697e-05	2.27538461e-03	7.61168238e-02	8.97610959e-01	2.37553709e-02	1.56866850e-04	
7.1	8.58121115e-63	6.22860362e-56	1.56032931e-50	1.24569013e-44	4.74378281e-39	1.47670188e-33	6.44668987e-28	5.53062619e-22	8.87300551e-18	1.26732154e-14	8.18194316e-12	2.72726211e-09	3.29474865e-07	2.37288426e-05	1.04920618e-03	5.53957351e-02	8.66725108e-01	7.49522537e-02	1.85363552e-03	
7.2	4.49673511e-65	4.07978353e-58	1.33785059e-52	1.40538800e-46	7.04167444e-41	2.89834493e-35	1.67655012e-29	1.83910562e-23	3.90183691e-19	7.94155091e-16	7.45533046e-13	3.64593714e-10	6.50131209e-08	7.14071010e-06	4.85573559e-04	3.84263030e-02	7.71325700e-01	1.76613535e-01	1.31416828e-02	
7.3	2.81896353e-67	3.16314464e-60	1.34952362e-54	1.84839097e-48	1.20681254e-42	6.49689052e-37	4.91319771e-31	6.76595517e-25	1.88419297e-20	5.36074187e-17	7.15982364e-14	5.00947985e-11	1.27629607e-08	2.07166368e-06	2.08511030e-04	2.36967691e-02	6.04595829e-01	3.12699486e-01	5.87973204e-02	
7.4	1.93643278e-69	2.65807080e-62	1.46654809e-56	2.59957786e-50	2.19421903e-44	1.53117850e-38	1.49670876e-32	2.54515633e-26	9.23451901e-22	3.60851160e-18	6.72424247e-15	6.58173751e-12	2.32733266e-09	5.43111077e-07	7.82383835e-05	1.23215648e-02	4.00607705e-01	4.15322455e-01	1.71669491e-01	
7.5	1.40962833e-71	2.34053192e-64	1.65998373e-58	3.78442865e-52	4.10229474e-46	3.68310529e-40	4.60826436e-34	9.53378929e-28	4.47382476e-23	2.36224182e-19	6.03332009e-16	8.09512969e-13	3.86950295e-10	1.26700007e-07	2.53662995e-05	5.37165033e-03	2.24012673e-01	4.25071360e-01	3.45518823e-01	
7.6	1.12090109e-73	2.22563388e-66	2.01681735e-60	5.88384087e-54	8.14510765e-48	9.34946178e-42	1.48460548e-35	3.68580689e-29	2.22017249e-24	1.55991676e-20	5.37149918e-17	9.69607253e-14	6.11631785e-11	2.74889455e-08	7.45019514e-06	2.06779307e-03	1.11317980e-01	3.60135528e-01	5.26471222e-01	
7.7	1.02713143e-75	2.41089995e-68	2.77431086e-62	1.03127620e-55	1.81464031e-49	2.64863054e-43	5.29669404e-37	1.55826091e-30	1.19584646e-25	1.10183834e-21	5.03735107e-18	1.20221150e-14	9.78907702e-12	5.91945403e-09	2.12100662e-06	7.54714444e-04	5.26865206e-02	2.74593810e-01	6.71962828e-01	
7.8	1.12783293e-77	3.09358546e-70	4.49267847e-64	2.12009961e-57	4.72166647e-51	8.72249988e-45	2.18156867e-38	7.51699771e-32	7.29471612e-27	8.69258229e-23	5.20015417e-19	1.61438105e-15	1.66251686e-12	1.32788973e-09	6.15761452e-07	2.75579138e-04	2.49969468e-02	2.00276489e-01	7.74450368e-01	
7.9	1.50905182e-79	4.78234915e-72	8.70882510e-66	5.20087835e-59	1.46058759e-52	3.40038078e-46	1.05663705e-39	4.21843659e-33	5.13798272e-28	7.81380535e-24	6.03308468e-20	2.39935958e-16	3.06701091e-13	3.18082883e-10	1.87238591e-07	1.03647438e-04	1.22097756e-02	1.44544161e-01	8.43142228e-01	
8	2.46464002e-81	8.92611477e-74	2.02451732e-67	1.52582839e-60	5.38497696e-54	1.57380670e-47	6.03753325e-41	2.76490450e-34	4.19554378e-29	8.03972898e-25	7.90725496e-21	3.97075166e-17	6.19266788e-14	8.20771507e-11	6.02609621e-08	4.06588666e-05	6.20374194e-03	1.04871979e-01	8.88883560e-01	
