4	9.63331153e-01	3.66688469e-02	1.74081448e-11	9.43173050e-31	1.02966490e-49	6.05685226e-69	2.22793066e-88	
4.1	5.94889511e-01	4.05110408e-01	8.13025461e-08	6.24062068e-25	8.17391519e-44	5.67632990e-63	2.41587072e-82	
4.2	1.34624483e-01	8.65354481e-01	2.10352184e-05	1.55554037e-18	4.19398231e-37	3.43853587e-56	1.69469482e-75	
4.3	3.45730331e-02	9.64503595e-01	9.23371846e-04	8.88834216e-14	5.29640549e-28	5.12671139e-47	2.92871274e-66	
4.4	1.66973067e-02	9.70002142e-01	1.33005511e-02	3.57977017e-10	6.38904022e-21	7.30109239e-40	4.83900601e-59	
4.5	1.02479847e-02	9.03843699e-01	8.59081119e-02	2.04137229e-07	2.22963116e-15	3.00805578e-34	2.31531391e-53	
4.6	5.51530063e-03	6.96580516e-01	2.97878093e-01	2.60898848e-05	4.93635824e-11	7.86244612e-30	7.03574589e-49	
4.7	2.19470674e-03	4.02912412e-01	5.93916530e-01	9.76233446e-04	1.17348624e-07	2.20663080e-26	2.29835830e-45	
4.8	6.51480356e-04	1.79463220e-01	8.03850967e-01	1.59793665e-02	5.49664761e-05	1.22025697e-23	1.48109211e-42	
4.9	1.72631576e-04	7.26337422e-02	8.05768923e-01	1.15401230e-01	6.02347315e-03	1.57868514e-21	2.23568631e-40	
5	2.88347732e-05	1.88333533e-02	4.67284436e-01	3.47652436e-01	1.66200940e-01	7.77726590e-20	1.28679589e-38	
5.1	1.50533785e-06	1.53814409e-03	7.85723362e-02	2.34127127e-01	6.85760888e-01	4.91493300e-15	9.51436938e-34	
5.2	4.63579613e-08	7.41788798e-05	7.29227053e-03	7.07850387e-02	9.21848465e-01	1.47566529e-11	3.35988576e-26	
5.3	1.81971446e-09	4.54090435e-06	8.12659914e-04	2.18021880e-02	9.77380602e-01	7.56922582e-09	3.61646382e-20	
5.4	1.00994763e-10	3.90040487e-07	1.21363207e-04	7.89299370e-03	9.91984151e-01	1.10223778e-06	2.42396396e-15	
5.5	7.66373779e-12	4.53702733e-08	2.36189541e-05	3.35246273e-03	9.96563419e-01	6.04534227e-05	1.83367800e-11	
5.6	7.80156367e-13	7.00379595e-09	5.90471391e-06	1.68019951e-03	9.96787287e-01	1.52657755e-03	2.45203148e-08	
5.7	1.10209328e-13	1.48344540e-09	1.97003527e-06	1.04884423e-03	9.78807039e-01	2.01341401e-02	8.00530151e-06	
5.8	2.07910699e-14	4.14854029e-10	8.47122881e-07	7.97235330e-04	8.61864683e-01	1.36602565e-01	7.34668563e-04	
5.9	3.93800910e-15	1.15184481e-10	3.54158305e-07	5.62105883e-04	5.68378195e-01	4.12494980e-01	1.85643653e-02	
6	6.05409200e-16	2.56778031e-11	1.16685513e-07	3.00285795e-04	2.70329666e-01	5.80210758e-01	1.49159174e-01	
6.1	6.76479627e-17	4.11747196e-12	2.71971439e-08	1.09785544e-04	9.17360132e-02	4.35818911e-01	4.72335263e-01	
6.2	5.69268099e-18	4.92402118e-13	4.65732287e-09	2.86692909e-05	2.37774857e-02	2.12801359e-01	7.63392482e-01	
6.3	4.54955482e-19	5.53967094e-14	7.40128183e-10	6.78072752e-06	5.95938635e-03	9.21038437e-02	9.01929988e-01	
6.4	3.95312294e-20	6.71645593e-15	1.25187416e-10	1.67105499e-06	1.64509182e-03	4.17417582e-02	9.56611479e-01	
6.5	3.85122573e-21	9.05431438e-16	2.32733845e-11	4.44183782e-07	5.12091698e-04	2.06417880e-02	9.78845676e-01	
6.6	4.19311350e-22	1.35327932e-16	4.74576217e-12	1.27319070e-07	1.77920879e-04	1.11210255e-02	9.88700926e-01	
6.7	5.05019542e-23	2.22042333e-17	1.05166364e-12	3.90473449e-08	6.78867852e-05	6.45250887e-03	9.93479565e-01	
6.8	6.66320266e-24	3.96173591e-18	2.50974575e-13	1.27107877e-08	2.80214628e-05	3.98146547e-03	9.95990500e-01	
6.9	9.54158797e-25	7.61824716e-19	6.39532176e-14	4.35856070e-09	1.23524531e-05	2.58366008e-03	9.97403983e-01	
7	1.47342575e-25	1.56857385e-19	1.72905900e-14	1.56554787e-09	5.75656257e-06	1.74678696e-03	9.98247455e-01	
7.1	2.43936574e-26	3.43842563e-20	4.93179187e-15	5.85972379e-10	2.81208323e-06	1.22085764e-03	9.98776330e-01	
7.2	4.31156533e-27	7.98991754e-21	1.47750320e-15	2.27656464e-10	1.43046624e-06	8.76594313e-04	9.99121975e-01	
7.3	8.10732606e-28	1.96079851e-21	4.63181431e-16	9.14952293e-11	7.53597948e-07	6.43313728e-04	9.99355933e-01	
7.4	1.61826267e-28	5.06933531e-22	1.51499312e-16	3.79410290e-11	4.09476034e-07	4.80649904e-04	9.99518941e-01	
7.5	3.42320228e-29	1.37793929e-22	5.15851262e-17	1.62017692e-11	2.28756228e-07	3.64526420e-04	9.99635245e-01	
7.6	7.67161203e-30	3.93448098e-23	1.82637170e-17	7.11852133e-12	1.31139910e-07	2.80110160e-04	9.99719759e-01	
7.7	1.82336618e-30	1.18075833e-23	6.72414654e-18	3.21922805e-12	7.71183150e-08	2.18016484e-04	9.99781906e-01	
7.8	4.60697930e-31	3.73109042e-24	2.57820742e-18	1.50117638e-12	4.65767322e-08	1.72103395e-04	9.99827850e-01	
7.9	1.24284807e-31	1.24616534e-24	1.03330410e-18	7.24736105e-13	2.89917324e-08	1.38265359e-04	9.99861706e-01	
8	3.60431130e-32	4.42672372e-25	4.35513157e-19	3.64592179e-13	1.87093089e-08	1.13731550e-04	9.99886250e-01	
