4	1.36153984e-01	8.52432844e-01	1.14131715e-02	2.88211411e-21	4.07078254e-40	3.80446970e-59	2.11359419e-78	8.80664253e-98	2.34219220e-117	4.64720675e-137	7.19381864e-157	8.45337059e-177	7.16387348e-197	4.53409710e-217	2.22259665e-237	8.54844889e-258	2.63841021e-278	5.72323273e-299	1.01836811e-319	0.00000000e+00	0.00000000e+00	
4.1	3.58334677e-02	7.40073604e-01	2.24092928e-01	1.34036887e-18	2.26562915e-37	2.56923567e-56	1.72397206e-75	8.67581905e-95	2.78044403e-114	6.60202802e-134	1.25731360e-153	1.78448663e-173	1.82235524e-193	1.38666508e-213	8.04143485e-234	3.71841072e-254	1.37342489e-274	3.60914736e-295	7.79059148e-316	0.00000000e+00	0.00000000e+00	
4.2	3.56366700e-03	2.07014220e-01	7.89422113e-01	9.63938091e-14	2.38142523e-32	3.27681493e-51	2.65565689e-70	1.61418489e-89	6.23213348e-109	1.77039183e-128	4.14796230e-148	7.11058979e-168	8.75031072e-188	8.00504150e-208	5.49193294e-228	3.05310928e-248	1.34955991e-268	4.29631949e-289	1.12501495e-309	0.00000000e+00	0.00000000e+00	
4.3	2.22998627e-04	3.21046405e-02	9.67672361e-01	3.31080428e-10	2.74377617e-24	4.58028874e-43	4.48125295e-62	3.28875171e-81	1.52045850e-100	5.14485353e-120	1.48300866e-139	3.07053840e-159	4.55339781e-179	5.00813659e-199	4.06471610e-219	2.71687452e-239	1.43719554e-259	5.54259759e-280	1.76067273e-300	3.67090775e-321	0.00000000e+00	
4.4	1.88810702e-05	6.08886385e-03	9.93892059e-01	1.96461702e-07	6.77698903e-18	3.31215380e-32	3.87173563e-51	3.40462165e-70	1.78084609e-89	6.93475900e-109	2.45922157e-128	6.14989908e-148	1.09896162e-167	1.45319161e-187	1.39542115e-207	1.12136062e-227	7.09901606e-248	3.31667739e-268	1.27810302e-288	3.21972755e-309	0.00000000e+00	
4.5	2.65494168e-06	1.76824463e-03	9.98197372e-01	3.17282391e-05	8.35150724e-13	1.57329669e-23	1.16049648e-38	3.91475499e-57	1.80561545e-76	7.03888775e-96	3.07093396e-115	9.27550459e-135	1.99735243e-154	3.17539074e-174	3.60716887e-194	3.48485065e-214	2.64023835e-234	1.49427722e-254	6.98554167e-275	2.12500896e-295	1.07242443e-315	
4.6	1.06107307e-06	1.36725395e-03	9.97139203e-01	1.49247587e-03	5.97740661e-09	5.68622655e-17	1.23758135e-28	5.39502364e-43	9.67764470e-61	2.91240931e-80	1.56320616e-99	5.70284241e-119	1.47983560e-138	2.82848603e-158	3.80121768e-178	4.41104473e-198	3.99913401e-218	2.74082232e-238	1.55437091e-258	5.70977109e-279	3.32040652e-299	
4.7	9.11199436e-07	2.15578292e-03	9.81301704e-01	1.65397072e-02	1.89483576e-06	1.38431090e-12	1.04973760e-21	5.19695627e-33	3.63168110e-47	3.00094924e-65	1.98160930e-84	8.73147948e-104	2.73020831e-123	6.27316853e-143	9.97213132e-163	1.37995839e-182	1.49540350e-202	1.23791686e-222	8.51621386e-243	3.77742899e-263	2.53297727e-283	
4.8	7.65218644e-07	3.18714735e-03	9.28526707e-01	6.82070102e-02	7.83688490e-05	1.39473784e-09	9.32182376e-17	1.00258528e-25	4.92161225e-37	2.30070252e-51	3.73450606e-67	1.98739081e-86	7.48602841e-106	2.06471254e-125	3.87550207e-145	6.17363927e-165	7.92732104e-185	7.84727898e-205	6.54922294e-225	3.50788584e-245	2.71424174e-265	
4.9	5.14144421e-07	3.64354590e-03	8.13545865e-01	1.81540231e-01	1.26955644e-03	2.87016284e-07	6.91014831e-13	5.40693252e-20	5.22464845e-29	2.40730280e-40	1.58010977e-52	1.01503802e-71	4.59043975e-91	1.50407595e-110	3.29617144e-130	5.48119502e-150	8.03081951e-170	9.27282119e-190	9.38801244e-210	6.07206012e-230	5.42535747e-250	
5	2.66787136e-07	3.12825820e-03	6.26618927e-01	3.58963336e-01	1.12685634e-02	2.06481974e-05	9.28073264e-10	2.36845836e-15	1.68395781e-22	1.97955007e-31	1.01293511e-40	7.81706365e-60	4.16532404e-79	1.55492159e-98	3.81463506e-118	5.72209566e-138	8.70095465e-158	1.12499736e-177	1.38170415e-197	1.07911919e-217	1.11427458e-237	
5.1	1.05549860e-07	2.00058636e-03	4.04447075e-01	5.32830495e-01	6.00875950e-02	6.33824213e-04	3.19350107e-07	1.42784895e-11	3.43555114e-17	3.56745604e-24	3.84592334e-31	3.48615244e-50	2.05624177e-69	7.92722095e-89	1.98657301e-108	2.42697113e-128	3.36224741e-148	4.66363489e-168	6.94841175e-188	6.55325092e-208	7.82617913e-228	
5.2	3.12928026e-08	9.39889295e-04	2.08954298e-01	5.82567645e-01	1.98302332e-01	9.20109634e-03	3.46913131e-05	1.66248051e-08	7.28321378e-13	2.92354093e-18	2.34685260e-23	7.78533345e-41	4.51768908e-60	1.58548782e-79	3.63410610e-99	3.58605304e-119	4.15711624e-139	6.02900053e-159	1.08970314e-178	1.24097838e-198	1.71552771e-218	
5.3	6.68460540e-09	3.12627241e-04	8.13967100e-02	4.49258229e-01	4.01515222e-01	6.61563139e-02	1.35615405e-03	4.73554961e-06	2.32326874e-09	2.06251575e-13	5.39913976e-17	1.47160263e-30	3.16283193e-46	4.66520043e-64	9.18581622e-84	7.72696502e-104	7.47577879e-124	1.13310576e-143	2.48444518e-163	3.41654783e-183	5.47207988e-203	
5.4	9.76055398e-10	6.99785728e-05	2.23551977e-02	2.31249730e-01	4.84432453e-01	2.40181891e-01	2.12918603e-02	4.17197298e-04	1.68824753e-06	2.85950607e-09	1.27309318e-11	4.15305622e-22	2.16442523e-34	1.80291005e-48	9.89345286e-65	4.53255695e-83	3.85290476e-103	6.22329626e-123	1.65530812e-142	2.74876794e-162	5.10553314e-182	
5.5	8.80013653e-11	9.53515123e-06	3.86921627e-03	7.16604491e-02	3.20559463e-01	4.33959683e-01	1.53351970e-01	1.60407176e-02	5.31048968e-04	1.71333339e-05	7.83977294e-07	6.92479449e-15	1.78675582e-24	1.48556835e-35	2.00193571e-48	5.14927350e-63	3.96110942e-79	8.76953857e-97	1.24484378e-115	2.49617761e-135	5.38201291e-155	
5.6	2.57713546e-12	4.16400661e-07	2.20190139e-04	7.02352729e-03	6.21390571e-02	2.34701387e-01	3.60310513e-01	2.26360477e-01	6.76019617e-02	3.15274204e-02	1.01150426e-02	7.82354903e-09	2.94708406e-16	6.34447849e-25	4.53628689e-35	1.21435870e-46	1.76376987e-59	1.80015273e-73	2.13845203e-88	5.17797547e-108	1.29731553e-127	
5.7	6.72333326e-16	1.60002196e-10	1.12314954e-07	5.96832865e-06	9.80207481e-05	1.16802023e-03	8.32695926e-03	3.13106412e-02	7.38806478e-02	3.33037056e-01	5.52156809e-01	1.57647028e-05	3.35141686e-11	6.47226832e-18	7.33196582e-26	5.34097339e-35	3.40356790e-45	3.04532274e-56	5.01504322e-68	1.46634405e-87	4.27380963e-107	
5.8	1.68405141e-20	5.83382901e-15	5.50642208e-12	4.73614644e-10	1.37016923e-08	5.52153073e-07	1.67729449e-05	3.16972810e-04	4.49483462e-03	1.34444422e-01	8.60262609e-01	4.63795025e-04	2.63428879e-08	1.97286029e-13	1.35522156e-19	9.22115540e-27	8.07491934e-35	1.69561317e-43	9.27424875e-53	3.27445847e-72	1.11153072e-91	
5.9	1.22836010e-24	6.12660928e-19	7.84061411e-16	1.06442417e-13	5.19338032e-12	6.69941100e-10	7.32362846e-08	5.56496945e-06	3.59406305e-04	5.20143871e-02	9.41962548e-01	5.65328412e-03	4.73441355e-06	7.04727984e-10	1.36008776e-14	3.68592708e-20	1.75965551e-26	3.04163461e-33	1.77437185e-40	7.56500469e-60	2.99449974e-79	
6	3.11372202e-28	2.21314920e-22	3.85882543e-19	8.08563441e-17	6.41586171e-15	2.34778663e-12	7.73739077e-10	1.92109576e-07	4.44757240e-05	2.40679565e-02	9.34704450e-01	4.08696517e-02	3.12732394e-04	5.40193669e-07	1.57465883e-10	8.61991131e-15	1.07288683e-19	6.63049530e-25	1.67195738e-30	8.60768806e-50	3.97822632e-69	
6.1	2.07858050e-31	2.08521285e-25	4.96403887e-22	1.57394483e-19	1.97004331e-17	1.79323487e-14	1.52218653e-11	1.03514582e-08	7.04958096e-06	1.15762794e-02	7.99804964e-01	1.79989346e-01	8.51195144e-03	1.10105457e-04	2.93486283e-07	1.89006906e-10	3.40182830e-14	3.86853426e-18	2.05548946e-22	1.27781262e-41	6.90522915e-61	
6.2	2.36522407e-34	3.31949047e-28	1.07904570e-24	5.08608343e-22	9.78494165e-20	1.96591579e-16	3.76507566e-13	6.06242886e-10	1.03385127e-06	4.35012642e-03	4.82362728e-01	4.18533482e-01	8.86546910e-02	5.99974793e-03	9.77078909e-05	4.81486137e-07	7.81862982e-10	9.63271020e-13	6.08696011e-16	5.38143775e-33	1.50356082e-51	
6.3	3.04736894e-37	5.93438836e-31	2.63034164e-27	1.81389931e-24	5.24613400e-22	2.10062282e-18	8.13850801e-15	2.75472804e-11	1.03224559e-07	9.70393602e-04	1.63615175e-01	4.31371963e-01	3.14639061e-01	8.32289279e-02	6.01180257e-03	1.60944218e-04	1.61567713e-06	1.41320553e-08	6.73355225e-11	1.81248036e-24	2.50218048e-39	
6.4	3.52476603e-40	9.45249512e-34	5.69886709e-30	5.66727030e-27	2.41708322e-24	1.77179012e-20	1.27009863e-16	8.20328087e-13	6.07510726e-09	1.14149696e-04	2.83883846e-02	1.87952975e-01	3.82743357e-01	3.13589209e-01	7.81482368e-02	8.64924525e-03	3.96439553e-04	1.75587645e-05	4.38646740e-07	7.33134516e-18	9.19166057e-30	
6.5	3.43611446e-43	1.26020074e-36	1.03022467e-32	1.45832045e-29	9.01975754e-27	1.12859403e-22	1.39172499e-18	1.58510034e-14	2.12857713e-10	7.29981200e-06	2.62589728e-03	3.77028488e-02	1.82120383e-01	3.85375417e-01	2.72432937e-01	1.00197259e-01	1.64479078e-02	2.81429202e-03	2.75757638e-04	8.08914346e-13	2.39800941e-22	
6.6	2.42599953e-46	1.20910375e-39	1.33565080e-35	2.65957539e-32	2.35064185e-29	4.74117471e-25	9.47838439e-21	1.78538008e-16	4.05314969e-12	2.35564554e-07	1.20811178e-04	3.37104312e-03	3.41192230e-02	1.62150486e-01	2.79183351e-01	2.86375582e-01	1.38564491e-01	7.36866021e-02	2.24281714e-02	4.22829390e-09	1.01762532e-16	
6.7	8.53681326e-50	5.74843499e-43	8.54790660e-39	2.36878021e-35	2.95331199e-32	9.16274652e-28	2.82964718e-23	8.36592330e-19	3.03292131e-14	2.81099291e-09	2.03149587e-06	1.01572489e-04	1.96118237e-03	1.88058019e-02	6.99647801e-02	1.73778974e-01	2.11942983e-01	2.93936385e-01	2.29505038e-01	1.24917057e-06	1.04384851e-12	
6.8	2.09713578e-53	1.89784254e-46	3.78421129e-42	1.44534372e-38	2.51282838e-35	1.15417958e-30	5.29298387e-26	2.35381877e-21	1.30069606e-16	1.82837083e-11	1.84347605e-08	1.55463508e-06	5.33069379e-05	9.49555844e-04	6.94235800e-03	3.72354089e-02	1.00887405e-01	3.16577115e-01	5.37308784e-01	4.44927507e-05	6.57338768e-10	
6.9	7.46355450e-57	9.03300855e-50	2.40612323e-45	1.25558143e-41	3.01295965e-38	1.98604140e-33	1.30983797e-28	8.46256120e-24	6.86229087e-19	1.40357565e-13	1.95660542e-10	2.65771509e-08	1.53106175e-06	4.74921732e-05	6.32191160e-04	6.66873932e-03	3.62315666e-02	2.29170288e-01	7.26702168e-01	5.45913646e-04	8.33965365e-08	
7	4.76807898e-60	7.68384099e-53	2.72403000e-48	1.92664818e-44	6.32339068e-41	5.83165554e-36	5.38827793e-31	4.91634377e-26	5.67114294e-21	1.63033461e-15	3.11658811e-12	6.57644545e-10	6.09129028e-08	3.12481238e-06	7.11669538e-05	1.36720887e-03	1.36969403e-02	1.58916755e-01	8.22255797e-01	3.68514556e-03	3.80001204e-06	
7.1	5.29029474e-63	1.13049793e-55	5.31553353e-51	5.05902440e-47	2.25244819e-43	2.84687530e-38	3.60730272e-33	4.54201154e-28	7.26536496e-23	2.85189999e-17	7.41828284e-14	2.36149358e-11	3.39322172e-09	2.76038532e-07	1.02132167e-05	3.35212014e-04	5.77814017e-03	1.13834674e-01	8.63482624e-01	1.64771557e-02	8.17010631e-05	
7.2	9.21763522e-66	2.60219117e-58	1.61740031e-53	2.05775866e-49	1.23382255e-45	2.10147930e-40	3.58871513e-35	6.11912492e-30	1.32916415e-24	6.95051694e-19	2.44203486e-15	1.14442937e-12	2.47633007e-10	3.08491049e-08	1.77501760e-06	9.43433095e-05	2.64074582e-03	8.29295369e-02	8.59807279e-01	5.35515765e-02	9.74712362e-04	
7.3	2.25131541e-68	8.36687590e-61	6.85349696e-56	1.15872388e-51	9.29580276e-48	2.10477187e-42	4.77571589e-37	1.08577796e-31	3.14770907e-26	2.14707847e-20	1.01168431e-16	6.83458684e-14	2.17121806e-11	4.02059221e-09	3.46508902e-07	2.85000409e-05	1.23357520e-03	5.86070542e-02	8.00440446e-01	1.32546937e-01	7.14313783e-03	
7.4	6.92206973e-71	3.37566457e-63	3.63354682e-58	8.11938219e-54	8.66314913e-50	2.57853127e-44	7.68327624e-39	2.29995372e-33	8.77120278e-28	7.66274690e-22	4.80806957e-18	4.59569290e-15	2.09668563e-12	5.62478659e-10	7.02643691e-08	8.60003661e-06	5.52045342e-04	3.80064494e-02	6.73582012e-01	2.53742863e-01	3.41079590e-02	
7.5	2.44549414e-73	1.56004449e-65	2.20084178e-60	6.46733630e-56	9.12977832e-52	3.54001983e-46	1.37211683e-40	5.35128090e-35	2.65238608e-29	2.92039482e-23	2.42333663e-19	3.22273847e-16	2.07023403e-13	7.86480828e-11	1.38316881e-08	2.43551782e-06	2.23602840e-04	2.15156790e-02	4.93218934e-01	3.75307239e-01	1.09732096e-01	
7.6	9.41046961e-76	7.83066926e-68	1.44436009e-62	5.55568918e-58	1.03263737e-53	5.17745498e-48	2.58968175e-42	1.30446273e-36	8.31771908e-31	1.13772405e-24	1.23987327e-20	2.25907835e-17	2.00733741e-14	1.05789553e-11	2.55131403e-09	6.27386198e-07	7.98214564e-05	1.04121481e-02	3.09094880e-01	4.33388337e-01	2.47024183e-01	
7.7	3.94160680e-78	4.26626250e-70	1.02649617e-64	5.14590975e-60	1.25392864e-55	8.08037898e-50	5.18128722e-44	3.34640811e-38	2.72081136e-32	4.56360559e-26	6.48604648e-22	1.59596836e-18	1.92976001e-15	1.38474460e-12	4.47192013e-10	1.49582418e-07	2.56488752e-05	4.41866438e-03	1.70198951e-01	4.09024366e-01	4.16332219e-01	
7.8	1.86299120e-80	2.61564979e-72	8.19355542e-67	5.33159265e-62	1.69620346e-57	1.39781662e-51	1.14268151e-45	9.40434141e-40	9.67418788e-34	1.96600881e-27	3.61884975e-23	1.18631633e-19	1.92243263e-16	1.84610330e-13	7.81041713e-11	3.47106625e-08	7.82547862e-06	1.74091941e-03	8.70635668e-02	3.38232334e-01	5.72955320e-01	
7.9	1.03137595e-82	1.87339619e-74	7.62528071e-69	6.41563374e-64	2.65518908e-59	2.78646426e-53	2.88977127e-47	3.01422748e-41	3.89591846e-35	9.48616264e-29	2.24585771e-24	9.68299458e-21	2.07304617e-17	2.62144026e-14	1.42392216e-11	8.23174881e-09	2.38665770e-06	6.72339298e-04	4.36026731e-02	2.60859949e-01	6.94862644e-01	
8	6.82837930e-85	1.60043406e-76	8.45001212e-71	9.15706152e-66	4.91276235e-61	6.54238693e-55	8.57202761e-49	1.12781266e-42	1.81973493e-36	5.25384076e-30	1.58868555e-25	8.89763411e-22	2.48270118e-18	4.07186063e-15	2.78715234e-12	2.05639840e-09	7.51853239e-07	2.63661978e-04	2.21015637e-02	1.95445570e-01	7.82188450e-01	
