4	1.66212852e-01	8.33695172e-01	9.19761941e-05	1.30434428e-16	1.67223621e-35	1.10744125e-54	4.22687493e-74	1.02594056e-93	1.69576951e-113	2.08581732e-133	1.91359382e-153	1.43879235e-173	8.77312444e-194	4.38656217e-214	3.00449457e-234	1.78838960e-254	9.36329669e-275	4.18004320e-295	1.61391637e-315	0.00000000e+00	0.00000000e+00	0.00000000e+00	0.00000000e+00	0.00000000e+00	0.00000000e+00	0.00000000e+00	0.00000000e+00	
4.1	5.43372241e-02	9.39044278e-01	6.61849747e-03	1.84361606e-11	2.76553469e-30	2.15132998e-49	9.70948219e-69	2.80669534e-88	5.56464430e-108	8.24795018e-128	9.15838509e-148	8.33262242e-168	6.15635224e-188	3.73157485e-208	2.93593623e-228	2.00981403e-248	1.20985670e-268	6.17935918e-289	2.72206483e-309	0.00000000e+00	0.00000000e+00	0.00000000e+00	0.00000000e+00	0.00000000e+00	0.00000000e+00	0.00000000e+00	0.00000000e+00	
4.2	1.73338762e-02	8.17895423e-01	1.64770502e-01	1.99513165e-07	5.85380076e-22	5.34886765e-41	2.85470872e-60	9.82789550e-80	2.33724835e-99	4.17388148e-119	5.60900011e-139	6.17493276e-159	5.52814019e-179	4.06212080e-199	3.68045745e-219	2.90417219e-239	2.01482732e-259	1.18026320e-279	5.94710878e-300	2.61064287e-320	0.00000000e+00	0.00000000e+00	0.00000000e+00	0.00000000e+00	0.00000000e+00	0.00000000e+00	0.00000000e+00	
4.3	2.29946814e-03	2.58603315e-01	7.38979980e-01	1.17236789e-04	1.93774383e-15	6.30281500e-32	3.97779410e-51	1.63097880e-70	4.65262810e-90	9.97668697e-110	1.62046011e-129	2.15868503e-149	2.34176420e-169	2.08601836e-189	2.18154843e-209	1.98846822e-229	1.59357920e-249	1.07340649e-269	6.19785476e-290	3.11356105e-310	0.00000000e+00	0.00000000e+00	0.00000000e+00	0.00000000e+00	0.00000000e+00	0.00000000e+00	0.00000000e+00	
4.4	2.08532854e-04	5.08419668e-02	9.41437648e-01	7.51185254e-03	1.30684071e-10	4.78126518e-23	1.09023548e-39	5.32393548e-59	1.82170585e-78	4.53307257e-98	8.77176496e-118	1.41395698e-137	1.85863552e-157	2.00701411e-177	2.42853503e-197	2.55473911e-217	2.37076750e-237	1.84065803e-257	1.21680312e-277	7.01165788e-298	3.51567232e-318	0.00000000e+00	0.00000000e+00	0.00000000e+00	0.00000000e+00	0.00000000e+00	0.00000000e+00	
4.5	3.16852215e-05	1.55805187e-02	8.34199595e-01	1.50187488e-01	7.13230514e-07	4.75497594e-16	1.21452656e-28	3.80483376e-46	1.56166217e-65	3.81032614e-85	8.08625884e-105	1.57722190e-124	2.51217985e-144	3.28539833e-164	4.60972653e-184	5.47785753e-204	5.89968512e-224	5.28882583e-244	3.97178280e-264	2.62597213e-284	1.37507048e-304	0.00000000e+00	0.00000000e+00	0.00000000e+00	0.00000000e+00	0.00000000e+00	0.00000000e+00	
4.6	3.88961916e-06	3.63921914e-03	3.59127538e-01	6.36957290e-01	2.72063286e-04	7.72301694e-11	3.44512275e-20	1.76613240e-33	1.20608616e-50	2.04282880e-70	3.77197971e-90	8.90247754e-110	1.71816061e-129	2.69118575e-149	4.37363597e-169	5.35086439e-189	6.70425141e-209	6.93799227e-229	5.81704744e-249	4.38360761e-269	2.26625019e-289	1.40429428e-309	0.00000000e+00	0.00000000e+00	0.00000000e+00	0.00000000e+00	0.00000000e+00	
4.7	4.66263615e-07	7.90547014e-04	1.22687732e-01	8.64597533e-01	1.19232753e-02	4.46716858e-07	7.76735477e-14	9.31634190e-24	9.58091955e-37	9.03860334e-57	1.11797486e-76	3.19102295e-96	7.46246109e-116	1.30542488e-135	2.39813510e-155	2.49649709e-175	3.64744994e-195	4.34039376e-215	3.97071982e-235	3.33982673e-255	1.64970448e-275	1.17416689e-295	7.47781769e-316	0.00000000e+00	0.00000000e+00	0.00000000e+00	0.00000000e+00	
4.8	7.74899206e-08	2.28362122e-04	5.25785757e-02	8.21692107e-01	1.25269254e-01	2.31619119e-04	4.25747391e-09	2.53404216e-16	5.60377762e-26	5.10704022e-44	3.92758610e-64	1.34584729e-83	3.81205878e-103	5.99795259e-123	1.11989858e-142	8.38749682e-163	1.43231564e-182	1.94468064e-202	1.90580226e-222	1.72736538e-242	8.18036246e-263	6.70466563e-283	4.91941154e-303	4.94065646e-324	0.00000000e+00	0.00000000e+00	0.00000000e+00	
4.9	1.22347660e-08	6.04674762e-05	2.00686901e-02	5.57884251e-01	4.07763430e-01	1.42152905e-02	7.85807063e-06	6.52401206e-11	6.36521368e-18	2.91390549e-32	2.18261185e-48	1.44545982e-65	4.93162703e-85	5.29366050e-105	8.10791899e-125	4.23921325e-145	8.48131012e-165	1.30219257e-184	1.36012011e-204	1.28083633e-224	5.99109564e-245	5.66533874e-265	4.79828817e-285	7.68205500e-306	0.00000000e+00	0.00000000e+00	0.00000000e+00	
5	1.49400155e-09	1.20115563e-05	5.65448714e-03	2.58603198e-01	5.88910553e-01	1.45938585e-01	8.80842540e-04	3.21260155e-07	3.44039808e-12	1.47811335e-23	2.45346425e-36	1.05784949e-49	3.53701020e-65	2.60372672e-83	2.98542157e-103	1.16686398e-123	2.74149833e-143	4.73325001e-163	5.31652613e-183	5.09734055e-203	2.44805525e-223	2.66672691e-243	2.59838924e-263	5.42925937e-284	4.44766043e-304	4.94065646e-324	0.00000000e+00	
5.1	1.35199492e-10	1.72321241e-06	1.14209874e-03	8.30368095e-02	4.73065217e-01	4.27267137e-01	1.54058354e-02	8.11521055e-05	2.61983381e-08	2.82035768e-17	2.30758227e-27	8.19149048e-38	8.30470535e-50	2.52874992e-64	2.66561434e-80	4.42723983e-99	1.29131913e-118	2.50804895e-138	3.08129261e-158	3.00936873e-178	1.53249920e-198	1.89785539e-218	2.08477646e-238	5.50218129e-259	5.23767837e-279	3.99914365e-299	2.64038562e-319	
5.2	1.00445669e-11	1.98603574e-07	1.85224165e-04	2.10168880e-02	2.61127798e-01	6.20383678e-01	9.41082894e-02	3.16639967e-03	1.15238506e-05	1.09345161e-12	1.34710914e-20	8.25101510e-29	3.92328066e-38	9.54189212e-50	1.49276740e-62	1.45081883e-77	5.93118739e-93	1.30281322e-112	1.77569989e-132	1.78683186e-152	9.80482802e-173	1.32756017e-192	1.56314115e-212	5.04027708e-233	5.58974926e-253	4.94405566e-273	3.77149720e-293	
5.3	6.26130879e-13	1.88570301e-08	2.48521048e-05	4.35370712e-03	1.06924704e-01	5.64075168e-01	2.84925876e-01	3.88203299e-02	8.75341852e-04	3.19305399e-09	2.31339449e-15	8.22266637e-22	4.31215836e-29	2.32283775e-38	1.32040388e-48	1.37180591e-60	1.16684230e-72	2.91273663e-92	4.40143340e-112	4.60694941e-132	2.72423235e-152	3.77202568e-172	4.43074458e-192	1.70426357e-212	2.20748093e-232	2.26580274e-252	1.99859110e-272	
5.4	2.91978461e-14	1.31892615e-09	2.47246308e-06	6.64681936e-04	2.99668762e-02	3.15176143e-01	4.46662014e-01	1.89310400e-01	1.82160942e-02	1.31660969e-06	2.64838201e-11	2.48893684e-16	5.21173793e-22	2.25744184e-29	1.54019732e-37	4.44237943e-47	1.72775457e-56	4.88770404e-76	8.02065065e-96	8.76209959e-116	5.55160595e-136	7.35916348e-156	8.15401706e-176	3.70586615e-196	5.62048402e-216	6.70734185e-236	6.84674166e-256	
5.5	9.27551151e-16	6.20186184e-11	1.66503785e-07	6.84676413e-05	5.35773407e-03	1.03965070e-01	3.62652091e-01	4.00852902e-01	1.26996999e-01	1.06537780e-04	3.24494972e-08	4.44182718e-12	1.79909669e-16	2.79801184e-22	9.48433463e-29	2.60377444e-36	1.39111390e-43	4.39808370e-63	7.60322196e-83	8.69048886e-103	5.90386464e-123	7.27569737e-143	7.50845949e-163	4.04463444e-183	7.20083045e-203	1.00096334e-222	1.18350756e-242	
5.6	2.10927208e-17	2.06353811e-12	7.97940325e-09	5.00908408e-06	6.51935218e-04	2.20139275e-02	1.70624893e-01	4.32381599e-01	3.71973969e-01	2.34207571e-03	6.57505757e-06	8.23035031e-09	3.73318550e-12	1.09353606e-16	9.08764844e-22	1.01536902e-27	2.88264098e-33	9.59266614e-49	7.27949732e-66	1.50372200e-84	1.10877598e-104	1.28780695e-124	1.27002659e-144	8.19848029e-165	1.71775070e-184	2.78652066e-204	3.81976787e-224	
5.7	4.07823082e-19	5.77839211e-14	3.23009787e-10	3.08979411e-07	6.47464379e-05	3.63797647e-03	5.77569611e-02	3.04232472e-01	6.13655509e-01	2.03000577e-02	3.49194538e-04	2.76407721e-06	9.15477910e-09	3.00789944e-12	3.48150928e-16	8.08593704e-21	5.81084626e-25	4.48874368e-37	1.35669815e-50	2.09595859e-65	7.53468609e-82	2.00712056e-99	1.97687934e-118	1.55037198e-138	3.83243173e-158	7.26844264e-178	1.15627218e-197	
5.8	7.69484457e-21	1.56415019e-15	1.26573495e-11	1.83999536e-08	6.05275288e-06	5.46717648e-04	1.66416725e-02	1.68875686e-01	7.13686909e-01	9.29427818e-02	7.03366498e-03	2.61975655e-04	4.51085425e-06	1.09600359e-08	1.12781788e-11	3.21551308e-15	3.29489015e-18	1.22979042e-27	2.83382221e-38	5.58014091e-50	4.89240428e-63	4.86710324e-77	3.17823317e-92	9.74343462e-109	7.18713973e-126	1.59657445e-145	2.95049983e-165	
5.9	1.37141500e-22	3.96512042e-17	4.64142838e-13	1.02130337e-09	5.16861691e-07	7.30531484e-05	4.03271900e-03	7.42912740e-02	6.03266310e-01	2.45983785e-01	6.30525998e-02	8.69766474e-03	5.94369517e-04	7.65737527e-06	4.93142020e-08	1.14535734e-10	1.04559277e-12	5.38148703e-20	2.57324691e-28	1.59002938e-37	7.37242173e-48	5.45061649e-59	4.18725253e-71	2.82337227e-84	6.30418061e-98	1.64338283e-117	3.53187812e-137	
6	1.80847770e-24	7.37761072e-19	1.24597994e-14	4.12708847e-11	3.15986406e-08	6.84048082e-06	6.52447981e-04	2.08156738e-02	3.03803576e-01	3.24702072e-01	2.30714137e-01	9.69010961e-02	2.12528800e-02	1.11646285e-03	3.42897046e-05	4.68971814e-07	2.39809285e-08	6.15927120e-14	2.17850090e-20	1.38499810e-27	1.00399873e-35	1.52316853e-44	3.47396818e-54	1.12980479e-64	1.55509970e-75	4.76585883e-95	1.19253797e-114	
6.1	1.21951181e-26	6.96529018e-21	1.69031463e-16	8.37055856e-13	9.55695495e-10	3.11350440e-07	4.91391987e-05	2.61423809e-03	6.51233685e-02	1.59258340e-01	2.69734594e-01	2.93612302e-01	1.75177623e-01	3.05525191e-02	3.61617368e-03	2.22164656e-04	3.92240589e-05	2.16943068e-09	2.47250713e-14	6.62638672e-20	2.82007294e-26	3.13375382e-33	7.07513760e-41	3.30829500e-49	7.92775177e-58	2.86169437e-77	8.34702613e-97	
6.2	3.81585983e-29	3.03009530e-23	1.05126902e-18	7.72206749e-15	1.29790508e-11	6.26951153e-09	1.57519404e-06	1.35487702e-04	5.53082573e-03	2.79003585e-02	1.00568799e-01	2.48655649e-01	3.54772681e-01	1.74784507e-01	6.70179198e-02	1.45611501e-02	6.06743027e-03	3.60961362e-06	6.66365057e-10	3.66105918e-14	4.11695378e-19	1.46360181e-24	1.35836991e-30	3.47305270e-37	5.30528829e-44	2.25978121e-63	7.69313417e-83	
6.3	5.13706527e-32	5.63231663e-26	2.77725080e-21	2.99963391e-17	7.33400415e-14	5.18542475e-11	2.00509402e-08	2.71762657e-06	1.75999641e-04	1.69162615e-03	1.19077436e-02	6.01184775e-02	1.85294824e-01	2.26596407e-01	2.42896409e-01	1.50900934e-01	1.19968392e-01	4.45702256e-04	7.46635883e-07	4.66497756e-10	7.17539883e-14	4.17579785e-18	7.85375988e-23	5.05493979e-28	2.21464138e-33	1.11518274e-52	4.43730191e-72	
6.4	2.96093537e-35	4.45337205e-29	3.10153300e-24	4.88064432e-20	1.71675509e-16	1.75611379e-13	1.01552190e-10	2.12224378e-08	2.12350435e-06	3.65488810e-05	4.70005653e-04	4.45117473e-03	2.73031334e-02	7.45153116e-02	1.96579180e-01	2.91600122e-01	3.98748358e-01	6.23479410e-03	5.89676443e-05	2.58750466e-07	3.18175596e-10	1.75871089e-13	3.77889972e-17	3.27304308e-21	2.17937578e-25	2.65289320e-44	1.23545529e-63	
6.5	1.61134471e-38	3.30435190e-32	3.22884376e-27	7.33372463e-23	3.67240565e-19	5.37700190e-16	4.54223290e-13	1.43626368e-10	2.17207609e-08	6.37186989e-07	1.41942997e-05	2.35799242e-04	2.68954373e-03	1.49849976e-02	8.71403991e-02	2.67609681e-01	5.96379835e-01	2.98143530e-02	1.10718408e-03	2.32034160e-05	1.49622177e-07	5.06156645e-10	7.81134419e-13	5.48873035e-16	3.35158631e-19	2.37345727e-34	1.13195959e-50	
6.6	1.20456311e-41	3.34847878e-35	4.56053856e-30	1.48120644e-25	1.04546002e-21	2.16909144e-18	2.62688517e-15	1.23617659e-12	2.77291136e-10	1.33135960e-08	4.91942369e-07	1.35934554e-05	2.72264091e-04	2.87132553e-03	3.34937673e-02	1.91356655e-01	6.72609934e-01	8.86732366e-02	9.95051132e-03	7.39728113e-04	1.82105104e-05	2.66414189e-07	2.03819541e-09	7.76095463e-12	2.90682302e-14	2.13400952e-26	1.46293400e-39	
6.7	1.20563889e-44	4.51803528e-38	8.52066857e-33	3.92122762e-28	3.86398454e-24	1.12542317e-20	1.92456965e-17	1.32799280e-14	4.34644652e-12	3.30232075e-10	1.95176644e-08	8.59766551e-07	2.88011487e-05	5.39231450e-04	1.16497508e-02	1.14551578e-01	6.20607331e-01	1.87714879e-01	5.28746963e-02	1.11613576e-02	8.30119251e-04	4.02161756e-05	1.14131278e-06	1.71948307e-08	2.86720904e-10	5.54297751e-20	1.29396029e-30	
6.8	1.33450046e-47	6.70624641e-41	1.74016539e-35	1.12460280e-30	1.53316268e-26	6.21264201e-23	1.48196084e-19	1.47954677e-16	6.96329230e-14	8.13539222e-12	7.45656749e-10	5.05913689e-08	2.71892704e-06	8.55942941e-05	3.20317269e-03	5.12158066e-02	4.19928693e-01	2.62608977e-01	1.62503612e-01	8.26053242e-02	1.56158655e-02	2.04893355e-03	1.72687968e-04	8.09721077e-06	4.65293803e-07	7.97254017e-15	2.01887932e-23	
6.9	1.17312098e-50	7.86622635e-44	2.79119637e-38	2.51199542e-33	4.69724120e-29	2.62564342e-25	8.64757039e-22	1.23390053e-18	8.24108635e-16	1.44456775e-13	1.99996177e-11	2.03169110e-09	1.69072776e-07	8.54872812e-06	5.24114140e-04	1.30649677e-02	1.59589113e-01	1.90415205e-01	2.34556270e-01	2.53979003e-01	1.07197570e-01	3.27647184e-02	6.92230245e-03	8.42296413e-04	1.35719244e-04	8.66940170e-11	9.59488539e-18	
7	6.34063017e-54	5.64606340e-47	2.72342920e-41	3.38551208e-36	8.61132479e-32	6.58594537e-28	2.96863433e-24	5.98617866e-21	5.60538610e-18	1.44307037e-15	2.94938802e-13	4.38223163e-11	5.47825730e-09	4.28083806e-07	4.10508159e-05	1.54479153e-03	2.77169749e-02	5.92309417e-02	1.34711499e-01	2.83133179e-01	2.41562867e-01	1.53495203e-01	7.14267137e-02	1.96458773e-02	7.49037872e-03	8.94286224e-08	2.10106318e-13	
7.1	1.98857380e-57	2.34133909e-50	1.52671381e-44	2.60138911e-39	8.92947851e-35	9.27087128e-31	5.67422570e-27	1.60021472e-23	2.07766155e-20	7.71151905e-18	2.28123131e-15	4.86014593e-13	8.89418180e-11	1.03981979e-08	1.50097177e-06	8.31505510e-05	2.16311725e-03	7.86943602e-03	3.11551645e-02	1.18289999e-01	1.88776861e-01	2.28567285e-01	2.11995028e-01	1.18542620e-01	9.25439459e-02	1.18807451e-05	3.33756484e-10	
7.2	3.92506644e-61	6.08457498e-54	5.33500126e-48	1.23690122e-42	5.68575323e-38	7.95375078e-34	6.56198166e-30	2.56307825e-26	4.56693493e-23	2.40461181e-20	1.01198325e-17	3.03995408e-15	7.96673592e-13	1.35607846e-10	2.85434566e-08	2.28064072e-06	8.49907797e-05	5.04940699e-04	3.31977994e-03	2.15176665e-02	6.03824909e-02	1.30148658e-01	2.22537185e-01	2.32920179e-01	3.28291142e-01	2.90596042e-04	6.18513246e-08	
7.3	7.14685122e-65	1.45281246e-57	1.70429949e-51	5.33909305e-46	3.26248894e-41	6.10409949e-37	6.74119600e-33	3.61344785e-29	8.75162358e-26	6.44430222e-23	3.80022211e-20	1.58653676e-17	5.84268214e-15	1.41517453e-12	4.23056554e-10	4.79416640e-08	2.53101168e-06	2.37316329e-05	2.49346184e-04	2.63596855e-03	1.23731277e-02	4.49793746e-02	1.33222270e-01	2.44530593e-01	5.59589156e-01	2.39117069e-03	2.68262988e-06	
7.4	1.64315200e-68	4.36359611e-61	6.81646172e-55	2.86600386e-49	2.31112762e-44	5.74296059e-40	8.43429142e-36	6.15121512e-32	2.00690442e-28	2.04075417e-25	1.66405555e-22	9.53405813e-20	4.85417884e-17	1.64051131e-14	6.81441167e-12	1.07982020e-09	7.99260026e-08	1.14923941e-06	1.86900482e-05	3.10477872e-04	2.34009685e-03	1.37352007e-02	6.70141544e-02	2.04741923e-01	7.00898672e-01	1.08912999e-02	4.82550992e-05	
7.5	5.17975926e-72	1.79040102e-64	3.70745792e-58	2.07880093e-52	2.19633738e-47	7.19733341e-43	1.39637441e-38	1.37427072e-34	5.98935867e-31	8.31733378e-28	9.26728926e-25	7.20651569e-22	5.00154365e-19	2.31952754e-16	1.31426546e-13	2.87690623e-11	2.95693496e-09	6.36404837e-08	1.55978360e-06	3.94747331e-05	4.61760353e-04	4.22196207e-03	3.25620686e-02	1.58773932e-01	7.68674924e-01	3.47806342e-02	4.83617440e-04	
7.6	2.18644397e-75	9.80216054e-68	2.67921314e-61	1.99074183e-55	2.73607468e-50	1.17427141e-45	2.98990672e-41	3.93977838e-37	2.27520336e-33	4.27127199e-30	6.43425646e-27	6.72341303e-24	6.28213346e-21	3.94016905e-18	2.99904250e-15	8.97350593e-13	1.26936763e-10	4.00522186e-09	1.44621278e-07	5.43190653e-06	9.58371777e-05	1.32471012e-03	1.56057979e-02	1.17316809e-01	7.76453797e-01	8.60704418e-02	3.12702639e-03	
7.7	1.17061443e-78	6.78352310e-71	2.43719643e-64	2.38496862e-58	4.23316494e-53	2.36290382e-48	7.84358658e-44	1.37337102e-39	1.04307247e-35	2.62313587e-32	5.29149021e-29	7.36461610e-26	9.16253674e-23	7.67422322e-20	7.74529057e-17	3.13829286e-14	6.05935818e-12	2.75317751e-10	1.43605155e-08	7.82864077e-07	2.03340049e-05	4.14294614e-04	7.24268744e-03	8.15583113e-02	7.24527261e-01	1.72119903e-01	1.41164108e-02	
7.8	7.52388030e-82	5.61666904e-74	2.64201322e-67	3.38395689e-61	7.69949632e-56	5.54998071e-51	2.38561741e-46	5.50902977e-42	5.46257323e-38	1.82483229e-34	4.88635404e-31	8.98349731e-28	1.47344251e-24	1.62957625e-21	2.15662704e-18	1.17355317e-15	3.06907440e-13	1.97699369e-11	1.46460529e-09	1.13676572e-07	4.25670259e-06	1.25105451e-04	3.16640994e-03	5.21127522e-02	6.15730113e-01	2.82352254e-01	4.65089937e-02	
7.9	5.55550614e-85	5.32486577e-77	3.26678867e-70	5.44286594e-64	1.57541529e-58	1.45600670e-53	8.04745756e-49	2.43283443e-44	3.12717237e-40	1.37703846e-36	4.85477021e-33	1.17010030e-29	2.50709193e-26	3.62398098e-23	6.22952296e-20	4.51827384e-17	1.58905571e-14	1.43149572e-12	1.48391689e-10	1.61258495e-08	8.54957425e-07	3.55748163e-05	1.27628945e-03	3.00550212e-02	4.70059327e-01	3.83143753e-01	1.15429164e-01	
8	4.61491580e-88	5.66040721e-80	4.51177935e-73	9.71635495e-67	3.54922979e-61	4.17425307e-56	2.94544640e-51	1.15713244e-46	1.91484162e-42	1.10338440e-38	5.08305885e-35	1.59454430e-31	4.42574298e-28	8.28315635e-25	1.83419566e-21	1.76131051e-18	8.27525548e-16	1.03003874e-13	1.47455780e-11	2.21064998e-09	1.63374488e-07	9.46853222e-06	4.72742610e-04	1.56326897e-02	3.22676587e-01	4.37556332e-01	2.23652015e-01	
