4	1.47045197e-01	8.52712255e-01	2.42548173e-04	6.92994784e-23	8.99993187e-42	6.42852281e-61	2.79500999e-80	8.73440628e-100	1.89878402e-119	2.78006456e-139	2.46023417e-159	1.13899733e-179	8.84795574e-200	
4.1	4.67098633e-02	9.40445368e-01	1.28447688e-02	4.34561485e-21	6.65821125e-40	5.60833164e-59	2.86153977e-78	1.04845192e-97	2.68468982e-117	4.68785887e-137	5.02105633e-157	2.80835418e-177	2.51284383e-197	
4.2	1.29835487e-02	7.52331713e-01	2.34684738e-01	9.40205715e-20	1.69954579e-38	1.68806690e-57	1.01081846e-76	4.34237689e-96	1.30968062e-115	2.72696743e-135	3.53508860e-155	2.38857337e-175	2.46356430e-195	
4.3	1.39736248e-03	2.02045429e-01	7.96557208e-01	2.81965374e-18	6.01320907e-37	7.04312526e-56	4.94914289e-75	2.49276862e-94	8.85562038e-114	2.19497337e-133	3.44390564e-153	2.81135163e-173	3.34453800e-193	
4.4	9.66947771e-05	3.11608082e-02	9.68742497e-01	6.69119046e-14	1.68323369e-32	2.32295125e-51	1.91567811e-70	1.13119462e-89	4.73065650e-109	1.38072984e-128	2.62197078e-148	2.58577002e-168	3.55071150e-188	
4.5	9.00031264e-06	5.90732079e-03	9.94083679e-01	1.86811302e-10	4.26697148e-25	6.87722053e-44	6.65430131e-63	4.59773461e-82	2.24806119e-101	7.41885407e-121	1.70513097e-140	2.03144134e-160	3.22225957e-180	
4.6	1.18821171e-06	1.48088213e-03	9.98517823e-01	1.06456336e-07	1.19213257e-18	3.34817229e-34	3.79099904e-53	3.01207617e-72	1.64846549e-91	5.62539409e-111	1.56486977e-130	2.25229178e-150	4.13006900e-170	
4.7	2.09462510e-07	4.72317707e-04	9.99510505e-01	1.69681217e-05	1.54481834e-13	2.18196939e-25	3.25431167e-42	2.73196077e-61	1.44586439e-80	4.57175859e-100	1.53920894e-119	2.67637315e-139	5.67822182e-159	
4.8	4.74055043e-08	1.88780107e-04	9.98920469e-01	8.90701859e-04	1.37779743e-09	1.36763479e-18	1.67806888e-31	5.06158895e-48	2.05964963e-67	5.65573649e-87	2.30470108e-106	4.84130049e-126	1.18942105e-145	
4.9	1.44998541e-08	1.01683317e-04	9.83491865e-01	1.64052249e-02	1.21261004e-06	1.89029431e-13	2.42167320e-23	2.83313269e-36	2.01488907e-52	4.82284700e-72	2.37859889e-91	6.03628699e-111	1.71890739e-130	
5	6.19050293e-09	7.69422283e-05	8.78348755e-01	1.21397729e-01	1.76565792e-04	1.48532066e-09	3.80088190e-17	2.84990702e-27	4.74744382e-40	4.39965930e-56	5.11691506e-74	1.56873974e-93	5.18266145e-113	
5.1	2.67471138e-09	5.89733206e-05	5.86949782e-01	4.06613106e-01	6.37680608e-03	1.33014673e-06	2.09987528e-12	2.70160928e-20	2.24874789e-30	5.70173208e-43	5.75734437e-57	2.13242873e-76	8.18150992e-96	
5.2	8.17297155e-10	3.15459417e-05	2.59038246e-01	6.67450322e-01	7.32696902e-02	2.10185497e-04	8.95649721e-09	7.30250407e-15	9.15950399e-23	1.34763234e-32	1.94155219e-43	8.68742336e-63	3.87502704e-82	
5.3	1.58235475e-10	1.04170860e-05	7.50370191e-02	5.90223797e-01	3.26584189e-01	8.13950684e-03	5.07149551e-06	1.20680611e-10	8.87069825e-17	2.22040316e-24	1.08674925e-32	5.87463810e-52	3.04985886e-71	
5.4	1.82313925e-11	1.97923042e-06	1.36464449e-02	2.83447417e-01	6.10558773e-01	9.18241999e-02	5.20990069e-04	1.95838526e-07	3.98698533e-12	6.41565144e-18	3.40895932e-24	2.22618634e-43	1.34675523e-62	
5.5	1.30535108e-12	2.25464365e-07	1.61748825e-03	7.92257562e-02	5.40364436e-01	3.65743349e-01	1.30014152e-02	4.73146036e-05	1.46935885e-08	7.01115179e-13	1.63270724e-17	1.28813195e-36	9.09184039e-56	
5.6	6.30275120e-14	1.67321830e-08	1.34217584e-04	1.41521571e-02	2.58851338e-01	6.21674085e-01	1.02733519e-01	2.44745477e-03	7.20669501e-06	5.50290640e-09	2.72956299e-12	2.60156604e-31	2.14526764e-50	
5.7	2.29357441e-15	9.07083584e-10	8.63030470e-06	1.81856688e-03	7.81123172e-02	5.49201319e-01	3.32206354e-01	3.79227147e-02	7.24655753e-04	5.40844492e-06	3.21745532e-08	7.48542704e-26	7.22183050e-45	
5.8	6.21513420e-17	3.56284258e-11	4.21379148e-07	1.66951719e-04	1.51549233e-02	2.67303131e-01	4.88735968e-01	2.08549775e-01	1.91072362e-02	9.39181268e-04	4.24117244e-05	5.86594827e-19	7.08849867e-35	
5.9	1.12011112e-18	9.09313271e-13	1.38569877e-08	9.81587618e-06	1.73250965e-03	6.78217428e-02	3.21611044e-01	4.21172693e-01	1.45232275e-01	3.42642613e-02	8.15564426e-03	1.19262508e-13	3.16418493e-26	
6	9.08145899e-21	1.02383093e-14	2.06412117e-10	2.50717599e-07	8.05557268e-05	6.35513237e-03	6.91715572e-02	2.37679826e-01	2.54081337e-01	2.23282582e-01	2.09348758e-01	8.20759698e-10	1.03842317e-19	
6.1	2.39233446e-23	3.68519194e-17	1.00140229e-12	2.01340877e-09	1.11743300e-06	1.64685038e-04	3.73065293e-03	2.96854181e-02	8.41711896e-02	2.24838546e-01	6.57408156e-01	2.32199946e-07	4.16550875e-15	
6.2	5.84496966e-26	1.21387909e-19	4.50049032e-15	1.45354143e-11	1.33560467e-08	3.46307927e-06	1.50952794e-04	2.51683066e-03	1.66887172e-02	1.15094903e-01	8.65533557e-01	1.15624713e-05	1.12209390e-11	
6.3	2.28915424e-28	6.33953722e-22	3.23005897e-17	1.63270497e-13	2.39892195e-10	1.04284394e-07	8.20748676e-06	2.64481772e-04	3.70291129e-03	5.78115692e-02	9.37976096e-01	2.36623732e-04	5.77716976e-09	
6.4	1.53291436e-30	5.61060902e-24	3.94215669e-19	3.04841496e-15	6.95621218e-12	4.87523063e-09	6.57655154e-07	3.83531985e-05	1.04295039e-03	3.31338191e-02	9.63173416e-01	2.60992580e-03	8.72511162e-07	
6.5	1.69217587e-32	8.12471899e-26	7.87737582e-21	9.12981688e-17	3.15585384e-13	3.45131420e-10	7.64457820e-08	7.64214210e-06	3.76859152e-04	2.23347042e-02	9.59722725e-01	1.75085797e-02	4.94127397e-05	
6.6	2.73905856e-34	1.71489004e-27	2.29111797e-22	3.90852647e-18	2.00265966e-14	3.32483961e-11	1.16627866e-08	1.91052988e-06	1.61367906e-04	1.66070537e-02	9.06377158e-01	7.56257279e-02	1.22677047e-03	
6.7	5.43272417e-36	4.41300705e-29	8.10035708e-24	2.00028896e-19	1.49021434e-15	3.66711423e-12	1.97546831e-09	5.10416256e-07	7.03851847e-05	1.18542245e-02	7.60272142e-01	2.13165761e-01	1.46369743e-02	
6.8	1.09954141e-37	1.15399419e-30	2.89913678e-25	1.02062583e-20	1.08667552e-16	3.88113706e-13	3.12685120e-10	1.23356530e-07	2.66640794e-05	6.99252795e-03	5.17902317e-01	3.86918221e-01	8.81601466e-02	
6.9	2.00202473e-39	2.70534522e-32	9.26091524e-27	4.58338497e-22	6.86439478e-18	3.49162908e-14	4.10994783e-11	2.40642100e-08	7.87312509e-06	3.08215457e-03	2.67108739e-01	4.49733620e-01	2.80067589e-01	
7	3.28339936e-41	5.69477424e-34	2.64310610e-28	1.81495512e-23	3.76777546e-19	2.68302074e-15	4.51988931e-12	3.83051775e-09	1.83971344e-06	1.03691069e-03	1.07688967e-01	3.62647612e-01	5.28624667e-01	
7.1	5.44823899e-43	1.20967969e-35	7.57351818e-30	7.12634570e-25	2.02257967e-20	1.98438465e-16	4.69508631e-13	5.63252313e-10	3.86535571e-07	3.03947211e-04	3.87535549e-02	2.39344261e-01	7.21597850e-01	
7.2	1.01829095e-44	2.88738662e-37	2.42584146e-31	3.09155841e-26	1.18390685e-21	1.57655258e-17	5.14965830e-14	8.56807562e-11	8.19993698e-08	8.74925480e-05	1.39799971e-02	1.48324364e-01	8.37608065e-01	
7.3	2.24976720e-46	8.12928324e-39	9.11738997e-33	1.55608192e-27	7.93964694e-23	1.41474517e-18	6.27819964e-15	1.42171509e-11	1.85585652e-08	2.62107659e-05	5.33316162e-03	9.23664698e-02	9.02274139e-01	
7.4	5.94605235e-48	2.73213893e-40	4.06888254e-34	9.19910682e-29	6.17720094e-24	1.45275200e-19	8.62617476e-16	2.61229214e-12	4.55767391e-09	8.33325147e-06	2.18386103e-03	5.92187378e-02	9.38589063e-01	
7.5	1.87328993e-49	1.09237309e-41	2.14913195e-35	6.36829179e-30	5.56085973e-25	1.70322650e-20	1.33377491e-16	5.31198793e-13	1.21532258e-09	2.81970499e-06	9.58696038e-04	3.92920380e-02	9.59746445e-01	
7.6	6.98094579e-51	5.15590191e-43	1.33311502e-36	5.12296686e-31	5.74834735e-26	2.26332768e-21	2.30474079e-17	1.18805538e-13	3.50147725e-10	1.01249083e-06	4.48344385e-04	2.69348390e-02	9.72615804e-01	
7.7	3.05025138e-52	2.84767827e-44	9.62740045e-38	4.74820767e-32	6.76600924e-27	3.38101378e-22	4.41612841e-18	2.90127044e-14	1.08311017e-10	3.84023588e-07	2.21714912e-04	1.89995521e-02	9.80778349e-01	
7.8	1.54955530e-53	1.82492495e-45	8.02511102e-39	5.02732404e-33	8.99164261e-28	5.63116605e-23	9.30864726e-19	7.67893616e-15	3.57390678e-11	1.53113860e-07	1.15113373e-04	1.37287147e-02	9.86156019e-01	
7.9	9.08378057e-55	1.34647777e-46	7.66259574e-40	6.03324862e-34	1.33877569e-28	1.03785855e-23	2.14275174e-19	2.18790012e-15	1.25050248e-11	6.38970672e-08	6.23675403e-05	1.01214192e-02	9.89816149e-01	
8	6.10264970e-56	1.13596249e-47	8.32168742e-41	8.14962090e-35	2.21799418e-29	2.10285193e-24	5.35290585e-20	6.67122704e-16	4.61670162e-12	2.78072243e-08	3.50812161e-05	7.58784551e-03	9.92377045e-01	
