4	9.99350476e-01	6.49523650e-04	5.07274073e-16	1.90568416e-35	7.66134974e-55	4.87984051e-74	1.68270361e-93	4.36997766e-113	
4.1	9.74044035e-01	2.59559648e-02	2.81517911e-11	2.79538492e-28	1.21564902e-47	9.26632398e-67	3.79767387e-86	1.13986075e-105	
4.2	6.51566723e-01	3.48433154e-01	1.23768153e-07	1.19205892e-20	5.38248498e-40	4.91013027e-59	2.39168552e-78	8.30331017e-98	
4.3	1.44366688e-01	8.55602330e-01	3.09813095e-05	4.49834919e-15	5.12242664e-33	5.59210793e-52	3.23729766e-71	1.30111236e-90	
4.4	2.75394670e-02	9.71168419e-01	1.29211358e-03	6.04655902e-11	7.10308509e-25	8.90108158e-43	6.12431656e-62	2.85210099e-81	
4.5	1.00955068e-02	9.71822317e-01	1.80821028e-02	7.34288766e-08	1.27840596e-18	2.33898379e-32	1.91265338e-51	1.03308494e-70	
4.6	5.92625894e-03	8.86909426e-01	1.07151099e-01	1.32158498e-05	7.69331061e-14	3.02930241e-24	2.94392857e-43	1.84607039e-62	
4.7	3.39431923e-03	6.65416523e-01	3.30606658e-01	5.82498832e-04	3.60519878e-10	6.67241910e-18	7.70700802e-37	5.61653403e-56	
4.8	1.41375593e-03	3.65511837e-01	6.22071812e-01	1.10022628e-02	3.32500808e-07	8.63195821e-13	1.18497603e-31	1.00472788e-50	
4.9	4.82577022e-04	1.67850156e-01	7.58036866e-01	7.35838369e-02	4.65576751e-05	6.48256894e-09	1.05767064e-27	1.04461301e-46	
5	1.25717166e-04	6.14837202e-02	6.64359032e-01	2.71932538e-01	2.09172011e-03	7.27221123e-06	1.41016318e-24	1.62431260e-43	
5.1	2.33394575e-05	1.66302110e-02	3.95530086e-01	5.52649647e-01	3.35800984e-02	1.58661803e-03	3.65656033e-22	4.91856604e-41	
5.2	2.76266822e-06	2.94153598e-03	1.43698422e-01	5.78318897e-01	1.97078087e-01	7.79602958e-02	3.32456070e-18	5.22959911e-37	
5.3	1.10871242e-07	1.79159278e-04	1.69615654e-02	1.71453134e-01	2.49544696e-01	5.61861335e-01	1.29959016e-13	8.04073815e-30	
5.4	1.91828978e-09	4.73914473e-06	8.27474216e-04	1.88123139e-02	9.40998388e-02	8.86255632e-01	2.00945413e-10	4.75463995e-23	
5.5	3.97981669e-11	1.50493375e-07	4.64425389e-05	2.17177007e-03	3.13742532e-02	9.66407329e-01	5.51661366e-08	9.67564344e-18	
5.6	1.21546616e-12	7.01009361e-09	3.68464738e-06	3.29590240e-04	1.19568541e-02	9.87705044e-01	4.81967711e-06	1.70204534e-13	
5.7	5.36085520e-14	4.68483710e-10	4.06131024e-07	6.54885477e-05	5.32798808e-03	9.94430585e-01	1.75530998e-04	4.43253022e-10	
5.8	3.38545034e-15	4.44451942e-11	6.17680556e-08	1.70987685e-05	2.84553610e-03	9.93962021e-01	3.17503024e-03	2.51868827e-07	
5.9	3.11971864e-16	6.09312633e-12	1.32367133e-08	6.03998185e-06	1.90660173e-03	9.66870522e-01	3.11764058e-02	4.04172751e-05	
6	3.77594991e-17	1.08592154e-12	3.60593213e-09	2.62126927e-06	1.47482275e-03	8.36110975e-01	1.60390044e-01	2.02153398e-03	
6.1	4.59373453e-18	1.92503389e-13	9.57698550e-10	1.07750520e-06	1.02593873e-03	5.64116118e-01	4.02241271e-01	3.26155937e-02	
6.2	4.61597821e-19	2.78974777e-14	2.04206580e-10	3.46858245e-07	5.35137023e-04	2.80575977e-01	5.22566040e-01	1.96322499e-01	
6.3	3.41636373e-20	2.94802969e-15	3.12389240e-11	7.84038584e-08	1.88937967e-04	9.84967296e-02	3.85140411e-01	5.16173843e-01	
6.4	2.04686740e-21	2.49772737e-16	3.77496843e-12	1.37361507e-08	5.01019201e-05	2.74760659e-02	1.99191748e-01	7.73282070e-01	
6.5	1.22341598e-22	2.09173477e-17	4.44863814e-13	2.30822273e-09	1.24004920e-05	7.54487409e-03	9.43031018e-02	8.98139621e-01	
6.6	8.10379354e-24	1.92443770e-18	5.68798748e-14	4.14527913e-10	3.20202919e-06	2.26012989e-03	4.64921164e-02	9.51244551e-01	
6.7	6.08682496e-25	1.99086336e-19	8.08390174e-15	8.16403353e-11	8.87303248e-07	7.52741552e-04	2.46603566e-02	9.74586014e-01	
6.8	5.16356719e-26	2.30746571e-20	1.27338278e-15	1.76005421e-11	2.63874106e-07	2.76463028e-04	1.40620373e-02	9.85661236e-01	
6.9	4.90026666e-27	2.96879712e-21	2.20392026e-16	4.12080341e-12	8.36749153e-08	1.10460999e-04	8.54044518e-03	9.91349010e-01	
7	5.15083003e-28	4.19885832e-22	4.15237625e-17	1.03900780e-12	2.80862547e-08	4.73988647e-05	5.46774983e-03	9.94484823e-01	
7.1	5.94944108e-29	6.47688915e-23	8.45109324e-18	2.80029253e-13	9.91514278e-09	2.16021253e-05	3.65521404e-03	9.96323174e-01	
7.2	7.49843977e-30	1.08205239e-23	1.84536991e-18	8.01653190e-14	3.66081746e-09	1.03617879e-05	2.53144893e-03	9.97458186e-01	
7.3	1.02597779e-30	1.94753308e-24	4.30023407e-19	2.42488892e-14	1.40723007e-09	5.19241273e-06	1.80413396e-03	9.98190672e-01	
7.4	1.51754280e-31	3.75979589e-25	1.06452640e-19	7.71494415e-15	5.61029944e-10	2.70175747e-06	1.31594799e-03	9.98681350e-01	
7.5	2.41951019e-32	7.76012313e-26	2.78990280e-20	2.57300472e-15	2.31342201e-10	1.45311556e-06	9.78291109e-04	9.99020256e-01	
7.6	4.15001909e-33	1.70824702e-26	7.71948765e-21	8.96826729e-16	9.84392496e-11	8.04873529e-07	7.38763836e-04	9.99260431e-01	
7.7	7.65042992e-34	4.00489589e-27	2.25093325e-21	3.26045254e-16	4.31684886e-11	4.58018480e-07	5.65497219e-04	9.99434045e-01	
7.8	1.51591662e-34	9.99487412e-28	6.91128734e-22	1.23510457e-16	1.95034793e-11	2.67455920e-07	4.38383203e-04	9.99561349e-01	
7.9	3.23463473e-35	2.65852032e-28	2.23656989e-22	4.87872778e-17	9.09311647e-12	1.60379927e-07	3.44422242e-04	9.99655417e-01	
8	7.45486221e-36	7.55531868e-29	7.64549924e-23	2.01369243e-17	4.38682196e-12	9.89842818e-08	2.74978736e-04	9.99724922e-01	
