4	9.99999864e-01	1.35627257e-07	4.71304723e-25	1.07114713e-43	1.17708472e-62	7.84723178e-82	3.41183999e-101	9.86080928e-121	1.72996659e-140	2.01158909e-160	2.34650583e-180	
4.1	9.99969780e-01	3.02199622e-05	2.40710463e-18	6.39048663e-37	8.19020184e-56	6.39160446e-75	3.26802572e-94	1.12029956e-113	2.36459864e-133	3.28215890e-153	4.41482671e-173	
4.2	9.97662793e-01	2.33720683e-03	5.70409702e-13	2.48561686e-30	3.71519921e-49	3.39380574e-68	2.04052780e-87	8.28169922e-107	2.10302169e-126	3.48453545e-146	5.40841806e-166	
4.3	9.26918108e-01	7.30818811e-02	1.10407626e-08	8.82982248e-22	1.53821617e-40	1.64464081e-59	1.16245467e-78	5.52025180e-98	1.68649995e-117	3.33570661e-137	5.97871901e-157	
4.4	4.22170685e-01	5.77814242e-01	1.50732894e-05	3.01145838e-15	3.32558315e-32	4.15256679e-51	3.43357591e-70	1.82588464e-89	6.71108394e-109	1.58452192e-128	3.28207867e-148	
4.5	6.91064276e-02	9.29435520e-01	1.45805240e-03	1.37128743e-10	1.89380725e-23	1.84926373e-41	1.72586442e-60	9.34516166e-80	4.13246750e-99	1.16469871e-118	2.79023227e-138	
4.6	1.36954927e-02	9.52238519e-01	3.40656335e-02	3.55300124e-07	7.83776468e-17	1.21324609e-30	4.37786205e-49	2.15498997e-68	1.14651524e-87	3.85733373e-107	1.06969880e-126	
4.7	4.19252539e-03	7.49113061e-01	2.46604193e-01	9.02207552e-05	5.55448199e-12	1.52986111e-22	6.23414288e-37	2.62070921e-56	1.67746868e-75	6.73682190e-95	2.16457987e-114	
4.8	1.24872003e-03	3.85908047e-01	6.09347378e-01	3.49583876e-03	1.60257050e-08	1.33901475e-16	7.54208262e-28	2.11372762e-43	1.51071462e-61	7.24250733e-81	2.69870233e-100	
4.9	3.18129791e-04	1.52967846e-01	8.05084934e-01	4.16234169e-02	5.67268309e-06	4.02975249e-12	6.79004730e-21	4.89661289e-33	3.97113759e-47	2.27259796e-66	9.83000124e-86	
5	6.79079356e-05	5.05984256e-02	7.23630342e-01	2.25229048e-01	4.74264106e-04	1.16829828e-08	1.90801436e-15	7.52235879e-25	1.07565277e-35	7.34785690e-55	3.69331828e-74	
5.1	1.02513111e-05	1.20353077e-02	4.10800027e-01	5.65889617e-01	1.12598471e-02	4.95004852e-06	3.31210473e-11	2.10766349e-18	1.21001569e-26	9.86720813e-46	5.76995994e-65	
5.2	1.11346002e-06	2.09060823e-03	1.55459128e-01	7.46285294e-01	9.57144399e-02	4.49353351e-04	6.27964360e-08	2.45615096e-13	1.74648520e-19	1.70007315e-38	1.15785139e-57	
5.3	9.22537617e-08	2.79315949e-04	4.22719157e-02	5.87100275e-01	3.58396303e-01	1.19316721e-02	2.04229931e-05	2.28043922e-09	7.88371568e-14	9.16082669e-33	7.27569415e-52	
5.4	5.44306218e-09	2.66166315e-05	7.77445078e-03	2.70381998e-01	6.16338588e-01	1.04050702e-01	1.42517003e-03	2.46763860e-06	1.97149459e-09	2.73461668e-28	2.53580914e-47	
5.5	2.34068703e-10	1.84155970e-06	9.94489286e-04	7.74304110e-02	5.42560859e-01	3.51186361e-01	2.73696865e-02	4.51736675e-04	4.61470963e-06	1.18112725e-24	1.28067407e-43	
5.6	7.46703736e-12	9.37825351e-08	9.03077627e-05	1.44220642e-02	2.65832495e-01	5.23098750e-01	1.76214666e-01	1.88082293e-02	1.53339353e-03	4.35765773e-18	2.61734999e-35	
5.7	1.44673917e-13	2.87002048e-09	4.77550377e-06	1.45970464e-03	6.24806778e-02	3.10100335e-01	3.61264196e-01	1.82939833e-01	8.17504749e-02	4.02560915e-13	1.11288995e-26	
5.8	9.65476869e-16	2.98838331e-11	8.35509476e-08	4.62358030e-05	4.15948915e-03	4.50681265e-02	1.51374421e-01	2.83989153e-01	5.15362490e-01	1.00529511e-09	2.38636706e-20	
5.9	3.88223974e-18	1.85021163e-13	8.47241454e-10	8.10923453e-07	1.41514703e-04	3.00488277e-03	2.50824580e-02	1.42984313e-01	8.28785822e-01	1.98218678e-07	1.06472005e-15	
6	2.19405979e-20	1.58843326e-15	1.16391404e-11	1.85458095e-08	5.88436473e-06	2.26106240e-04	4.15680386e-03	6.13900986e-02	9.34210302e-01	1.07863295e-05	4.54451900e-12	
6.1	2.04576880e-22	2.21988754e-17	2.54689945e-13	6.53948446e-10	3.57748655e-07	2.34485815e-05	8.61309802e-04	2.89641724e-02	9.69893097e-01	2.57609999e-04	3.66924378e-09	
6.2	3.14162227e-24	5.04310623e-19	8.87922376e-15	3.57100622e-11	3.22333374e-08	3.44615542e-06	2.33855815e-04	1.61176158e-02	9.80327963e-01	3.31626910e-03	8.18098588e-07	
6.3	7.68489008e-26	1.80215899e-20	4.77893807e-16	2.93602478e-12	4.21407454e-09	7.09788012e-07	8.35640882e-05	1.08252172e-02	9.63317389e-01	2.57085554e-02	6.45602626e-05	
6.4	2.61304422e-27	8.84635048e-22	3.47182747e-17	3.18640617e-13	7.04615459e-10	1.81821412e-07	3.53054678e-05	8.00098211e-03	8.67966698e-01	1.21953466e-01	2.04336622e-03	
6.5	9.71338581e-29	4.69457496e-23	2.68264828e-18	3.60382512e-14	1.19463457e-10	4.61510507e-08	1.41835591e-05	5.29594260e-03	6.38283426e-01	3.30041545e-01	2.63648568e-02	
6.6	3.30651955e-30	2.25757346e-24	1.84981743e-19	3.56991971e-15	1.73151062e-11	9.81919673e-09	4.61595912e-06	2.69945287e-03	3.55736991e-01	4.96755176e-01	1.44803755e-01	
6.7	9.88539945e-32	9.44178072e-26	1.09335970e-20	2.97894444e-16	2.06876010e-12	1.69300183e-09	1.18281025e-06	1.03763282e-03	1.52864309e-01	4.54993869e-01	3.91103005e-01	
6.8	2.76393899e-33	3.65938584e-27	5.90689938e-22	2.23489889e-17	2.17867262e-13	2.53409473e-10	2.56706074e-07	3.25496222e-04	5.54354493e-02	3.00845704e-01	6.43393094e-01	
6.9	8.11810680e-35	1.47717419e-28	3.28036257e-23	1.69688593e-18	2.27994502e-14	3.71785016e-11	5.34286738e-08	9.47889238e-05	1.92858598e-02	1.73697975e-01	8.06921323e-01	
7	2.70623512e-36	6.71358443e-30	2.02523434e-24	1.41089090e-19	2.56817533e-15	5.79756675e-12	1.15924259e-08	2.79617595e-05	6.98833617e-03	9.87865660e-02	8.94197124e-01	
7.1	1.05092631e-37	3.52746435e-31	1.42775005e-25	1.32000990e-20	3.20223326e-16	9.89059737e-13	2.70294372e-09	8.64033854e-06	2.71070635e-03	5.80990403e-02	9.39181610e-01	
7.2	4.76006718e-39	2.14627822e-32	1.15152955e-26	1.39291227e-21	4.43296052e-17	1.85266195e-13	6.80584505e-10	2.81776774e-06	1.12775069e-03	3.57833097e-02	9.63086121e-01	
7.3	2.49942511e-40	1.50348283e-33	1.05656887e-27	1.64861195e-22	6.77862790e-18	3.79291600e-14	1.84391670e-10	9.68478399e-07	4.99956559e-04	2.30545187e-02	9.76444556e-01	
7.4	1.50944497e-41	1.20323641e-34	1.09441471e-28	2.17220720e-23	1.13673830e-18	8.42899012e-15	5.34224120e-11	3.49366315e-07	2.34275462e-04	1.54562633e-02	9.84309112e-01	
7.5	1.04103727e-42	1.09252414e-35	1.27085067e-29	3.16473657e-24	2.07725943e-19	2.02066281e-15	1.64560072e-11	1.31754625e-07	1.15187971e-04	1.07163514e-02	9.89168329e-01	
7.6	8.14658878e-44	1.11825499e-36	1.64373988e-30	5.06624496e-25	4.11161443e-20	5.19476444e-16	5.36061972e-12	5.17579786e-08	5.90539057e-05	7.64009071e-03	9.92300804e-01	
7.7	7.19445094e-45	1.28331914e-37	2.35565349e-31	8.86704987e-26	8.77418938e-21	1.42545622e-16	1.83847166e-12	2.11174026e-08	3.14076895e-05	5.57304065e-03	9.94395531e-01	
7.8	7.13554123e-46	1.64310990e-38	3.72124865e-32	1.68874333e-26	2.01013861e-21	4.15678976e-17	6.61165010e-13	8.92581130e-09	1.72567321e-05	4.14236924e-03	9.95840365e-01	
7.9	7.91210550e-47	2.33616804e-39	6.45099207e-33	3.48566719e-27	4.92668085e-22	1.28350883e-17	2.48554101e-13	3.90138766e-09	9.76347288e-06	3.12719967e-03	9.96863033e-01	
8	9.77354394e-48	3.67462799e-40	1.22300002e-33	7.77462312e-28	1.28880511e-22	4.18597797e-18	9.74621361e-14	1.76173367e-09	5.67671092e-06	2.39287890e-03	9.97601443e-01	
