4	1.79247026e-01	8.20735748e-01	1.72256026e-05	2.23969734e-19	1.39981087e-37	3.63587222e-56	4.01753823e-75	2.29573618e-94	7.55176414e-114	8.47560529e-134	7.12235715e-154	4.74823816e-174	2.48598866e-194	1.08558457e-214	4.12769784e-235	1.30623348e-255	3.59843944e-276	8.92913028e-297	1.88776554e-317	0.00000000e+00	0.00000000e+00	0.00000000e+00	0.00000000e+00	0.00000000e+00	0.00000000e+00	0.00000000e+00	0.00000000e+00	0.00000000e+00	0.00000000e+00	
4.1	4.24488141e-02	9.55573371e-01	1.97781459e-03	1.53428357e-13	1.12665852e-31	3.47476717e-50	4.49238155e-69	3.01542604e-88	1.17295241e-107	1.56784565e-127	1.58036208e-147	1.26957112e-167	8.04493453e-188	4.25095607e-208	1.95851464e-228	7.51338683e-249	2.51149445e-269	7.57226906e-290	1.94699911e-310	0.00000000e+00	0.00000000e+00	0.00000000e+00	0.00000000e+00	0.00000000e+00	0.00000000e+00	0.00000000e+00	0.00000000e+00	0.00000000e+00	0.00000000e+00	
4.2	1.79904059e-02	9.06921707e-01	7.50878808e-02	6.12119487e-09	1.25185852e-22	4.58455472e-41	6.93505204e-60	5.46799044e-79	2.51505936e-98	4.00378767e-118	4.84087111e-138	4.68622565e-158	3.59400684e-178	2.29795828e-198	1.28291555e-218	5.96649402e-239	2.41999350e-259	8.86574448e-280	2.77236452e-300	7.76177130e-321	0.00000000e+00	0.00000000e+00	0.00000000e+00	0.00000000e+00	0.00000000e+00	0.00000000e+00	0.00000000e+00	0.00000000e+00	0.00000000e+00	
4.3	4.96261214e-03	3.93529098e-01	6.01495343e-01	1.29474215e-05	1.34269655e-15	1.38683813e-31	2.45458077e-50	2.27318102e-69	1.23643242e-88	2.34416995e-108	3.39971294e-128	3.96597489e-148	3.68140254e-168	2.84828051e-188	1.92672702e-208	1.08627564e-228	5.34610760e-249	2.37974959e-269	9.05054222e-290	3.07120785e-310	0.00000000e+00	0.00000000e+00	0.00000000e+00	0.00000000e+00	0.00000000e+00	0.00000000e+00	0.00000000e+00	0.00000000e+00	0.00000000e+00	
4.4	6.62108175e-04	7.52922940e-02	9.22319850e-01	1.72574795e-03	1.65220828e-10	2.01870215e-22	4.18045975e-41	4.54763598e-60	2.92490088e-79	6.60442300e-99	1.14891500e-118	1.61509644e-138	1.81453159e-158	1.69868156e-178	1.39236201e-198	9.51651946e-219	5.68286113e-239	3.07364431e-259	1.42166711e-279	5.84831607e-300	2.17240664e-320	0.00000000e+00	0.00000000e+00	0.00000000e+00	0.00000000e+00	0.00000000e+00	0.00000000e+00	0.00000000e+00	0.00000000e+00	
4.5	1.38742059e-04	2.22962799e-02	9.21643843e-01	5.59198657e-02	1.26941394e-06	2.81417489e-15	1.04504481e-29	1.33534983e-48	1.01562962e-67	2.73121498e-87	5.69917378e-107	9.65421667e-127	1.31274875e-146	1.48711275e-166	1.47706870e-186	1.22375197e-206	8.86712502e-227	5.82711777e-247	3.27789729e-267	1.63469841e-287	7.34135025e-308	0.00000000e+00	0.00000000e+00	0.00000000e+00	0.00000000e+00	0.00000000e+00	0.00000000e+00	0.00000000e+00	0.00000000e+00	
4.6	3.08194185e-05	7.04275326e-03	5.94803705e-01	3.97436732e-01	6.85990327e-04	6.20596186e-10	1.03586925e-20	3.54659854e-35	8.45199813e-54	2.70697825e-73	6.77540687e-93	1.38307478e-112	2.27617927e-132	3.12001998e-152	3.75444644e-172	3.76903267e-192	3.31110661e-212	2.64191073e-232	1.80742328e-252	1.09269284e-272	5.93242232e-293	2.87089742e-313	0.00000000e+00	0.00000000e+00	0.00000000e+00	0.00000000e+00	0.00000000e+00	0.00000000e+00	0.00000000e+00	
4.7	5.30593315e-06	1.74306590e-03	2.49891925e-01	7.18592774e-01	2.97636526e-02	3.27627592e-06	4.57671964e-14	5.91740818e-25	3.05699829e-39	2.12883309e-57	6.39020546e-77	1.57154228e-96	3.12956476e-116	5.18680877e-136	7.54631532e-156	9.12647319e-176	9.65263849e-196	9.29837040e-216	7.73639294e-236	5.66976382e-256	3.72129420e-276	2.17301852e-296	1.13432092e-316	0.00000000e+00	0.00000000e+00	0.00000000e+00	0.00000000e+00	0.00000000e+00	0.00000000e+00	
4.8	8.24298067e-07	3.93051233e-04	8.90402358e-02	6.91643442e-01	2.17954083e-01	9.68360729e-04	2.92053678e-09	2.75018371e-17	4.16473543e-28	3.75741837e-42	3.13920111e-59	9.26455302e-79	2.22363512e-98	4.41635589e-118	7.62689903e-138	1.07202180e-157	1.31281908e-177	1.48999432e-197	1.50772521e-217	1.33960485e-237	1.06292533e-257	7.49013704e-278	4.71255635e-298	2.62933338e-318	0.00000000e+00	0.00000000e+00	0.00000000e+00	0.00000000e+00	0.00000000e+00	
4.9	1.03820631e-07	7.22402298e-05	2.48962734e-02	4.27430009e-01	5.18316924e-01	2.92785836e-02	5.86668339e-06	1.05828538e-11	9.46642007e-20	1.66589953e-30	8.71677978e-44	5.85408638e-63	1.63759837e-82	3.68587731e-102	6.92677829e-122	1.00154393e-141	1.26169223e-161	1.58170228e-181	1.94654277e-201	2.09655095e-221	2.01108010e-241	1.70995665e-261	1.29669875e-281	8.71378741e-302	4.10074486e-322	0.00000000e+00	0.00000000e+00	0.00000000e+00	0.00000000e+00	
5	1.03413185e-08	1.05086509e-05	5.36709368e-03	1.82131670e-01	6.26230242e-01	1.85477362e-01	7.83030911e-04	8.28899176e-08	1.13270645e-13	8.58178878e-22	4.15101940e-32	4.73172342e-47	9.25853685e-64	2.46273361e-82	4.09363952e-102	4.95574007e-122	5.34813244e-142	6.69948593e-162	1.00272192e-181	1.30922448e-201	1.51813502e-221	1.55696570e-241	1.42292605e-261	1.15160740e-281	5.30865901e-302	2.71736105e-322	0.00000000e+00	0.00000000e+00	0.00000000e+00	
5.1	8.25632781e-10	1.22126160e-06	9.05893119e-04	5.62384334e-02	4.64147557e-01	4.62664615e-01	1.60102604e-02	3.20167825e-05	1.83811573e-09	1.74757203e-15	1.40418487e-23	2.72803154e-35	2.01525753e-48	4.19746866e-63	6.05915441e-80	1.73203769e-98	1.41726341e-118	1.63040644e-138	2.96777485e-158	4.69658929e-178	6.57850087e-198	8.11569463e-218	8.92835363e-238	8.68939504e-258	3.85561302e-278	2.35500435e-298	1.13488855e-318	0.00000000e+00	0.00000000e+00	
5.2	5.55741748e-11	1.18976640e-07	1.26209846e-04	1.35190714e-02	2.39077924e-01	6.41227278e-01	1.04405263e-01	1.64284749e-03	1.28738666e-06	5.27613175e-11	1.90737996e-17	1.06863493e-26	4.35310983e-37	9.56530575e-49	3.68961768e-62	5.71983032e-77	2.66725936e-93	1.37763378e-111	4.49329862e-131	8.60818171e-151	1.45062977e-170	2.12983386e-190	2.80178633e-210	3.25297385e-230	1.41359889e-250	1.02494123e-270	6.03190482e-291	4.30082323e-311	0.00000000e+00	
5.3	3.17154429e-12	9.76361588e-09	1.46410949e-05	2.58708404e-03	9.00531162e-02	5.64929502e-01	3.18557376e-01	2.37318926e-02	1.26291770e-04	8.61808007e-08	6.10283335e-13	2.89237769e-20	1.66363488e-28	9.01636351e-38	1.85895694e-48	2.78907709e-60	2.31158057e-73	6.66319048e-88	2.74604096e-103	6.33692018e-123	1.26771363e-142	2.15707602e-162	3.31720070e-182	4.47683542e-202	1.98037483e-222	1.68156135e-242	1.20853910e-262	1.01986421e-282	7.60695286e-303	
5.4	1.44210185e-13	6.34574766e-10	1.33475840e-06	3.75950452e-04	2.41350268e-02	3.20488783e-01	5.15599659e-01	1.36042879e-01	3.33830923e-03	1.80556752e-05	1.45366378e-09	2.43612195e-15	7.41312694e-22	3.36252656e-29	1.08447677e-37	4.14741343e-47	1.45711797e-57	4.30286084e-69	3.41140414e-81	9.35836314e-101	2.15909087e-120	4.07821922e-140	6.98564419e-160	1.03886560e-179	4.89476810e-200	4.81484175e-220	4.22614050e-240	4.22107512e-260	3.64168342e-280	
5.5	5.02790049e-15	3.14720368e-11	9.23946359e-08	4.04365557e-05	4.55424457e-03	1.18773620e-01	4.75318347e-01	3.67828589e-01	3.26236006e-02	8.60536988e-04	5.33329754e-07	1.63596422e-11	1.25219637e-16	2.07484541e-22	4.02043257e-29	1.38408847e-36	7.46772785e-45	7.31866999e-54	2.50285046e-63	7.97365492e-83	2.03638131e-102	4.08444411e-122	7.30695913e-142	1.11906874e-161	5.86544771e-182	6.65809406e-202	7.13690933e-222	8.43735987e-242	8.42640544e-262	
5.6	1.36067412e-16	1.20729349e-12	4.93275032e-09	3.29098982e-06	6.25663242e-04	3.02560285e-02	2.71694681e-01	5.38415041e-01	1.45159305e-01	1.37972310e-02	4.87378427e-05	1.63804910e-08	1.76552279e-12	5.73685967e-17	3.25550989e-22	4.81199475e-28	2.66507235e-34	5.76279922e-41	2.60019548e-48	1.77241405e-67	4.82920304e-87	1.00265821e-106	1.78224996e-126	2.67786046e-146	1.62088281e-166	2.13016191e-186	2.78849862e-206	3.90179897e-226	4.51513494e-246	
5.7	2.86738632e-18	3.59702433e-14	2.04219387e-10	2.04708409e-07	6.37248288e-05	5.46231843e-03	1.01546673e-01	4.64493301e-01	3.33451886e-01	9.35026948e-02	1.47557351e-03	3.61986774e-06	3.47195703e-09	1.57676106e-12	1.80678090e-16	8.74735984e-21	3.93066774e-25	1.17303030e-29	2.75199541e-35	2.38452988e-50	9.18762809e-67	1.54942506e-84	5.97442570e-104	8.72599276e-124	6.28130777e-144	9.63952566e-164	1.54104201e-183	2.55215472e-203	3.42515930e-223	
5.8	4.57564670e-20	8.09511627e-16	6.37809752e-12	9.49241307e-09	4.71977166e-06	6.91307324e-04	2.49315862e-02	2.42260887e-01	4.16358285e-01	2.98357032e-01	1.71724928e-02	2.22354985e-04	1.31645862e-06	8.40798824e-09	1.93676990e-11	2.92507776e-14	5.94334960e-17	1.12175444e-19	6.65346651e-24	1.08996434e-35	1.27765098e-48	1.10329486e-62	4.03813176e-78	9.19747716e-95	7.92345509e-113	5.87413965e-132	1.14684491e-151	2.24801023e-171	3.50244655e-191	
5.9	5.74833943e-22	1.43015184e-17	1.56121656e-13	3.41422116e-10	2.65472847e-07	6.44169578e-05	4.26959698e-03	8.22793936e-02	3.09956703e-01	5.08512865e-01	9.00299813e-02	4.74573096e-03	1.29494425e-04	1.10900051e-05	4.46354270e-07	1.47918561e-08	7.07507238e-10	3.99996048e-11	3.45181648e-14	2.38396926e-23	1.73307542e-33	1.41919775e-44	8.00023361e-57	4.42829383e-70	1.77792315e-84	1.03179259e-99	6.67820081e-116	1.54935869e-135	2.80533550e-155	
6	6.06734094e-24	2.11498642e-19	3.19148368e-15	1.01566692e-11	1.21192973e-08	4.74230545e-06	5.51773888e-04	1.98985995e-02	1.52505187e-01	5.24579627e-01	2.47787475e-01	4.31684093e-02	4.29668243e-03	3.67750968e-03	1.77141032e-03	7.89120979e-04	5.05679682e-04	4.60022488e-04	3.74778292e-06	3.34748070e-13	4.31102972e-21	8.82961889e-30	1.82587109e-39	5.34145730e-50	1.89173831e-61	1.45343513e-73	1.72297843e-86	4.73124742e-106	9.96639615e-126	
6.1	1.88660743e-28	9.17297203e-24	1.90730015e-19	8.74934594e-16	1.57500192e-12	9.70190608e-10	1.90478031e-07	1.22304787e-05	1.78953229e-04	1.20092675e-03	1.34455139e-03	6.54739713e-04	1.97106960e-04	1.18034007e-03	4.54292903e-03	1.73747843e-02	9.41807446e-02	8.34405760e-01	4.47265389e-02	2.03071699e-07	1.71922008e-13	3.05937375e-20	7.44486658e-28	3.43320994e-36	2.84299131e-45	7.04607914e-55	3.46591341e-65	1.12646695e-84	2.76392916e-104	
6.2	3.51717238e-35	2.37259243e-30	6.77094247e-26	4.43523767e-22	1.18549261e-18	1.12475044e-15	3.60011643e-13	3.94277878e-11	1.04306432e-09	1.28631505e-08	3.09573799e-08	3.68283006e-08	2.88542094e-08	8.77446163e-07	1.90180410e-05	4.30538799e-04	1.36298416e-02	7.85658606e-01	2.00239038e-01	2.19689247e-05	5.55207654e-10	3.69060846e-15	4.27077503e-21	1.18503832e-27	7.97368834e-35	2.07492272e-42	1.30098287e-50	5.00455011e-70	1.43199903e-89	
6.3	3.46060718e-41	3.21943071e-36	1.25515356e-31	1.16306041e-27	4.54828096e-24	6.51644100e-21	3.30020714e-18	5.94019282e-16	2.71213636e-14	5.84602613e-13	2.79020431e-12	7.27506478e-12	1.31444314e-11	1.55447449e-09	1.42357187e-07	1.41190449e-05	1.93814347e-03	5.25667073e-01	4.71694476e-01	6.85769971e-04	2.74046342e-07	3.44530010e-11	9.16162043e-16	7.08086453e-21	1.67238622e-26	1.87081713e-32	5.84918095e-39	2.66307637e-58	8.89827683e-78	
6.4	1.43985626e-46	1.83559761e-41	9.72669466e-37	1.26344913e-32	7.13047067e-29	1.51519481e-25	1.18247073e-22	3.38716511e-20	2.56458433e-18	9.26327815e-17	8.20440248e-16	4.29526120e-15	1.62343200e-14	6.01048365e-12	1.84296758e-09	6.28604790e-07	2.94431900e-04	2.89438310e-01	7.01975875e-01	8.25960993e-03	3.11001323e-05	4.24361665e-08	1.44146032e-11	1.67252264e-15	7.12594032e-20	1.68313066e-24	1.24381608e-29	6.70267883e-49	2.61884780e-68	
6.5	2.15113891e-51	3.73320913e-46	2.67387398e-41	4.82534954e-37	3.88056783e-33	1.20318594e-29	1.41381451e-26	6.26717825e-24	7.60483684e-22	4.44139929e-20	6.90960239e-19	6.76542119e-18	4.94228923e-17	4.80654111e-14	4.08938535e-11	3.94777843e-08	5.20017787e-05	1.50091446e-01	7.98006598e-01	5.06624649e-02	1.17636376e-03	1.10562638e-05	2.98598852e-08	3.16630827e-11	1.43516925e-14	4.06199450e-18	3.91581029e-22	8.67177571e-40	1.04140662e-58	
6.6	8.98620143e-56	2.10863822e-50	2.02988021e-45	5.04603379e-41	5.71483314e-37	2.54732924e-33	4.41527750e-30	2.95518829e-27	5.58004819e-25	5.10996361e-23	1.33407661e-21	2.30532771e-20	3.05166237e-19	6.76586574e-16	1.37222690e-12	3.20449185e-09	1.01526599e-05	7.25350463e-02	7.28296018e-01	1.80033026e-01	1.82934092e-02	8.20217064e-04	1.20494089e-05	7.84964732e-08	2.48860219e-10	5.37068969e-13	4.20768017e-16	2.89947826e-30	1.55478561e-45	
6.7	7.34336507e-60	2.31404717e-54	2.97673264e-49	1.01107952e-44	1.59518900e-40	1.00852979e-36	2.53196228e-33	2.50435013e-30	7.17354541e-28	1.00329874e-25	4.23052798e-24	1.23007487e-22	2.79828440e-21	1.26107549e-17	5.39173061e-14	2.68260530e-10	1.80077033e-06	2.77171132e-02	4.75681806e-01	3.55475821e-01	1.20619977e-01	1.93256445e-02	1.14392856e-03	3.33728227e-05	5.29863068e-07	6.07622213e-09	2.65208864e-11	1.14945963e-22	5.16470539e-35	
6.8	7.83956678e-64	3.29555157e-58	5.63173691e-53	2.59336630e-48	5.64289850e-44	4.99881207e-40	1.78821960e-36	2.56446128e-33	1.08995937e-30	2.27553333e-28	1.50078093e-26	7.05733306e-25	2.64052042e-23	2.20443958e-19	1.79813776e-15	1.71940593e-11	2.20541752e-07	6.52929453e-03	1.79335918e-01	3.34907333e-01	3.08259766e-01	1.41405913e-01	2.66748801e-02	2.71377929e-03	1.65219728e-04	7.54049151e-06	1.35636532e-07	1.03769895e-16	1.03415705e-26	
6.9	8.12801603e-68	4.52776327e-62	1.02200909e-56	6.33372889e-52	1.88320702e-47	2.31164623e-43	1.16100470e-39	2.37332823e-36	1.46806147e-33	4.48331025e-31	4.50022531e-29	3.31086853e-27	1.96415767e-25	2.81614573e-21	4.04024674e-17	6.82859917e-13	1.53820920e-08	7.98152448e-04	3.35499771e-02	1.35899109e-01	2.89814333e-01	3.21717009e-01	1.61127884e-01	4.69076680e-02	8.83835395e-03	1.27338001e-03	7.41175457e-05	3.64476491e-12	2.80257864e-20	
7	7.01825572e-72	5.14670998e-66	1.52550846e-60	1.26343552e-55	5.08941881e-51	8.56927451e-47	5.96136333e-43	1.71065861e-39	1.51391325e-36	6.64401452e-34	9.91463625e-32	1.10975192e-29	1.01209512e-27	2.34333364e-23	5.53362543e-19	1.54355412e-14	5.69803110e-10	4.79949351e-05	2.99001605e-03	2.36260577e-02	1.03553596e-01	2.44800756e-01	2.82287766e-01	2.01058388e-01	9.86359694e-02	3.72377624e-02	5.76168500e-03	8.14830963e-09	2.08932103e-15	
7.1	4.27606755e-76	4.10128645e-70	1.58716335e-64	1.74508059e-59	9.44874719e-55	2.16199871e-50	2.05768994e-46	8.17452856e-43	1.01939701e-39	6.32679966e-37	1.37533855e-34	2.28610311e-32	3.12203994e-30	1.10987074e-25	4.08548443e-21	1.77809729e-16	1.01606521e-11	1.30393511e-06	1.17461891e-04	1.66966620e-03	1.37163932e-02	6.25741054e-02	1.48521669e-01	2.28442873e-01	2.53629738e-01	2.15951756e-01	7.53734201e-02	1.61328834e-06	7.08201596e-12	
7.2	2.22299597e-80	2.77043699e-74	1.39170068e-68	2.01858342e-63	1.45830733e-58	4.49569972e-54	5.78653149e-50	3.14184560e-46	5.44641190e-43	4.71152608e-40	1.46592400e-37	3.54451704e-35	7.08639777e-33	3.71131572e-28	2.03672751e-23	1.32054002e-18	1.11431811e-13	2.06686018e-08	2.63836524e-06	6.33174963e-05	9.06978174e-04	7.39032482e-03	3.30183198e-02	9.92037831e-02	2.22342473e-01	3.78257327e-01	2.58764696e-01	5.01201332e-05	2.21742605e-09	
7.3	1.58145421e-84	2.54397720e-78	1.64920515e-72	3.13650147e-67	3.00229330e-62	1.23729048e-57	2.13035068e-53	1.56215801e-49	3.71813265e-46	4.42416348e-43	1.93970865e-40	6.70041946e-38	1.92294805e-35	1.43385153e-30	1.13068728e-25	1.05105320e-20	1.25922815e-15	3.23040400e-10	5.74224846e-08	2.21103734e-06	5.21130118e-05	7.12866633e-04	5.57720291e-03	3.01666938e-02	1.24252512e-01	3.82936785e-01	4.55770522e-01	5.28880401e-04	1.54752583e-07	
7.4	1.92100027e-88	3.96247649e-82	3.29531256e-76	8.16868929e-71	1.02936067e-65	5.62904639e-61	1.28310234e-56	1.25650102e-52	4.06002610e-49	6.56364724e-46	3.99941908e-43	1.94235821e-40	7.86501761e-38	8.11723959e-33	8.92117118e-28	1.15166320e-22	1.89561500e-17	6.48291928e-12	1.57961214e-09	9.35729448e-08	3.46040001e-06	7.55306916e-05	9.75196481e-04	8.87973888e-03	6.22009909e-02	3.20810020e-01	6.04029976e-01	3.02081041e-03	4.18181299e-06	
7.5	4.06566854e-92	1.06784757e-85	1.13226897e-79	3.63712147e-74	5.99515913e-69	4.32017270e-64	1.29058682e-59	1.66980094e-55	7.24917412e-52	1.57405462e-48	1.31648477e-45	8.86257093e-43	4.98649938e-40	6.95737974e-35	1.03885716e-29	1.81334420e-24	3.98855599e-19	1.76285775e-13	5.80186200e-11	5.10312218e-09	2.84552095e-07	9.49881499e-06	1.92627542e-04	2.79218456e-03	3.11839875e-02	2.52431934e-01	7.01679480e-01	1.16515513e-02	5.84473614e-05	
7.6	1.42480325e-95	4.73158943e-89	6.35601639e-83	2.63066095e-77	5.63767041e-72	5.31787504e-67	2.06160602e-62	3.48772131e-58	2.01458570e-54	5.81183502e-51	6.59720441e-48	6.07781557e-45	4.68693149e-42	8.66712562e-37	1.72109450e-31	3.97115145e-26	1.14000032e-20	6.34308776e-15	2.78117107e-12	3.52291925e-10	2.86251789e-08	1.40941258e-06	4.30491952e-05	9.47524443e-04	1.59853084e-02	1.92788058e-01	7.55778694e-01	3.39567818e-02	4.99145208e-04	
7.7	7.72521400e-99	3.21952367e-92	5.44307503e-86	2.88565909e-80	7.99291284e-75	9.80831576e-70	4.88612110e-65	1.06988050e-60	8.14621978e-57	3.09011974e-53	4.71203646e-50	5.87196650e-47	6.12999483e-44	1.47726961e-38	3.83093963e-33	1.14607104e-27	4.20762750e-22	2.88279878e-16	1.66150196e-13	2.95077631e-11	3.39208234e-09	2.38722159e-07	1.05942105e-05	3.40109360e-04	8.28187111e-03	1.42612606e-01	7.66486354e-01	7.93814951e-02	2.88672831e-03	
7.8	6.06872004e-102	3.14942406e-95	6.65413140e-89	4.49202890e-83	1.59855848e-77	2.53612554e-72	1.60767695e-67	4.51074109e-63	4.48752786e-59	2.21584188e-55	4.49563314e-52	7.49718736e-49	1.04746200e-45	3.24267293e-40	1.08108744e-34	4.12361177e-29	1.90244109e-23	1.57511801e-17	1.17809269e-14	2.86414957e-12	4.53751381e-10	4.44022613e-08	2.77457351e-06	1.25468963e-04	4.24245591e-03	1.00712013e-01	7.29325463e-01	1.53527184e-01	1.20645955e-02	
7.9	6.51645584e-105	4.17710499e-98	1.09487699e-91	9.35413151e-86	4.25119321e-80	8.66682077e-75	6.92153279e-70	2.46341118e-65	3.17447429e-61	2.02043377e-57	5.40534781e-54	1.19436151e-50	2.20962904e-47	8.67644720e-42	3.66861749e-36	1.75827682e-30	1.00372420e-24	9.88250658e-19	9.47364316e-16	3.08573662e-13	6.58174532e-11	8.73761330e-09	7.47803644e-07	4.62168888e-05	2.10004588e-03	6.67449609e-02	6.43802905e-01	2.49308551e-01	3.79965630e-02	
8	9.14359739e-108	7.17830701e-101	2.31610123e-94	2.48816063e-88	1.43527027e-82	3.73725570e-77	3.72221784e-72	1.66353648e-67	2.75306723e-63	2.23682159e-59	7.82448386e-56	2.26923192e-52	5.50457668e-49	2.71113305e-43	1.43643756e-37	8.53893032e-32	5.94958076e-26	6.87169238e-20	8.34178624e-17	3.56977014e-14	1.00362135e-11	1.76788203e-09	2.02205504e-07	1.66306617e-05	9.87249699e-04	4.09836924e-02	5.21933055e-01	3.43087451e-01	9.29917176e-02	
