4	9.97374836e-01	2.62516399e-03	3.03793456e-18	1.84184216e-37	3.98132835e-57	1.82286912e-76	7.47077531e-96	1.03905081e-115	1.99813619e-135	
4.1	9.22278499e-01	7.77215009e-02	5.18356131e-13	3.29533447e-32	8.05488611e-52	3.81892957e-71	1.87046561e-90	3.15227531e-110	6.99976743e-130	
4.2	4.26779714e-01	5.73220282e-01	3.93852217e-09	2.75332984e-24	7.56534026e-44	3.62411517e-63	2.12135060e-82	4.33193901e-102	1.11160865e-121	
4.3	8.45252050e-02	9.15473187e-01	1.60808003e-06	5.38329455e-18	4.38332124e-36	2.00692338e-55	1.40393380e-74	3.47387999e-94	1.03094727e-113	
4.4	2.41912344e-02	9.75679985e-01	1.28780849e-04	3.76646624e-13	3.88945339e-27	1.56410234e-46	1.30755922e-65	3.92036456e-85	1.34674156e-104	
4.5	1.17515913e-02	9.85176223e-01	3.07218408e-03	1.91169729e-09	3.43696364e-20	4.89901899e-37	4.89461400e-56	1.77824308e-75	7.07702124e-95	
4.6	6.97748907e-03	9.63956965e-01	2.90644332e-02	1.11320225e-06	6.70616242e-15	4.76014043e-28	5.16618235e-44	2.27424835e-63	1.04958846e-82	
4.7	3.95535425e-03	8.49783465e-01	1.46138868e-01	1.22312401e-04	6.68642875e-11	4.23081876e-21	2.40643339e-33	1.28363649e-52	6.87650120e-72	
4.8	1.67702425e-03	5.70989036e-01	4.22775384e-01	4.55843362e-03	1.22136913e-07	2.06393258e-15	1.11870991e-24	7.23101254e-44	4.50109714e-63	
4.9	5.17668341e-04	2.74425597e-01	6.81578169e-01	4.34603782e-02	1.81875721e-05	2.42741195e-11	3.23493305e-18	2.53362548e-37	1.83463105e-56	
5	1.17295442e-04	9.79961139e-02	7.02429808e-01	1.98648754e-01	8.07991010e-04	3.76457988e-08	4.20158165e-13	3.98745528e-32	3.36267106e-51	
5.1	1.97413056e-05	2.61971082e-02	4.80024480e-01	4.80697078e-01	1.30504812e-02	1.11076662e-05	4.40944134e-09	5.07053811e-28	4.98577974e-47	
5.2	2.54288013e-06	5.37462034e-03	2.27819792e-01	6.75336225e-01	9.06185895e-02	8.42212988e-04	6.01651859e-06	8.38328872e-25	9.62456965e-44	
5.3	2.56461174e-07	8.61642591e-04	7.77502828e-02	5.91046720e-01	3.08025252e-01	2.07637846e-02	1.55206129e-03	1.97393334e-21	2.64953925e-40	
5.4	1.67477880e-08	8.89169856e-05	1.59320279e-02	2.76818114e-01	4.61517348e-01	1.62917857e-01	8.27257188e-02	9.87631282e-16	7.97865720e-33	
5.5	3.53531942e-10	2.94003618e-06	9.86770387e-04	3.57244688e-02	1.62987262e-01	2.32374116e-01	5.67924443e-01	1.03162357e-11	4.30171108e-25	
5.6	3.53723642e-12	4.55822745e-08	2.72841409e-05	1.91025430e-03	2.10221950e-02	9.83439195e-02	8.78696296e-01	5.72055249e-09	2.24371581e-19	
5.7	4.57167475e-14	9.02142587e-10	9.23855466e-07	1.17732336e-04	2.82142642e-03	3.66602887e-02	9.60398918e-01	7.10226192e-07	6.77772099e-15	
5.8	9.11476159e-16	2.72010763e-11	4.59953502e-08	1.01528553e-05	4.87503707e-04	1.53827560e-02	9.84086452e-01	3.30896020e-05	2.62409767e-11	
5.9	2.76952784e-17	1.23430670e-12	3.34251794e-09	1.22656264e-06	1.10215160e-04	7.57309131e-03	9.91591023e-01	7.24420117e-04	2.03366908e-08	
6	1.28398186e-18	8.44155176e-14	3.56504721e-10	2.10106940e-07	3.33935237e-05	4.57112719e-03	9.86933777e-01	8.45722564e-03	4.26642686e-06	
6.1	8.78793475e-20	8.42187315e-15	5.41895081e-11	4.98223366e-08	1.33622025e-05	3.38662452e-03	9.40834745e-01	5.54718332e-02	2.93385099e-04	
6.2	7.38672533e-21	1.02021414e-15	9.79744752e-12	1.37038206e-08	5.96234999e-06	2.63311911e-03	7.86275062e-01	2.03725722e-01	7.36012164e-03	
6.3	5.87217985e-22	1.15638015e-16	1.62729743e-12	3.38865385e-09	2.31281301e-06	1.69213541e-03	5.10863512e-01	4.14649230e-01	7.27928063e-02	
6.4	3.58917387e-23	9.97552324e-18	2.02335124e-13	6.15389583e-10	6.40136263e-07	7.43367542e-04	2.30511817e-01	4.65763690e-01	3.02980485e-01	
6.5	1.62814428e-24	6.32631061e-19	1.82179142e-14	7.95772886e-11	1.23047611e-07	2.18722987e-04	7.27730715e-02	3.15065412e-01	6.11942670e-01	
6.6	6.67057293e-26	3.59109276e-20	1.44834716e-15	8.95016903e-12	2.01254529e-08	5.30660870e-05	1.98572111e-02	1.66634167e-01	8.13455536e-01	
6.7	2.94829316e-27	2.18043504e-21	1.21608734e-16	1.04877448e-12	3.36302310e-09	1.27954886e-05	5.61194147e-03	8.50460874e-02	9.09329172e-01	
6.8	1.49838616e-28	1.51015150e-22	1.15096925e-17	1.36813502e-13	6.14708495e-10	3.29268953e-06	1.75004969e-03	4.54257660e-02	9.52820891e-01	
6.9	8.82883205e-30	1.20328105e-23	1.23933864e-18	2.00722693e-14	1.24358010e-10	9.17033110e-07	6.06056710e-04	2.58450989e-02	9.73547927e-01	
7	5.98530183e-31	1.09492129e-24	1.50771034e-19	3.29173194e-15	2.77056987e-11	2.75525885e-07	2.30739957e-04	1.56190323e-02	9.84149952e-01	
7.1	4.61740197e-32	1.12553915e-25	2.05053285e-20	5.97330643e-16	6.73508639e-12	8.86167504e-08	9.53104371e-05	9.94627276e-03	9.89958328e-01	
7.2	4.01081974e-33	1.29334303e-26	3.08577267e-21	1.18770221e-16	1.77016753e-12	3.02671658e-08	4.21911373e-05	6.61624356e-03	9.93341535e-01	
7.3	3.89091344e-34	1.64781739e-27	5.09577274e-22	2.56674424e-17	4.99187240e-13	1.09070190e-08	1.98113095e-05	4.56233186e-03	9.95417846e-01	
7.4	4.18583239e-35	2.31111044e-28	9.16763247e-23	5.98588593e-18	1.50005098e-13	4.12214099e-09	9.78191364e-06	3.23970140e-03	9.96750513e-01	
7.5	4.96647229e-36	3.54773433e-29	1.78626008e-23	1.49744497e-18	4.77517708e-14	1.62601714e-09	5.04256856e-06	2.35594329e-03	9.97639013e-01	
7.6	6.47134962e-37	5.93398062e-30	3.75137766e-24	3.99862464e-19	1.60258676e-14	6.66934509e-10	2.69876258e-06	1.74704134e-03	9.98250259e-01	
7.7	9.23257229e-38	1.07783479e-30	8.46067449e-25	1.13534520e-19	5.64816153e-15	2.83561167e-10	1.49271894e-06	1.31640568e-03	9.98682101e-01	
7.8	1.43868268e-38	2.11990634e-31	2.04292285e-25	3.41625795e-20	2.08382692e-15	1.24706490e-10	8.50569590e-07	1.00570212e-03	9.98993447e-01	
7.9	2.44629787e-39	4.50884684e-32	5.27298475e-26	1.08737777e-20	8.03336041e-16	5.66800984e-11	4.98342546e-07	7.78119823e-04	9.99221382e-01	
8	4.54094342e-40	1.03699199e-32	1.45457023e-26	3.65936929e-21	3.23496286e-16	2.66380300e-11	3.00163412e-07	6.09994563e-04	9.99389705e-01	
