4	6.96072161e-01	3.03927831e-01	8.33876659e-09	8.54352208e-23	1.49860061e-41	1.24800189e-60	7.34118744e-80	2.71895837e-99	6.79739598e-119	1.23589016e-138	1.67012183e-158	1.81534986e-178	1.29667850e-198	6.48339242e-219	2.22796990e-239	5.18132526e-260	2.12584626e-280	
4.1	1.41704521e-01	8.58287621e-01	7.85801074e-06	4.26850646e-16	4.10448326e-32	3.98300175e-51	2.84886750e-70	1.24911983e-89	3.66558023e-109	7.85021692e-129	1.25097084e-148	1.60271971e-168	1.36216184e-188	8.19986631e-209	3.41917539e-229	9.57537628e-250	4.51860514e-270	
4.2	2.58961549e-02	9.73174703e-01	9.29142311e-04	4.67533005e-11	4.38437024e-23	4.70380572e-42	4.09062168e-61	2.12334380e-80	7.31405678e-100	1.84498062e-119	3.46703126e-139	5.23562546e-159	5.29471458e-179	3.83730577e-199	1.94146517e-219	6.54728092e-240	3.55559961e-260	
4.3	9.15013550e-03	9.56439468e-01	3.44100687e-02	3.27552789e-07	3.66584867e-16	2.41967841e-32	2.55863814e-51	1.57232108e-70	6.35743621e-90	1.88894578e-109	4.18584398e-129	7.45063978e-149	8.96533256e-169	7.82246962e-189	4.80230215e-209	1.95017353e-229	1.21954444e-249	
4.4	3.56835128e-03	6.83617045e-01	3.12704452e-01	1.10151508e-04	2.14640995e-11	6.68169359e-24	9.68874322e-40	7.04840917e-59	3.34523456e-78	1.17076771e-97	3.05939093e-117	6.41866159e-137	9.18999734e-157	9.65163497e-177	7.18983569e-197	3.51598411e-217	2.53349480e-237	
4.5	9.99978674e-04	3.09216655e-01	6.86919696e-01	2.86364430e-03	2.52048342e-08	5.43849806e-18	4.57714334e-30	3.94207494e-49	2.19614193e-68	9.05289582e-88	2.78971242e-107	6.89873985e-127	1.17525375e-146	1.48358779e-166	1.34091452e-186	7.89655811e-207	6.56078278e-227	
4.6	2.66825469e-04	1.29424185e-01	8.46773934e-01	2.35309321e-02	4.12270583e-06	1.55142268e-13	1.35298280e-22	1.37951083e-41	9.02053799e-61	4.37868938e-80	1.59115139e-99	4.63770845e-119	9.39777587e-139	1.41624477e-158	1.55325760e-178	1.10144490e-198	1.05593416e-218	
4.7	7.11668665e-05	5.40664286e-02	8.35712005e-01	1.09931032e-01	2.19367053e-04	5.18376035e-10	1.19093743e-16	1.43742754e-35	1.10240632e-54	6.28474047e-74	2.69234488e-93	9.24156367e-113	2.22019556e-132	3.91499826e-152	5.20999436e-172	4.44918407e-192	4.92515050e-212	
4.8	1.69727122e-05	2.02821809e-02	6.55829669e-01	3.19102583e-01	4.76827225e-03	3.22812342e-07	6.57608567e-12	9.38515727e-31	8.39159279e-50	5.52878713e-69	2.78388063e-88	1.11721673e-107	3.12167628e-127	6.19970660e-147	1.00109915e-166	1.02946084e-186	1.31688389e-206	
4.9	3.24848737e-06	6.12688025e-03	3.81431806e-01	5.66746689e-01	4.56434353e-02	4.79045365e-05	3.63986083e-08	7.11307927e-24	7.21115077e-43	5.19647666e-62	3.01804902e-81	1.36724153e-100	4.16829203e-120	8.89748108e-140	1.74330520e-159	2.15875823e-179	3.19371281e-199	
5	4.78846707e-07	1.42672383e-03	1.60785479e-01	6.26520846e-01	2.09118823e-01	2.11751255e-03	3.01373190e-05	3.45109697e-17	5.58415778e-32	9.85086535e-50	6.17067518e-69	2.86515082e-88	8.44903102e-108	1.87285949e-127	4.45261640e-147	6.63965082e-167	1.13698487e-186	
5.1	5.11674567e-08	2.41065524e-04	4.72104874e-02	4.29921556e-01	4.82767099e-01	3.45312589e-02	5.32848222e-03	5.84487499e-12	2.49853720e-23	3.65785328e-37	5.50810593e-54	2.27335250e-73	5.76407838e-93	1.31572923e-112	3.79555527e-132	6.81562855e-152	1.35211942e-171	
5.2	2.63872027e-09	1.98040198e-05	6.67980495e-03	1.33411884e-01	4.34778825e-01	2.03806490e-01	2.21303136e-01	5.28527014e-08	1.09240536e-16	1.96641994e-27	1.32696435e-40	5.19200871e-56	7.25805601e-74	1.73248108e-93	6.06419936e-113	1.31131998e-132	3.01667858e-152	
5.3	1.54146181e-11	1.88062480e-07	1.13221893e-04	5.03658185e-03	4.54277448e-02	1.47869056e-01	8.01540247e-01	1.29611438e-05	3.54381511e-12	1.83076256e-20	9.28263004e-31	6.67719213e-43	4.63821477e-57	2.34144486e-73	3.43236234e-91	8.93774547e-111	2.38664471e-130	
5.4	3.29706274e-14	6.74579166e-10	7.75153198e-07	8.32252931e-05	2.24173204e-03	4.69383006e-02	9.50304530e-01	4.31430820e-04	5.87235422e-09	2.85916000e-15	2.83069258e-23	8.30876238e-33	5.33138063e-44	8.08800969e-57	7.55364443e-71	2.36858186e-90	7.34922527e-110	
5.5	7.87990267e-17	2.78326837e-12	6.44326326e-09	1.77579397e-06	1.56989229e-04	1.71068317e-02	9.76269257e-01	6.46306155e-03	2.07777541e-06	4.02065339e-11	2.77862994e-17	1.03667942e-24	1.63925689e-33	1.54705236e-43	1.61273830e-54	6.08971159e-74	2.19797569e-93	
5.6	2.95385295e-19	1.82407191e-14	8.58332500e-11	5.99379410e-08	1.72133634e-05	7.69489110e-03	9.36944484e-01	5.51085766e-02	2.34683072e-04	9.16805168e-08	1.98774893e-12	3.77343425e-18	5.17222741e-25	8.69856524e-33	2.53571186e-41	1.15301557e-60	4.84643584e-80	
5.7	1.70146536e-21	1.82129568e-16	1.68818243e-12	2.78814721e-09	2.35685560e-06	3.48722062e-03	7.28097739e-01	2.59102282e-01	9.26765444e-03	4.27289038e-05	1.54591947e-08	7.23058784e-13	3.74696210e-18	4.15705337e-24	1.12740273e-30	6.17315173e-50	3.02546160e-69	
5.8	1.07033230e-23	1.93775713e-18	3.35848244e-14	1.20039859e-10	2.63105523e-07	1.07524770e-03	3.40909355e-01	5.41097532e-01	1.12907572e-01	3.99545211e-03	1.45686721e-05	9.41550381e-09	9.52773120e-13	3.16386008e-17	3.32778942e-22	2.19424327e-41	1.25557525e-60	
5.9	5.53677451e-26	1.64020780e-20	5.01975564e-16	3.55648130e-12	1.78840642e-08	1.73884625e-04	7.97234166e-02	4.41517904e-01	4.00054242e-01	7.66434572e-02	1.87652414e-03	1.05408023e-05	1.22954882e-08	6.51584940e-12	1.32495055e-15	1.05204907e-34	7.03805933e-54	
6	2.13129200e-28	9.97057856e-23	5.10178333e-18	6.62472116e-14	6.86625360e-10	1.40573282e-05	9.19245171e-03	1.45681243e-01	4.50681385e-01	3.51384037e-01	4.16339418e-02	1.40047527e-03	1.23448202e-05	6.32684028e-08	1.42886965e-10	3.59840705e-27	1.44502754e-45	
6.1	6.59448596e-31	4.70851465e-25	3.83715191e-20	8.53855351e-16	1.66635568e-11	6.50062018e-07	6.05483508e-04	2.34272442e-02	2.03563954e-01	5.11564482e-01	2.25510238e-01	3.36789082e-02	1.59514911e-03	5.30354825e-05	8.55536625e-07	6.35707554e-20	1.39712037e-34	
6.2	1.74601542e-33	1.84459246e-27	2.29588297e-22	8.27576184e-18	2.82131734e-13	1.93239158e-08	2.56609404e-05	2.13778604e-03	4.46194858e-02	2.99604353e-01	3.98681208e-01	2.08087045e-01	4.00562092e-02	6.27947255e-03	5.08759659e-04	2.28864964e-14	4.95454391e-26	
6.3	3.19211117e-36	4.85521130e-30	8.90827292e-25	4.96402826e-20	2.77909796e-15	3.12482806e-10	5.91391068e-07	9.61426179e-05	4.26032710e-03	6.58898911e-02	2.24428266e-01	3.38192393e-01	2.10011007e-01	1.20201707e-01	3.69196742e-02	2.85585965e-10	1.55963981e-19	
6.4	2.73841931e-39	5.85655654e-33	1.53761474e-27	1.27451058e-22	1.11376247e-17	1.94496196e-12	5.23347230e-09	1.53728615e-06	1.31289770e-04	4.16614161e-03	3.19106735e-02	1.19255129e-01	1.97273010e-01	3.35621794e-01	3.11640267e-01	1.52396858e-07	7.11466543e-15	
6.5	1.76851456e-42	5.21045596e-36	1.90951201e-30	2.28095574e-25	2.98456090e-20	7.73065103e-15	2.94455044e-11	1.47077016e-08	2.24414179e-06	1.33563799e-04	2.07760149e-03	1.70549521e-02	6.43195105e-02	2.75469791e-01	6.40933391e-01	8.93156734e-06	1.50871433e-11	
6.6	1.78199004e-45	7.10708022e-39	3.56091835e-33	5.97270639e-28	1.13091307e-22	4.18105647e-17	2.24117236e-13	1.81329193e-10	4.65507983e-08	4.84486317e-06	1.41143631e-04	2.30927560e-03	1.75539598e-02	1.65372410e-01	8.14447466e-01	1.70848398e-04	5.27358804e-09	
6.7	3.37135382e-48	1.79252225e-41	1.20680419e-35	2.78242425e-30	7.41346259e-25	3.78755728e-19	2.83702153e-15	3.57282202e-12	1.47012239e-09	2.53102603e-07	1.29408529e-05	3.90004336e-04	5.43187557e-03	1.00827413e-01	8.91658015e-01	1.67894725e-03	5.50274385e-07	
6.8	1.15925396e-50	8.10715093e-44	7.22816511e-38	2.25109580e-32	8.24733537e-27	5.66407547e-21	5.88215862e-17	1.11517823e-13	7.06587774e-11	1.92371355e-08	1.63700178e-06	8.51926498e-05	2.02134732e-03	6.75588107e-02	9.20124967e-01	1.01850078e-02	2.30185429e-05	
6.9	6.50829369e-53	5.91470466e-46	6.89763107e-40	2.86038576e-34	1.41403460e-28	1.27471749e-22	1.82007230e-18	5.04674987e-15	4.75957317e-12	1.97389712e-09	2.67519228e-07	2.27861880e-05	8.71003426e-04	4.86728172e-02	9.08101598e-01	4.18686090e-02	4.62916507e-04	
7	5.19641352e-55	6.06882548e-48	9.15869358e-42	4.99808814e-36	3.28183821e-30	3.80332614e-24	7.40136866e-20	2.92621607e-16	3.98751769e-13	2.43969410e-10	5.07303843e-08	6.75888430e-06	3.98489299e-04	3.50264151e-02	8.37144265e-01	1.22386378e-01	5.03764276e-03	
7.1	5.13300467e-57	7.62284776e-50	1.47477733e-43	1.04883724e-37	9.02820063e-32	1.32034334e-25	3.47063644e-21	1.91202514e-17	3.66686708e-14	3.21875833e-11	9.94395297e-09	1.99323814e-06	1.75026766e-04	2.30081361e-02	6.86507695e-01	2.58448440e-01	3.18586991e-02	
7.2	5.57305607e-59	1.04168868e-51	2.56200582e-45	2.35518481e-39	2.62839922e-33	4.77014098e-27	1.67830791e-22	1.26148774e-18	3.32376233e-15	4.08173818e-12	1.82120168e-09	5.30907372e-07	6.74510977e-05	1.27144457e-02	4.72746751e-01	3.92618265e-01	1.21852555e-01	
7.3	6.21325744e-61	1.44692719e-53	4.48847048e-47	5.29708450e-41	7.59223990e-35	1.68392233e-28	7.85804050e-24	7.90146637e-20	2.79743680e-16	4.69764590e-13	2.95142305e-10	1.21419871e-07	2.17703409e-05	5.68036778e-03	2.65431001e-01	4.33758753e-01	2.95107986e-01	
7.4	7.22643559e-63	2.07521437e-55	8.05990010e-49	1.21397834e-42	2.21630619e-36	5.92236012e-30	3.63207889e-25	4.79658227e-21	2.23514124e-17	5.02476154e-14	4.34413803e-11	2.45477209e-08	6.07663608e-06	2.12992813e-03	1.26470393e-01	3.73198568e-01	4.98195010e-01	
7.5	9.40797856e-65	3.29691356e-57	1.59169325e-50	3.04397652e-44	7.02651881e-38	2.23219789e-31	1.78264017e-26	3.03820028e-22	1.82741669e-18	5.39181331e-15	6.27936785e-12	4.75571479e-09	1.59318694e-06	7.31248835e-04	5.57119131e-02	2.77816668e-01	6.65738572e-01	
7.6	1.45714060e-66	6.16490866e-59	3.67278053e-52	8.87721539e-46	2.57362344e-39	9.59911358e-33	9.89164275e-28	2.14003713e-23	1.63118903e-19	6.20003499e-16	9.53599979e-13	9.46402820e-10	4.21261952e-07	2.47630599e-04	2.43776067e-02	1.94855444e-01	7.80518897e-01	
7.7	2.76742233e-68	1.39815622e-60	1.02033963e-53	3.10376753e-47	1.12296792e-40	4.86002376e-34	6.40383404e-29	1.73136542e-24	1.64363513e-20	7.90753415e-17	1.57660608e-13	2.00829178e-10	1.16745769e-07	8.62130106e-05	1.10105018e-02	1.35053184e-01	8.53849985e-01	
7.8	6.49632562e-70	3.87608384e-62	3.43846501e-55	1.31095260e-48	5.88346827e-42	2.92195512e-35	4.87865322e-30	1.62408001e-25	1.88946244e-21	1.13157590e-17	2.87385294e-14	4.60965618e-11	3.44313321e-08	3.14060214e-05	5.20929252e-03	9.44914098e-02	9.00267857e-01	
7.9	1.87757056e-71	1.30839652e-63	1.39979586e-56	6.66263475e-50	3.68651395e-43	2.07942844e-36	4.36045433e-31	1.76264423e-26	2.47502271e-22	1.81677362e-18	5.78065704e-15	1.14702677e-11	1.08391499e-08	1.20327083e-05	2.58857122e-03	6.72443286e-02	9.30155057e-01	
8	6.62223451e-73	5.33076362e-65	6.82092282e-58	4.03693615e-51	2.73722195e-44	1.73695850e-37	4.53445495e-32	2.19719827e-27	3.67212382e-23	3.25563299e-19	1.27773438e-15	3.08586816e-12	3.63560941e-09	4.84831908e-06	1.34811604e-03	4.87447844e-02	9.49902248e-01	
