4	7.38123840e-02	9.26069899e-01	1.17717176e-04	1.81882749e-18	3.30695897e-37	2.75579916e-56	1.30606594e-75	4.35355330e-95	1.01245427e-114	1.74561080e-134	2.26702712e-154	1.58533365e-174	7.37364476e-195	2.30426401e-215	1.27082727e-235	
4.1	1.83858712e-02	9.77580368e-01	4.03376064e-03	1.64295116e-13	3.81993524e-29	3.77016892e-48	2.10706367e-67	8.25587226e-87	2.24955644e-106	4.56003493e-126	6.98032191e-146	5.90002696e-166	3.34354924e-186	1.26143108e-206	8.00705300e-227	
4.2	7.14657357e-03	9.53255672e-01	3.95977535e-02	6.05043147e-10	9.82817767e-22	1.14893010e-40	7.57220128e-60	3.48740455e-79	1.11336864e-98	2.65346809e-118	4.78766598e-138	4.89086313e-158	3.37720138e-178	1.53816791e-198	1.12447398e-218	
4.3	3.03299910e-03	8.10257225e-01	1.86709505e-01	2.70875847e-07	5.27614361e-16	7.30524962e-35	5.67750808e-54	3.07357520e-73	1.14968772e-92	3.22140636e-112	6.85099477e-132	8.45791410e-152	7.11586215e-172	3.91260899e-192	3.29621668e-212	
4.4	1.07996162e-03	5.20604003e-01	4.78290317e-01	2.57187246e-05	1.48017139e-11	2.42734614e-30	2.22467790e-49	1.41563973e-68	6.20350472e-88	2.04344969e-107	5.12219790e-127	7.63310895e-147	7.82457632e-167	5.19422220e-187	5.04587369e-207	
4.5	3.11127978e-04	2.54961974e-01	7.43982995e-01	7.43861785e-04	4.15348602e-08	8.06737096e-27	8.71827747e-46	6.51833837e-65	3.34170955e-84	1.29198130e-103	3.81385446e-123	6.81434819e-143	8.51112667e-163	6.82090584e-183	7.64658400e-203	
4.6	8.40199736e-05	1.12485532e-01	8.77801916e-01	9.60706583e-03	2.14656099e-05	6.44575667e-24	8.20791356e-43	7.18102665e-62	4.25870408e-81	1.90870572e-100	6.58469556e-120	1.37824343e-139	2.09743186e-159	2.02924908e-179	2.62713180e-199	
4.7	2.26737953e-05	4.81835749e-02	8.79159544e-01	6.95605104e-02	3.07369664e-03	2.68216701e-17	9.83124194e-36	9.81749743e-55	6.41079889e-74	3.15740690e-93	1.22399086e-112	2.85419016e-132	5.29229987e-152	6.18151003e-172	9.24905042e-192	
4.8	4.79064083e-06	1.58304112e-02	6.07363488e-01	2.51437335e-01	1.25363975e-01	4.05823757e-12	3.26854127e-26	4.47227921e-44	2.84985600e-63	1.35765610e-82	5.29053111e-102	1.28470197e-121	2.90242863e-141	4.09271202e-161	7.08302228e-181	
4.9	2.97295644e-07	1.51091021e-03	1.12187960e-01	1.92780991e-01	6.93519825e-01	1.62284277e-08	3.48761233e-19	5.36307620e-33	6.01202484e-51	2.37516778e-70	7.90168586e-90	1.89611648e-109	5.21943542e-129	8.88535575e-149	1.78016862e-168	
5	7.61586205e-09	5.97065152e-05	8.09277769e-03	5.18578702e-02	9.39985307e-01	4.33129658e-06	4.33268450e-14	9.64398811e-25	8.49280771e-39	1.14727169e-55	2.93487417e-75	6.86135082e-95	2.30130826e-114	4.72955775e-134	1.09793108e-153	
5.1	2.00087533e-10	2.46620652e-06	5.96669589e-04	1.45693148e-02	9.84515434e-01	3.16114914e-04	3.72776399e-10	2.54271553e-18	2.75701280e-29	1.45028716e-42	2.56439176e-58	4.27784029e-77	1.74819787e-96	4.33752949e-116	1.16782332e-135	
5.2	6.14311488e-12	1.22503864e-07	5.43777263e-05	5.22813642e-03	9.85260671e-01	9.45621654e-03	4.75776110e-07	3.12009623e-13	1.00997839e-21	3.98587127e-32	1.38085838e-44	2.20604431e-59	9.90934976e-76	2.96820426e-95	9.27766824e-115	
5.3	2.22270468e-13	7.34679271e-09	6.38486999e-06	2.27194215e-03	8.75304784e-01	1.22292652e-01	1.24225747e-04	3.24566575e-09	1.04484894e-15	8.56978229e-24	1.32672312e-33	3.30800429e-45	5.34101275e-58	1.93144065e-77	7.01602187e-97	
5.4	6.92957405e-15	3.82773969e-10	6.87611299e-07	7.93259849e-04	4.74405793e-01	5.18774918e-01	6.02217333e-03	3.16731171e-06	4.27704757e-11	2.65291173e-17	5.72023198e-25	5.30096602e-34	6.06781921e-44	2.64900865e-63	1.11952021e-82	
5.5	1.71847914e-16	1.57090445e-11	5.87851443e-08	1.89429467e-04	1.50054362e-01	7.82916398e-01	6.64287879e-02	4.10846810e-04	1.17471408e-07	2.47204547e-12	2.94001182e-18	3.24714886e-25	7.25176142e-33	3.82194669e-52	1.88143478e-71	
5.6	4.32428318e-18	6.39363226e-13	4.81499271e-09	3.77465717e-05	3.76832237e-02	6.61591227e-01	2.87057477e-01	1.35827076e-02	4.75959976e-05	1.79259978e-08	5.61630564e-13	2.99655782e-18	4.68104294e-24	2.97852064e-43	1.71002455e-62	
5.7	9.55456375e-20	2.21850112e-14	3.17986788e-10	5.38206450e-06	6.81804633e-03	3.19799716e-01	5.33482720e-01	1.36123609e-01	3.75538031e-03	1.51384215e-05	6.92231973e-09	8.69935672e-13	4.20422165e-17	3.22954502e-36	2.16515478e-55	
5.8	1.53785271e-21	5.43383097e-16	1.39510352e-11	4.61206635e-07	7.60551848e-04	8.16904866e-02	4.18560831e-01	4.31853130e-01	6.52695338e-02	1.85726136e-03	7.73106058e-06	1.28994086e-08	1.00773080e-11	9.34555108e-31	7.32639615e-50	
5.9	1.72379602e-23	8.99372718e-18	3.90632156e-13	2.32177624e-08	5.11927573e-05	1.12985904e-02	1.49426533e-01	4.92191318e-01	3.02567505e-01	4.33231190e-02	1.12585015e-03	1.57500304e-05	1.18627008e-07	3.20420407e-23	1.02353900e-40	
6	1.36069564e-25	1.01956646e-19	7.12101170e-15	7.10640747e-10	2.14061233e-06	8.95799710e-04	2.67605350e-02	2.32610058e-01	4.56849377e-01	2.50284048e-01	3.00503250e-02	2.43078634e-03	1.16930073e-04	6.45908004e-17	8.30077518e-31	
6.1	7.32328641e-28	7.68744081e-22	8.26779958e-17	1.30940661e-11	5.46891035e-08	4.07749088e-05	2.48369330e-03	4.90820051e-02	2.54427530e-01	4.28289987e-01	1.86798831e-01	6.45908202e-02	1.42863049e-02	3.57268342e-12	3.54167543e-23	
6.2	1.98268891e-30	2.85245155e-24	4.55485177e-19	1.09285119e-13	6.38458657e-10	8.06759840e-07	9.25561803e-05	3.70967737e-03	4.37826849e-02	1.90449568e-01	2.48966813e-01	2.87873556e-01	2.25124329e-01	7.68965986e-09	1.58345817e-17	
6.3	2.74771733e-33	5.31326591e-27	1.22199486e-21	4.27431813e-16	3.50624724e-12	7.20413401e-09	1.46259921e-06	1.09020392e-04	2.61704786e-03	2.56856788e-02	8.62483846e-02	2.73602649e-01	6.11734649e-01	1.10070942e-06	1.66036984e-13	
6.4	4.53977523e-36	1.15975200e-29	3.74660951e-24	1.85035216e-18	2.13163843e-14	6.87710055e-11	2.35049929e-08	3.04983080e-06	1.36636230e-04	2.72141910e-03	2.07255647e-02	1.54088441e-01	8.22288396e-01	3.64697939e-05	1.76061604e-10	
6.5	1.28675940e-38	4.27514663e-32	1.90016750e-26	1.29005008e-20	2.08173804e-16	1.02301463e-12	5.65108612e-10	1.21257649e-07	9.48551898e-06	3.52741025e-04	5.50656711e-03	8.47532977e-02	9.08838039e-01	5.39704152e-04	4.31813719e-08	
6.6	6.45424567e-41	2.74885449e-34	1.65279519e-28	1.50799264e-22	3.39317532e-18	2.47279029e-14	2.13389134e-11	7.27043420e-09	9.42307325e-07	6.12252233e-05	1.80344516e-03	5.21368650e-02	9.41445518e-01	4.54842143e-03	3.57511412e-06	
6.7	5.35663534e-43	2.88505758e-36	2.31405601e-30	2.78299402e-24	8.68092671e-20	9.15756861e-16	1.19931362e-12	6.27608751e-10	1.29172043e-07	1.38964023e-05	7.21143279e-04	3.62719620e-02	9.38429412e-01	2.44389437e-02	1.24513071e-04	
6.8	6.46047599e-45	4.34332868e-38	4.59445585e-32	7.16142173e-26	3.07530296e-21	4.59334293e-17	8.90266192e-14	6.95843991e-11	2.19555745e-08	3.74105129e-06	3.22944809e-04	2.65929508e-02	8.82447020e-01	8.85328773e-02	2.10044424e-03	
6.9	9.67572472e-47	8.01686266e-40	1.10791256e-33	2.20499847e-27	1.29380690e-22	2.68048697e-18	7.51962841e-15	8.56901191e-12	4.02245837e-09	1.04563748e-06	1.43009265e-04	1.83533875e-02	7.42262149e-01	2.20514717e-01	1.87256877e-02	
7	1.55604618e-48	1.56880703e-41	2.81052075e-35	7.04583710e-29	5.60421702e-24	1.57974410e-19	6.28734221e-16	1.02244957e-12	6.95516502e-10	2.67052818e-07	5.54891933e-05	1.06613647e-02	5.20437823e-01	3.76151079e-01	9.26939761e-02	
7.1	2.43722425e-50	2.95223930e-43	6.81187405e-37	2.12417835e-30	2.27175432e-25	8.55509120e-21	4.74268242e-17	1.07948952e-13	1.03948305e-10	5.72975958e-08	1.74392460e-05	4.84926483e-03	2.88682120e-01	4.40157052e-01	2.66294067e-01	
7.2	3.72368525e-52	5.35070377e-45	1.58138035e-38	6.06172711e-32	8.64439979e-27	4.27397866e-22	3.24439495e-18	1.01507686e-14	1.35416111e-11	1.04466565e-08	4.50918204e-06	1.76285774e-03	1.30142313e-01	3.77484440e-01	4.90605870e-01	
7.3	6.05334509e-54	1.01882438e-46	3.83866161e-40	1.78833388e-33	3.37195871e-28	2.15275851e-23	2.20192141e-19	9.31122294e-16	1.68694286e-12	1.77953176e-09	1.05829814e-06	5.67065901e-04	5.27888179e-02	2.69783032e-01	6.76860024e-01	
7.4	1.14049798e-55	2.22000393e-48	1.06207266e-41	5.94727388e-35	1.47002412e-29	1.19270214e-24	1.61872852e-20	9.10327031e-17	2.19796311e-13	3.10301062e-10	2.47718460e-07	1.77854628e-04	2.11650119e-02	1.79722886e-01	7.98933999e-01	
7.5	2.60186445e-57	5.78489776e-50	3.50120107e-43	2.33111257e-36	7.48944118e-31	7.60642322e-26	1.34965447e-21	9.93806806e-18	3.14102655e-14	5.81688164e-11	6.08750860e-08	5.73777130e-05	8.81499306e-03	1.18658459e-01	8.72469109e-01	
7.6	7.27265117e-59	1.82511328e-51	1.39291062e-44	1.09110705e-37	4.51720210e-32	5.66073771e-27	1.29451030e-22	1.22943738e-18	5.00027646e-15	1.19205819e-11	1.60031964e-08	1.94370612e-05	3.87995142e-03	7.96469360e-02	9.16453659e-01	
7.7	2.48710659e-60	6.96428656e-53	6.68149023e-46	6.09349495e-39	3.22315678e-33	4.91643668e-28	1.42889965e-23	1.72475600e-19	8.87821988e-16	2.67663176e-12	4.51917339e-09	6.95423089e-06	1.80916432e-03	5.47831317e-02	9.43400745e-01	
7.8	1.03153768e-61	3.18892811e-54	3.83384506e-47	4.03005303e-40	2.70017774e-34	4.94955437e-29	1.80347316e-24	2.72736956e-20	1.74892448e-16	6.55728890e-13	1.36727992e-09	2.62483813e-06	8.90411275e-04	3.86314761e-02	9.60475486e-01	
7.9	5.13446876e-63	1.73518564e-55	2.60648737e-48	3.12736442e-41	2.63135571e-35	5.72806026e-30	2.58234531e-25	4.82516400e-21	3.79649556e-17	1.74253715e-13	4.41324870e-10	1.04212195e-06	4.60122449e-04	2.78657355e-02	9.71673100e-01	
8	3.03158632e-64	1.11009977e-56	2.07710335e-49	2.81815073e-42	2.95221821e-36	7.54836646e-31	4.15684796e-26	9.46884621e-22	9.01068805e-18	4.98886881e-14	1.51172875e-10	4.33516475e-07	2.48262550e-04	2.04973106e-02	9.79253993e-01	
