4	9.99139788e-01	8.60211788e-04	1.94180161e-13	1.44927465e-30	2.09130542e-49	1.71418482e-68	9.02202564e-88	3.23370096e-107	8.57745628e-127	1.70525969e-146	2.39502776e-166	2.25946015e-186	1.98198265e-206	1.58558617e-226	1.05005704e-246	6.03481076e-267	2.95824061e-287	1.13778488e-307	0.00000000e+00	
4.1	9.53394331e-01	4.66056586e-02	1.02284986e-08	1.67988884e-21	2.88552328e-40	2.77454154e-59	1.71268000e-78	7.19613444e-98	2.22790544e-117	5.15718864e-137	8.39932963e-157	9.14959676e-177	9.27950963e-197	8.59213875e-217	6.55888443e-237	4.34363197e-257	2.46797263e-277	1.09202331e-297	0.00000000e+00	
4.2	4.36046413e-01	5.63922637e-01	3.09498954e-05	1.56659965e-14	1.67207371e-30	1.88934889e-49	1.36909338e-68	6.71124228e-88	2.43160949e-107	6.57191752e-127	1.24232845e-146	1.56071413e-166	1.83182411e-186	1.96336991e-206	1.73749552e-226	1.33653505e-246	8.79299405e-267	4.48622160e-287	1.86925907e-307	
4.3	5.23303694e-02	9.43258965e-01	4.41066425e-03	1.37433737e-09	1.38883461e-21	5.29415983e-38	4.49336242e-57	2.49631235e-76	1.05775946e-95	3.33678060e-115	7.33358383e-135	1.06283824e-154	1.44407368e-174	1.79611156e-194	1.84216569e-214	1.64479080e-234	1.24605370e-254	7.32972765e-275	3.52390743e-295	
4.4	5.75571628e-03	8.57101173e-01	1.37136189e-01	6.92176890e-06	8.10353418e-15	2.64202803e-27	1.98632464e-43	1.11591276e-62	5.55180487e-82	2.04863654e-101	5.22611352e-121	8.73932055e-141	1.37844172e-160	1.99196781e-180	2.36857060e-200	2.44687049e-220	2.14637769e-240	1.46012093e-260	8.06696618e-281	
4.5	4.18755193e-04	3.17595246e-01	6.80278760e-01	1.70723809e-03	4.00622058e-10	1.34013401e-19	5.44237601e-32	4.36349101e-50	2.55174910e-69	1.10465333e-88	3.28765860e-108	6.34683149e-128	1.16029823e-147	1.95008100e-167	2.69720751e-187	3.23018869e-207	3.29947772e-227	2.59801408e-247	1.65478608e-267	
4.6	3.61027495e-05	8.36666883e-02	8.78801197e-01	3.74955180e-02	4.93952909e-07	3.28411930e-14	8.73242801e-24	5.85469598e-38	9.28675883e-55	4.71409072e-74	1.63683703e-93	3.65365405e-113	7.75722714e-133	1.51804839e-152	2.44059220e-172	3.36633412e-192	3.99327903e-212	3.63025361e-232	2.66930407e-252	
4.7	5.39313156e-06	2.53134255e-02	7.46033000e-01	2.28577770e-01	7.04115406e-05	2.90067484e-10	1.11904205e-17	9.38289352e-29	1.02982970e-41	6.16664468e-61	2.49661721e-80	6.43458023e-100	1.58487202e-119	3.61018671e-139	6.74801261e-159	1.03975538e-178	1.43414538e-198	1.50803935e-218	1.27799947e-238	
4.8	8.96966890e-07	6.89169579e-03	4.38445563e-01	5.52586344e-01	2.07526870e-03	2.32188124e-07	4.70118125e-13	1.15130963e-21	1.50555875e-31	1.06025266e-50	5.00119181e-70	1.48403313e-89	4.20405999e-109	1.10342786e-128	2.36787086e-148	3.83150610e-168	6.15009021e-188	7.49097467e-208	7.34409293e-228	
4.9	1.42190829e-07	1.63290107e-03	1.98672771e-01	7.78548899e-01	2.11111227e-02	3.41629330e-05	1.71560585e-09	4.01230404e-16	1.54459997e-23	1.27652893e-42	6.97556777e-62	2.31746447e-81	7.28762411e-101	2.13088422e-120	5.00207566e-140	7.86489883e-160	1.47282751e-179	2.08026491e-199	2.35324079e-219	
5	2.23739375e-08	3.73310997e-04	8.06226262e-02	8.06226262e-01	1.11237566e-01	1.53912625e-03	1.08556074e-06	1.01831364e-11	3.81695375e-17	4.51428154e-36	2.73592833e-55	9.49975099e-75	3.05458222e-94	9.14545536e-114	2.10240360e-133	3.06026739e-153	6.68180666e-173	1.09537820e-192	1.43186692e-212	
5.1	3.14455859e-09	7.47237858e-05	2.73987209e-02	6.15318097e-01	3.29887823e-01	2.71572163e-02	1.63384885e-04	3.12684862e-08	4.74574931e-12	3.09593950e-27	4.69139319e-45	1.63045143e-64	4.80959114e-84	1.32131621e-103	2.63735769e-123	3.54483561e-143	9.04294782e-163	1.72246623e-182	2.60584905e-202	
5.2	3.23429706e-10	1.09729032e-05	6.56277436e-03	2.98131928e-01	5.02732271e-01	1.85722756e-01	6.82493359e-03	1.43201737e-05	4.36792944e-08	9.80750917e-20	1.26566182e-33	6.96295341e-50	7.73079787e-69	1.83381712e-88	3.00133736e-108	3.85775998e-128	1.15157010e-147	2.54772147e-167	4.46968692e-187	
5.3	2.05691193e-11	9.87782575e-07	9.43458992e-04	8.07151915e-02	3.62019620e-01	4.73934277e-01	8.10677098e-02	1.27621448e-03	4.25404835e-05	5.81676002e-14	9.71315382e-25	1.71056781e-37	1.53373699e-52	1.65056460e-69	1.56656062e-88	2.04421982e-108	7.17270133e-128	1.84863430e-147	3.75738667e-167	
5.4	8.23638709e-13	5.57948779e-08	8.31151276e-05	1.26383882e-02	1.31896360e-01	5.04715522e-01	3.17090799e-01	2.70141130e-02	6.56164527e-03	1.40180602e-09	6.92249879e-18	7.67129008e-28	1.10586128e-39	4.22718290e-53	2.85465306e-68	1.37272931e-85	3.88657542e-104	1.16713971e-123	2.75268800e-143	
5.5	1.85444106e-14	1.78311635e-09	4.03987314e-06	1.04407103e-03	2.29217049e-02	2.20845643e-01	4.20532413e-01	1.48018230e-01	1.86631681e-01	2.21530278e-06	1.04588646e-12	2.05238800e-20	1.10266941e-29	2.96265712e-40	2.80691425e-52	5.35865469e-66	1.04311681e-80	3.66005908e-100	1.00275589e-119	
5.6	1.41588292e-16	1.89674895e-11	6.42787149e-08	2.70647222e-05	1.15440110e-03	2.49273187e-02	1.23713362e-01	1.44505525e-01	7.05460088e-01	2.12172453e-04	3.97823367e-09	5.14731310e-15	3.28930191e-22	1.73312906e-30	5.67675050e-40	8.50021347e-51	2.21005560e-62	9.05760519e-82	2.89380351e-101	
5.7	7.86564254e-19	1.46250328e-13	7.34590715e-10	4.94179202e-07	3.83593629e-05	1.67822222e-03	1.92158019e-02	6.26956210e-02	9.12692888e-01	3.67722647e-03	1.38562156e-06	5.39893074e-11	1.66804254e-16	6.33186734e-23	2.34961524e-30	7.60313903e-39	6.42157002e-48	3.08729320e-67	1.14769266e-86	
5.8	6.54063862e-21	1.68790679e-15	1.23665998e-11	1.27858068e-08	1.71888663e-06	1.43335733e-04	3.45197304e-03	2.75593496e-02	9.39811896e-01	2.89122677e-02	1.19372621e-04	7.39815524e-08	5.43537973e-12	6.72855552e-17	1.17432338e-22	2.93880404e-29	2.58614747e-36	1.45289190e-55	6.28957551e-75	
5.9	8.22924386e-23	2.91417886e-17	3.07184883e-13	4.79562009e-10	1.06675298e-07	1.59093341e-05	7.49278294e-04	1.32053658e-02	8.51012412e-01	1.31220623e-01	3.77519637e-03	2.10876086e-05	2.02880783e-08	4.31716437e-12	1.74471870e-16	1.50101200e-21	5.66095964e-27	3.74898006e-46	1.89342426e-65	
6	1.20087473e-24	5.78080650e-19	8.67120990e-15	2.00977579e-11	7.17669937e-09	1.82679622e-06	1.58954996e-04	5.73879755e-03	6.12298445e-01	3.34771457e-01	4.55015899e-02	1.51671957e-03	1.21770914e-05	2.52023390e-08	1.30657293e-11	1.99890048e-15	1.58010475e-19	1.22488744e-38	7.24785451e-58	
6.1	1.59728256e-26	1.03653438e-20	2.19501395e-16	7.43428717e-13	4.14248843e-10	1.74553708e-07	2.67444858e-05	1.85539868e-03	3.02801062e-01	4.52537824e-01	2.12185787e-01	2.91920214e-02	1.38223713e-03	1.86702181e-05	7.94020739e-08	1.22460911e-10	1.11358226e-13	1.05228416e-30	2.70378559e-49	
6.2	1.58832657e-28	1.38411314e-22	4.07949131e-18	1.98589098e-14	1.69267224e-11	1.14124497e-08	2.96723693e-06	3.77191131e-04	9.07663138e-02	3.10238301e-01	3.93056135e-01	1.67907469e-01	3.53885687e-02	2.20881676e-03	5.36654763e-05	5.56408942e-07	3.76659958e-09	1.14547017e-22	1.22928504e-37	
6.3	1.02185338e-30	1.17155168e-24	4.77686253e-20	3.29402279e-16	4.16244692e-13	4.37875375e-10	1.85881436e-07	4.11884238e-05	1.44073308e-02	9.93874739e-02	2.88844851e-01	3.11441561e-01	2.30430747e-01	5.00008057e-02	5.18273198e-03	2.54108581e-04	9.01515818e-06	1.78917988e-16	1.95957795e-28	
6.4	3.40532179e-33	5.12253549e-27	2.84631216e-22	2.75228983e-18	5.12849025e-15	8.24716642e-12	5.58116379e-09	2.07650832e-06	1.04303869e-03	1.32912928e-02	7.80702194e-02	1.82833561e-01	3.90411505e-01	2.35982057e-01	8.18434878e-02	1.45086182e-02	2.01413754e-03	7.31578811e-12	2.09959834e-21	
6.5	5.81222399e-36	1.12685970e-29	8.48867840e-25	1.13644342e-20	3.05891075e-17	7.35440209e-14	7.72366044e-11	4.66082940e-08	3.37166372e-05	7.49979048e-04	8.20032000e-03	3.73047357e-02	1.99081708e-01	2.84697149e-01	2.72136997e-01	1.38299127e-01	5.94962062e-02	1.43907797e-08	3.65480089e-16	
6.6	5.26173730e-39	1.29180377e-32	1.30344156e-27	2.36923921e-23	9.06539880e-20	3.21470415e-16	5.13044352e-13	4.88613675e-10	5.04076135e-07	1.85078701e-05	3.53440605e-04	2.91462857e-03	3.44840124e-02	1.03452037e-01	2.37158910e-01	2.94556406e-01	3.27059194e-01	2.35819517e-06	2.22923134e-12	
6.7	3.93300026e-42	1.19833599e-35	1.60268250e-30	3.94042997e-26	2.11686521e-22	1.08557186e-18	2.57988143e-15	3.76896267e-12	5.53566383e-09	3.26604165e-07	1.03594763e-05	1.45974448e-04	3.46946312e-03	1.99037624e-02	9.63862545e-02	2.56715021e-01	6.23299858e-01	6.89743012e-05	1.22394322e-09	
6.8	4.05315793e-45	1.51100090e-38	2.65264589e-33	8.66225156e-29	6.45801755e-25	4.75125570e-21	1.64817567e-17	3.61656823e-14	7.41041942e-11	6.75729810e-09	3.41801223e-07	7.80920820e-06	3.45229767e-04	3.51682674e-03	3.29011308e-02	1.71541537e-01	7.90905429e-01	7.81545586e-04	1.43454751e-07	
6.9	6.47966525e-48	2.89825291e-41	6.60278676e-36	2.83494153e-31	2.90493996e-27	3.02113756e-23	1.51536422e-19	4.88284005e-16	1.40304387e-12	1.93551208e-10	1.51256685e-08	5.43993354e-07	4.17523560e-05	7.21401651e-04	1.20875514e-02	1.13728639e-01	8.68250882e-01	5.16257254e-03	6.64143446e-06	
7	1.70499676e-50	8.89858812e-44	2.59317445e-38	1.43959309e-33	1.98859040e-29	2.86869488e-25	2.03543765e-21	9.44784153e-18	3.74171935e-14	7.66630441e-12	9.01557394e-10	4.93324117e-08	6.24594929e-06	1.74505149e-04	4.95217330e-03	7.91696138e-02	8.92959624e-01	2.25925495e-02	1.45237815e-04	
7.1	6.44207197e-53	3.84647997e-46	1.40951557e-40	9.99412013e-36	1.85421823e-31	3.70843663e-27	3.67964452e-23	2.42111578e-19	1.31056053e-15	3.87951989e-13	6.72777511e-11	5.45894030e-09	1.08863258e-06	4.74643822e-05	2.17757738e-03	5.65243468e-02	8.68800143e-01	7.07246392e-02	1.72473470e-03	
7.2	3.19802991e-55	2.13202006e-48	9.71672817e-43	8.65102291e-38	2.11101500e-33	5.76312916e-29	7.92273278e-25	7.27943400e-21	5.34386189e-17	2.28004774e-14	5.71292852e-12	6.73663266e-10	2.04204178e-07	1.34872251e-05	9.56950738e-04	3.88096690e-02	7.81333683e-01	1.66613161e-01	1.22728440e-02	
7.3	1.91216452e-57	1.38828383e-50	7.70913381e-45	8.45413443e-40	2.69578697e-35	9.96088115e-31	1.87642283e-26	2.37903604e-22	2.34229427e-18	1.40326638e-15	4.99880544e-13	8.38674249e-11	3.74613746e-08	3.66643229e-06	3.92331617e-04	2.40267308e-02	6.23302138e-01	2.97022519e-01	5.52525766e-02	
7.4	1.24292607e-59	9.58828720e-53	6.35914420e-47	8.45594294e-42	3.47164832e-37	1.73205056e-32	4.43048116e-28	7.63434144e-24	1.00077121e-19	8.41139016e-17	4.19282047e-14	9.86461560e-12	6.33249211e-09	8.99880462e-07	1.40750541e-04	1.27768696e-02	4.22779319e-01	4.00657132e-01	1.63645022e-01	
7.5	8.56408062e-62	6.87441054e-55	5.33822946e-49	8.46753609e-44	4.38319544e-39	2.92436084e-34	1.00767134e-29	2.33965060e-25	4.05757569e-21	4.70542381e-18	3.24804940e-15	1.05524182e-12	9.51547615e-10	1.92781080e-07	4.31104480e-05	5.60380346e-03	2.40696693e-01	4.17966540e-01	3.35689659e-01	
7.6	6.50893917e-64	5.35720602e-57	4.76333589e-51	8.78753370e-46	5.67528243e-41	5.02511618e-36	2.32092236e-31	7.14696705e-27	1.60305801e-22	2.54483139e-19	2.41153054e-16	1.06646570e-13	1.32752758e-10	3.78286647e-08	1.18506470e-05	2.17499004e-03	1.20997737e-01	3.61041638e-01	5.15773747e-01	
7.7	5.63449831e-66	4.67020506e-59	4.64396806e-53	9.80010202e-48	7.73341354e-43	9.02038280e-38	5.50179392e-33	2.23832643e-28	6.47566142e-24	1.39060682e-20	1.77939807e-17	1.05132777e-14	1.77689189e-11	7.05562436e-09	3.05743737e-06	7.85396743e-04	5.69302954e-02	2.76837521e-01	6.65443722e-01	
7.8	5.85235577e-68	4.81495799e-61	5.23505460e-55	1.23970404e-49	1.17445651e-44	1.78497773e-39	1.43093257e-34	7.57808044e-30	2.80669634e-25	8.10823369e-22	1.38895053e-18	1.09020104e-15	2.47112244e-12	1.34939019e-09	7.98230848e-07	2.79135936e-04	2.64934281e-02	2.02900889e-01	7.70325748e-01	
7.9	7.56763012e-70	6.09614622e-63	7.10417037e-57	1.84708424e-51	2.05688666e-46	4.01893147e-41	4.18485049e-36	2.85646439e-31	1.32621559e-26	5.15750512e-23	1.17273344e-19	1.20649400e-16	3.63504971e-13	2.70320108e-10	2.14817127e-07	1.01662424e-04	1.26452592e-02	1.46816896e-01	8.40435968e-01	
8	7.56763012e-70	6.09614622e-63	7.10417037e-57	1.84708424e-51	2.05688666e-46	4.01893147e-41	4.18485049e-36	2.85646439e-31	1.32621559e-26	5.15750512e-23	1.17273344e-19	1.20649400e-16	3.63504971e-13	2.70320108e-10	2.14817127e-07	1.01662424e-04	1.26452592e-02	1.46816896e-01	8.40435968e-01	
