4	6.57996147e-01	3.42003852e-01	8.02080407e-10	4.70185051e-29	5.67856347e-48	3.42082155e-67	1.25765502e-86	
4.1	9.88090540e-02	9.01190068e-01	8.77798556e-07	1.03793756e-22	1.47016648e-41	1.02808842e-60	4.37484426e-80	
4.2	1.12499391e-02	9.88631087e-01	1.18973461e-04	1.37210269e-16	5.95871558e-35	4.84448406e-54	2.38644541e-73	
4.3	1.90019235e-03	9.92637763e-01	5.46204425e-03	8.05937948e-12	4.66179791e-26	4.43980747e-45	2.53703289e-64	
4.4	4.51124954e-04	9.03863930e-01	9.56849101e-02	3.51233649e-08	5.97016125e-19	6.61147440e-38	4.37846006e-57	
4.5	9.48517016e-05	4.98750760e-01	5.01140963e-01	1.34253028e-05	1.37921146e-13	1.78423221e-32	1.37248628e-51	
4.6	1.43534333e-05	1.50280067e-01	8.49039899e-01	6.65679169e-04	1.17624862e-09	1.77949870e-28	1.58883811e-47	
4.7	2.43780094e-06	4.30516714e-02	9.45832179e-01	1.11124677e-02	1.24374152e-06	2.20131243e-25	2.28826654e-44	
4.8	3.26972002e-07	9.42468692e-03	8.85541060e-01	1.04696783e-01	3.37142829e-04	6.99466471e-23	8.46811678e-42	
4.9	6.09718212e-08	2.53950611e-03	5.72912573e-01	4.05153621e-01	1.93942395e-02	4.73030249e-21	6.68121803e-40	
5	6.37970961e-09	3.71740778e-04	1.80367655e-01	5.72277619e-01	2.46982979e-01	1.75506535e-19	2.89614738e-38	
5.1	3.03095413e-10	2.44878912e-05	2.33448290e-02	2.63898071e-01	7.12732612e-01	4.57497270e-15	1.58975890e-33	
5.2	1.17266148e-11	1.29374436e-06	2.25473549e-03	7.45644966e-02	9.23179474e-01	1.31304813e-11	2.86969348e-26	
5.3	5.93023041e-13	8.85336872e-08	2.66903044e-04	2.24667826e-02	9.77266219e-01	6.73022966e-09	3.07872193e-20	
5.4	4.25979748e-14	8.48075109e-09	4.21483089e-05	7.98039494e-03	9.91976467e-01	9.80892951e-07	2.06294053e-15	
5.5	4.14673865e-15	1.08605058e-09	8.54800282e-06	3.31643821e-03	9.96620664e-01	5.43490492e-05	1.57652210e-11	
5.6	5.25146382e-16	1.78973650e-10	2.16514474e-06	1.58881132e-03	9.97027295e-01	1.38170717e-03	2.13864242e-08	
5.7	8.69435664e-17	3.80528649e-11	6.90768586e-07	9.00426775e-04	9.81001881e-01	1.80900342e-02	6.96698222e-06	
5.8	1.82075963e-17	1.01361881e-11	2.68310861e-07	5.89592986e-04	8.72597652e-01	1.26169331e-01	6.43155866e-04	
5.9	3.90469383e-18	2.70324975e-12	1.02162956e-07	3.63510055e-04	5.77950392e-01	4.04565262e-01	1.71207337e-02	
6	6.92428955e-19	5.92984361e-13	3.15549216e-08	1.75555556e-04	2.68365180e-01	5.87192193e-01	1.44267040e-01	
6.1	9.23401792e-20	9.53776899e-14	7.02378939e-09	5.93323316e-05	8.74119090e-02	4.45738721e-01	4.66790031e-01	
6.2	9.56816989e-21	1.17287243e-14	1.18245994e-09	1.47675325e-05	2.19586789e-02	2.18263961e-01	7.59762591e-01	
6.3	9.58569885e-22	1.37207068e-15	1.87516329e-10	3.39296963e-06	5.35151271e-03	9.47480967e-02	8.99896997e-01	
6.4	1.05038363e-22	1.72989708e-16	3.17147816e-11	8.17058756e-07	1.44504606e-03	4.28901954e-02	9.55663941e-01	
6.5	1.33034106e-23	2.46847976e-17	6.02649505e-12	2.17375919e-07	4.44370252e-04	2.13101314e-02	9.78245281e-01	
6.6	1.85391004e-24	3.85712795e-18	1.24446956e-12	6.18907292e-08	1.53163930e-04	1.15105017e-02	9.88336272e-01	
6.7	2.86588268e-25	6.54414151e-19	2.76477303e-13	1.87232049e-08	5.74717062e-05	6.67154094e-03	9.93270969e-01	
6.8	4.89205529e-26	1.20902059e-19	6.67636115e-14	6.07737305e-09	2.34502469e-05	4.11857263e-03	9.95857971e-01	
6.9	9.07529988e-27	2.39453817e-20	1.71453582e-14	2.06829152e-09	1.02261257e-05	2.67321952e-03	9.97316552e-01	
7	1.82108315e-27	5.10563479e-21	4.69988893e-15	7.41810797e-10	4.72061417e-06	1.80512320e-03	9.98190155e-01	
7.1	3.92817153e-28	1.15415347e-21	1.35171129e-15	2.75097006e-10	2.27666482e-06	1.26008957e-03	9.98737633e-01	
7.2	9.21439184e-29	2.80003221e-22	4.12368379e-16	1.06333118e-10	1.14751158e-06	9.06739035e-04	9.99092113e-01	
7.3	2.34068827e-29	7.29684113e-23	1.32402361e-16	4.23919863e-11	5.96803368e-07	6.63899620e-04	9.99335504e-01	
7.4	6.47162648e-30	2.05144271e-23	4.47744059e-17	1.73785407e-11	3.17517690e-07	4.93916392e-04	9.99505766e-01	
7.5	1.97822836e-30	6.30693235e-24	1.60176052e-17	7.36809835e-12	1.74645660e-07	3.74507537e-04	9.99625318e-01	
7.6	6.87359510e-31	2.19709546e-24	6.20688254e-18	3.23837344e-12	9.88884341e-08	2.89499466e-04	9.99710402e-01	
7.7	2.65396682e-31	8.46824945e-25	2.53417864e-18	1.44773081e-12	5.63006410e-08	2.24087697e-04	9.99775856e-01	
7.8	1.19694117e-31	3.76304501e-25	1.13820495e-18	6.83188292e-13	3.34829906e-08	1.77051965e-04	9.99822915e-01	
7.9	6.20301224e-32	1.91951483e-25	5.57413716e-19	3.37438199e-13	2.03342235e-08	1.41823846e-04	9.99858156e-01	
8	6.20301224e-32	1.91951483e-25	5.57413716e-19	3.37438199e-13	2.03342235e-08	1.41823846e-04	9.99858156e-01	
