4	4.66505858e-02	8.10539988e-01	1.42809426e-01	3.07117046e-20	4.35009972e-39	3.50814486e-58	1.81769156e-77	6.73219114e-97	1.80005112e-116	3.62913525e-136	5.76053207e-156	7.24595260e-176	6.83580433e-196	4.65020719e-216	2.98090196e-236	1.68412543e-256	8.17536638e-277	3.53911971e-297	0.00000000e+00	0.00000000e+00	0.00000000e+00	
4.1	3.64996477e-03	1.97390104e-01	7.98959931e-01	6.09785519e-18	1.01970824e-36	9.61988907e-56	5.83023607e-75	2.52391180e-94	7.88722443e-114	1.85581752e-133	3.43034670e-153	5.02246974e-173	5.51313898e-193	4.34105454e-213	3.21559603e-233	2.10169674e-253	1.18072848e-273	5.90364236e-294	0.00000000e+00	0.00000000e+00	0.00000000e+00	
4.2	1.35377218e-04	1.96051895e-02	9.80259433e-01	1.54579365e-13	9.59247434e-32	1.06228954e-50	7.53396849e-70	3.82434944e-89	1.39574794e-108	3.83447226e-128	8.26394915e-148	1.40782772e-167	1.79112939e-187	1.62829942e-207	1.39170883e-227	1.05432492e-247	6.84626602e-268	3.95737914e-288	0.00000000e+00	0.00000000e+00	0.00000000e+00	
4.3	7.53034277e-06	2.54314202e-03	9.97449327e-01	4.54011440e-10	6.24135288e-24	2.00614902e-42	1.65797443e-61	9.86889506e-81	4.21747641e-100	1.34743652e-119	3.39404665e-139	6.74760764e-159	9.96692440e-179	1.04256532e-198	1.03224289e-218	9.05476246e-239	6.80809211e-259	4.56918914e-279	2.65650536e-299	0.00000000e+00	0.00000000e+00	
4.4	6.57985731e-07	4.66710779e-04	9.99532376e-01	2.54805031e-07	1.28639437e-17	6.94619228e-32	8.09326990e-51	5.65962915e-70	2.80179667e-89	1.01514371e-108	2.98571673e-128	6.92741715e-148	1.19027786e-167	1.43927191e-187	1.65243616e-207	1.68272528e-227	1.46323934e-247	1.13429402e-267	7.61271124e-288	4.04931441e-308	0.00000000e+00	
4.5	9.34115902e-08	1.28312625e-04	9.99838616e-01	3.29777267e-05	8.84923531e-13	1.22662672e-23	9.99593156e-39	4.98983890e-57	2.68270909e-76	9.79090888e-96	3.37617545e-115	9.14952689e-135	1.82625286e-154	2.53999008e-174	3.38665349e-194	4.00313649e-214	4.03949197e-234	3.63918194e-254	2.84311091e-274	1.74423980e-294	0.00000000e+00	
4.6	3.39673005e-08	8.43014109e-05	9.98788488e-01	1.12717309e-03	3.21496087e-09	1.64320210e-17	4.11867510e-29	3.17422032e-43	2.13084244e-60	6.21236859e-80	2.51512892e-99	7.98453613e-119	1.85686890e-138	2.99494974e-158	4.63614519e-178	6.36833114e-198	7.46580413e-218	7.76878660e-238	6.99890682e-258	4.96376360e-278	2.88590912e-298	
4.7	3.15045997e-08	1.33509006e-04	9.85523875e-01	1.43411502e-02	1.43411502e-06	7.04098643e-13	8.50666114e-22	1.31914882e-32	4.41005739e-46	6.55920829e-64	3.40454135e-83	1.27035127e-102	3.44268633e-122	6.42292235e-142	1.15520186e-161	1.84537034e-181	2.51412849e-201	2.97530010e-221	3.12531522e-241	2.56173393e-261	1.71928444e-281	
4.8	3.18135985e-08	2.19919507e-04	9.09282550e-01	9.03490899e-02	1.48406113e-04	2.72255828e-09	4.08039118e-16	2.02112842e-24	4.98453988e-35	4.23685891e-49	5.59360625e-65	2.45333611e-84	7.76372180e-104	1.67321597e-123	3.48586662e-143	6.47930611e-163	1.02197257e-182	1.32208612e-202	1.61426876e-222	1.53739880e-242	1.18261450e-262	
4.9	2.36642045e-08	2.57753276e-04	6.84718601e-01	3.10263111e-01	4.75892275e-03	1.58821875e-06	1.07106320e-11	4.48282067e-18	2.09611177e-26	1.73405597e-37	8.76215068e-50	4.51657236e-69	1.66050460e-88	4.10001145e-108	9.69269843e-128	2.07997814e-147	3.72089114e-167	4.94142236e-187	7.02905013e-207	7.73272820e-227	6.90422166e-247	
5	1.08397570e-08	1.80282287e-04	3.59858978e-01	5.87605315e-01	5.21725500e-02	1.82838936e-04	2.57849792e-08	3.67012458e-13	1.18290942e-19	2.40806553e-28	9.04905879e-38	5.48427831e-57	2.30431861e-76	6.26173527e-96	1.60146679e-115	3.85895600e-135	7.35039227e-155	9.44780470e-175	1.56680009e-194	1.99846947e-214	2.05815596e-234	
5.1	3.08519906e-09	7.66561379e-05	1.30438312e-01	6.25311654e-01	2.38722970e-01	5.44147948e-03	8.92206559e-06	2.20961445e-09	2.23758426e-14	3.76569065e-21	2.88005612e-28	2.01402520e-47	9.07218542e-67	2.52005140e-86	6.36376613e-106	1.60701164e-125	2.92716140e-145	3.56536102e-165	6.89624978e-185	1.02166666e-204	1.21771953e-224	
5.2	5.70971198e-10	2.06624997e-05	3.31737364e-02	3.99477604e-01	5.10281639e-01	5.63995532e-02	6.45176746e-04	1.62721563e-06	2.83326956e-10	1.65274063e-15	9.18595026e-21	3.25041308e-38	1.81851300e-57	4.68688902e-77	1.07497458e-96	2.58407345e-116	4.10822504e-136	4.81620739e-156	1.08963965e-175	1.87545550e-195	2.58683521e-215	
5.3	7.23007240e-11	3.75790560e-06	6.11752039e-03	1.64183458e-01	5.74918533e-01	2.40220734e-01	1.43124518e-02	2.43123550e-04	4.21124711e-07	4.36973501e-11	7.78250990e-15	2.27960138e-28	5.44924643e-44	8.92933281e-62	2.19661576e-81	4.68361559e-101	6.36360806e-121	7.46902358e-141	1.97593221e-160	3.95186438e-180	6.31288226e-200	
5.4	6.28779952e-12	4.61443332e-07	8.08367883e-04	4.42751105e-02	3.67975359e-01	4.66583122e-01	1.10813488e-01	9.43140942e-03	1.12568434e-04	1.13190357e-07	3.33857998e-10	1.22580699e-20	7.37198577e-33	7.00116114e-47	5.66525073e-63	9.12793698e-81	2.57341829e-100	3.19698939e-120	9.92853863e-140	2.31434470e-159	4.28582362e-179	
5.5	3.46442702e-13	3.56362881e-08	7.07406886e-05	7.31185258e-03	1.28428326e-01	4.24730827e-01	3.24794164e-01	1.08032394e-01	6.58597497e-03	4.44261043e-05	1.25971930e-06	1.32970364e-14	4.14011818e-24	4.04760149e-35	8.00261021e-48	6.33426932e-62	1.12673435e-77	2.47851152e-95	4.52283115e-114	1.22903019e-133	2.64307578e-153	
5.6	1.04409386e-14	1.48412734e-09	3.46701895e-06	6.40259707e-04	2.19255611e-02	1.66778050e-01	3.48717749e-01	3.68512102e-01	8.98248278e-02	3.02786996e-03	5.70112448e-04	5.51481288e-10	2.60790858e-17	6.72239696e-26	6.94863148e-36	5.03917012e-47	1.57110397e-59	1.52276234e-73	1.80378707e-88	5.72630807e-108	1.43157703e-127	
5.7	1.72562522e-16	3.36478911e-11	9.49124448e-08	2.99723506e-05	1.86817066e-03	2.96709465e-02	1.46357638e-01	4.16380189e-01	3.26302345e-01	4.24193072e-02	3.69699754e-02	1.36030541e-06	3.72839821e-12	8.71849785e-19	1.40714516e-26	2.47358853e-35	3.16103739e-45	2.61603104e-56	4.16186732e-68	1.54716260e-87	4.49756569e-107	
5.8	1.36110477e-18	3.59945323e-13	1.25020739e-09	6.45561634e-07	6.97489795e-05	2.12097250e-03	2.25291098e-02	1.52540847e-01	3.27791442e-01	1.35669240e-01	3.59030998e-01	2.46976742e-04	1.83240803e-08	1.66893595e-13	1.61735067e-19	2.42746742e-26	4.05145337e-34	7.72892625e-43	4.01719040e-52	1.74660457e-71	5.92069353e-91	
5.9	6.19680571e-21	2.20745652e-15	9.58951514e-12	7.85807492e-09	1.40552376e-06	7.71115668e-05	1.62161086e-03	2.36160367e-02	1.23251576e-01	1.38728382e-01	7.07846162e-01	4.85253032e-03	5.17603230e-06	9.21117624e-10	2.48796720e-14	1.38608190e-19	1.20996264e-25	1.88727859e-32	1.03198002e-39	5.26520407e-59	2.08110834e-78	
6	3.48713975e-23	1.66716624e-17	9.17541139e-14	1.16074487e-10	3.32410412e-08	3.13471509e-06	1.21248410e-04	3.50802989e-03	4.02366803e-02	1.08998503e-01	8.13530801e-01	3.33069077e-02	2.94106270e-04	5.55449375e-07	2.24035658e-10	2.37000680e-14	5.21401476e-19	2.89863883e-24	6.79596863e-30	4.06944212e-49	1.87531901e-68	
6.1	2.59526977e-25	1.65525090e-19	1.15906326e-15	2.23467395e-12	9.95062365e-10	1.54388538e-07	1.04573520e-05	5.65158381e-04	1.31991828e-02	7.86073807e-02	7.74072696e-01	1.27373874e-01	6.09396586e-03	7.68592906e-05	2.70391400e-07	3.01001734e-10	9.16416189e-14	9.28065539e-18	4.58913080e-22	3.26410009e-41	1.76437842e-60	
6.2	2.17693436e-27	1.83648871e-21	1.65398055e-17	4.70041500e-14	3.19628227e-11	7.90832738e-09	9.02327255e-07	8.66941872e-05	3.86148778e-03	4.68827861e-02	5.98907257e-01	2.93749733e-01	5.34090432e-02	3.03852034e-03	6.30854708e-05	4.81493494e-07	1.25218124e-09	1.29831422e-12	7.41004289e-16	7.16304151e-33	2.35745664e-51	
6.3	1.65644106e-29	1.84333479e-23	2.13519604e-19	8.86832540e-16	9.04688220e-13	3.47215987e-10	6.42426043e-08	1.05239534e-05	8.51939054e-04	1.97320068e-02	3.31768546e-01	3.96647720e-01	2.08514414e-01	3.89559836e-02	3.39294050e-03	1.23926549e-04	1.92182975e-06	1.34281691e-08	5.71083068e-11	1.61806877e-24	2.10948228e-39	
6.4	9.80738112e-32	1.43486252e-25	2.14824065e-21	1.28639706e-17	1.91790096e-14	1.11575997e-11	3.25374297e-09	8.74443422e-07	1.21568961e-04	5.08379280e-03	1.13746963e-01	2.87859647e-01	3.60115920e-01	1.76723557e-01	4.94540896e-02	6.44099626e-03	4.37860826e-04	1.44059548e-05	3.20961689e-07	5.52352669e-18	6.53217078e-30	
6.5	3.67930506e-34	7.04356208e-28	1.37049151e-23	1.16621763e-19	2.50830487e-16	2.16233184e-13	9.71276953e-11	4.17280546e-08	9.70528923e-06	7.02206201e-04	2.12612444e-02	1.02908311e-01	2.67385675e-01	2.92726143e-01	2.14844882e-01	7.94334743e-02	1.84029098e-02	2.13871651e-03	1.86692142e-04	5.58788869e-13	1.57284479e-22	
6.6	7.26703830e-37	1.81675964e-30	4.56122650e-26	5.46663821e-22	1.67705336e-18	2.11609335e-15	1.43217580e-12	9.56393932e-10	3.56974393e-07	4.28369269e-05	1.76916507e-03	1.53801790e-02	7.54499365e-02	1.65284213e-01	2.74599181e-01	2.44088175e-01	1.57513159e-01	5.17851472e-02	1.40876470e-02	2.68336141e-09	6.15004444e-17	
6.7	6.37316024e-40	2.07031152e-33	6.73842171e-29	1.12074271e-24	4.84433178e-21	8.72923421e-18	8.77008859e-15	8.89274656e-12	5.20504179e-09	1.00428041e-06	5.68902065e-05	8.38555046e-04	7.29769544e-03	2.93403255e-02	9.89082658e-02	1.86071169e-01	2.90271033e-01	2.28018405e-01	1.59195778e-01	8.73711232e-07	7.03200644e-13	
6.8	3.30360825e-43	1.39203330e-36	5.86418940e-32	1.34159151e-27	8.11901635e-24	2.07526424e-20	3.03653379e-17	4.56954102e-14	4.06181439e-11	1.21792601e-08	9.54590659e-07	2.30692731e-05	3.37853216e-04	2.36169259e-03	1.48191694e-02	5.38878881e-02	1.78255106e-01	2.96646433e-01	4.53630839e-01	3.69819146e-05	5.33213117e-10	
6.9	1.83707162e-46	9.93249275e-40	5.42030315e-35	1.70336832e-30	1.42074663e-26	5.10237177e-23	1.07596843e-19	2.36519183e-16	3.13709536e-13	1.42655285e-10	1.54543225e-08	5.86471714e-07	1.37613055e-05	1.57970009e-04	1.74519247e-03	1.13845265e-02	7.29729523e-02	2.32551162e-01	6.80686245e-01	4.87518528e-04	6.98548561e-08	
7	1.48931779e-49	1.02780388e-42	7.20691162e-38	3.06419729e-33	3.48290742e-29	1.71168532e-25	5.12061141e-22	1.61669612e-18	3.12939433e-15	2.12286399e-12	3.16744793e-10	1.84882556e-08	6.73631486e-07	1.22750628e-05	2.23048673e-04	2.48449238e-03	2.85980929e-02	1.62859298e-01	8.02379972e-01	3.43877123e-03	3.35689550e-06	
7.1	1.73963874e-52	1.52778578e-45	1.38268886e-40	7.89722869e-36	1.21862401e-31	8.17194954e-28	3.43802139e-24	1.53504640e-20	4.24321762e-17	4.19125972e-14	8.61217757e-12	7.53262277e-10	4.19014198e-08	1.17403037e-06	3.40906332e-05	6.19356553e-04	1.20258399e-02	1.15420425e-01	8.56345104e-01	1.54800849e-02	7.38822252e-05	
7.2	2.87361724e-55	3.18150500e-48	3.73263204e-43	2.85018912e-38	5.90518225e-34	5.32906673e-30	3.10054803e-26	1.93498569e-22	7.58990961e-19	1.07379969e-15	3.02369598e-13	3.88760901e-11	3.20500195e-09	1.34162873e-07	6.01137128e-06	1.71582063e-04	5.36037375e-03	8.30759053e-02	8.59908476e-01	5.05828510e-02	8.94662660e-04	
7.3	6.28208085e-58	8.66590630e-51	1.29797710e-45	1.31272684e-40	3.61981144e-36	4.34377365e-32	3.47602791e-28	3.00338391e-24	1.64299945e-20	3.27295915e-17	1.26186385e-14	2.34569234e-12	2.80756562e-10	1.71974677e-08	1.16199104e-06	5.02814049e-05	2.41737525e-03	5.80170040e-02	8.08494987e-01	1.24465674e-01	6.55349864e-03	
7.4	1.65651265e-60	2.81809178e-53	5.40933994e-48	7.20296353e-43	2.61024815e-38	4.07975062e-34	4.45245227e-30	5.26981064e-26	3.96702906e-22	1.09707659e-18	5.69909922e-16	1.50456224e-13	2.57606057e-11	2.25748592e-09	2.23303657e-07	1.43889335e-05	1.04227532e-03	3.77824814e-02	6.90413692e-01	2.39412115e-01	3.13348215e-02	
7.5	4.77727418e-63	9.74874603e-56	2.40001792e-50	4.16937414e-45	1.97913326e-40	4.02763813e-36	5.94908019e-32	9.55886095e-28	9.79708791e-24	3.72501343e-20	2.62069543e-17	9.75613432e-15	2.34927717e-12	2.90480426e-10	4.15174496e-08	3.87627392e-06	4.07337275e-04	2.16356185e-02	5.16751566e-01	3.59350229e-01	1.01851331e-01	
7.6	1.48346090e-65	3.56661880e-58	1.11252327e-52	2.47227393e-47	1.50905031e-42	3.92353067e-38	7.79643544e-34	1.68922766e-29	2.34573969e-25	1.21593410e-21	1.14961042e-18	5.93370341e-16	1.98972563e-13	3.41531434e-11	6.92110054e-09	9.22813456e-07	1.38264889e-04	1.05882586e-02	3.29983599e-01	4.24264645e-01	2.35024303e-01	
7.7	4.90357197e-68	1.34698933e-60	5.33592745e-55	1.50893034e-49	1.17857283e-44	3.86431692e-40	1.02755699e-35	2.96621458e-31	5.51643575e-27	3.83824292e-23	4.86177461e-20	3.45310663e-17	1.58842902e-14	3.72543921e-12	1.05386296e-09	1.98754862e-07	4.16841491e-05	4.51276256e-03	1.84226900e-01	4.07396057e-01	4.03822397e-01	
7.8	1.82948146e-70	5.54942708e-63	2.78139960e-57	9.85292867e-52	9.69528196e-47	3.94975275e-42	1.38870291e-37	5.32119792e-33	1.31892944e-28	1.22472020e-24	2.06238929e-21	1.99664613e-18	1.24815674e-15	3.94382859e-13	1.54344898e-10	4.03359564e-08	1.16653887e-05	1.75544920e-03	9.41512731e-02	3.41769118e-01	5.62312454e-01	
7.9	8.46372688e-73	2.73727657e-65	1.72287413e-59	7.47423295e-54	9.07414876e-49	4.48472350e-44	2.07418457e-39	1.04932528e-34	3.42279914e-30	4.20343743e-26	9.33351108e-23	1.22159191e-19	1.02647651e-16	4.30736411e-14	2.29969439e-11	8.22929877e-09	3.21527240e-06	6.63878776e-04	4.68119641e-02	2.65673857e-01	6.86847076e-01	
8	8.46372688e-73	2.73727657e-65	1.72287413e-59	7.47423295e-54	9.07414876e-49	4.48472350e-44	2.07418457e-39	1.04932528e-34	3.42279914e-30	4.20343743e-26	9.33351108e-23	1.22159191e-19	1.02647651e-16	4.30736411e-14	2.29969439e-11	8.22929877e-09	3.21527240e-06	6.63878776e-04	4.68119641e-02	2.65673857e-01	6.86847076e-01	
