4	2.45747102e-02	9.75338686e-01	8.66033457e-05	5.14290610e-16	7.55199131e-35	6.45469326e-54	3.56612875e-73	1.36633283e-92	3.81657233e-112	7.69470211e-132	1.24509738e-151	1.51841150e-171	1.55894408e-191	1.36749485e-211	1.01295917e-231	6.37081268e-252	3.46239829e-272	1.61794314e-292	0.00000000e+00	0.00000000e+00	0.00000000e+00	0.00000000e+00	0.00000000e+00	0.00000000e+00	0.00000000e+00	0.00000000e+00	0.00000000e+00	
4.1	7.50609372e-03	9.87065048e-01	5.42885786e-03	6.50664560e-11	3.58714188e-29	3.62703922e-48	2.35522017e-67	1.05615253e-86	3.45147867e-106	8.10206264e-126	1.52869106e-145	2.15916824e-165	2.57657304e-185	2.62915625e-205	2.24714197e-225	1.64024968e-245	1.03160362e-265	5.60654154e-286	2.52546915e-306	0.00000000e+00	0.00000000e+00	0.00000000e+00	0.00000000e+00	0.00000000e+00	0.00000000e+00	0.00000000e+00	0.00000000e+00	
4.2	2.49606566e-03	9.03612448e-01	9.38909840e-02	5.02399131e-07	8.11089678e-21	9.78734239e-40	7.47125361e-59	3.93223886e-78	1.50660490e-97	4.12768455e-117	9.07183429e-137	1.49453612e-156	2.07574452e-176	2.46525475e-196	2.46525473e-216	2.08919895e-236	1.52496280e-256	9.59096143e-277	5.02144596e-297	0.00000000e+00	0.00000000e+00	0.00000000e+00	0.00000000e+00	0.00000000e+00	0.00000000e+00	0.00000000e+00	0.00000000e+00	
4.3	7.90075174e-04	6.87763283e-01	3.11222497e-01	2.24144703e-04	1.83491014e-14	3.37395082e-30	3.03959527e-49	1.88794740e-68	8.50426740e-88	2.72572666e-107	7.00700920e-127	1.34233890e-146	2.17206933e-166	3.00424531e-186	3.48520344e-206	3.45069649e-226	2.92431910e-246	2.13453958e-266	1.29366036e-286	6.07352263e-307	0.00000000e+00	0.00000000e+00	0.00000000e+00	0.00000000e+00	0.00000000e+00	0.00000000e+00	0.00000000e+00	
4.4	2.65511966e-04	4.96326372e-01	4.87984763e-01	1.54233524e-02	1.17020197e-09	2.23830587e-21	2.20967076e-38	1.61289833e-57	8.53385379e-77	3.20821572e-96	9.66330089e-116	2.15698679e-135	4.06978639e-155	6.56417137e-175	8.88250559e-195	1.02097769e-214	1.01086900e-234	8.56668657e-255	5.99068989e-275	3.23821074e-295	0.00000000e+00	0.00000000e+00	0.00000000e+00	0.00000000e+00	0.00000000e+00	0.00000000e+00	0.00000000e+00	
4.5	7.35694129e-05	2.72617626e-01	5.34783473e-01	1.92522055e-01	3.27657731e-06	1.03333178e-14	1.61988802e-27	7.17778002e-45	4.45824853e-64	1.96398615e-83	6.91544438e-103	1.79621940e-122	3.94773500e-142	7.43452920e-162	1.17263867e-181	1.55935996e-201	1.79649770e-221	1.77871060e-241	1.44610619e-261	9.03816377e-282	5.37985931e-302	0.00000000e+00	0.00000000e+00	0.00000000e+00	0.00000000e+00	0.00000000e+00	0.00000000e+00	
4.6	1.47871207e-05	1.01523520e-01	3.73783919e-01	5.24209144e-01	4.68630376e-04	5.59691272e-10	2.03371316e-19	1.45205864e-32	2.33824153e-49	1.20527910e-68	4.95999641e-88	1.48948834e-107	3.78042721e-127	8.30863134e-147	1.51341187e-166	2.24209172e-186	3.01356414e-206	3.47184819e-226	3.27532848e-246	2.37342644e-266	1.63684584e-286	1.06288696e-306	0.00000000e+00	0.00000000e+00	0.00000000e+00	0.00000000e+00	0.00000000e+00	
4.7	2.61985782e-06	3.12736972e-02	2.05049241e-01	7.54807245e-01	8.86599018e-03	1.20682606e-06	2.20207989e-13	3.73686289e-23	6.69385893e-36	4.03244535e-55	1.88432028e-74	6.36594701e-94	1.79322458e-113	4.50558940e-133	8.90432692e-153	1.29423356e-172	2.03176394e-192	2.73086552e-212	3.00425242e-232	2.50354377e-252	2.00283508e-272	1.50589104e-292	0.00000000e+00	0.00000000e+00	0.00000000e+00	0.00000000e+00	0.00000000e+00	
4.8	4.45670238e-07	8.88718858e-03	9.97541621e-02	8.31602584e-01	5.94507364e-02	3.04875557e-04	8.18587706e-09	6.98310204e-16	2.15353488e-25	2.41545124e-42	2.20021304e-61	7.72004598e-81	2.18080402e-100	5.72389527e-120	1.00068096e-139	1.16493707e-159	2.14142850e-179	3.36174037e-199	4.30440517e-219	4.17903427e-239	3.86947626e-259	3.39427753e-279	2.63122279e-299	0.00000000e+00	0.00000000e+00	0.00000000e+00	0.00000000e+00	
4.9	7.18526598e-08	2.29928514e-03	4.28855428e-02	7.31115121e-01	2.09526884e-01	1.41532268e-02	1.98676760e-05	2.33646338e-10	2.42108380e-17	2.14669431e-30	1.81643361e-45	1.26924705e-62	4.20038580e-82	9.27237489e-102	1.10516986e-121	9.05876987e-142	1.94812263e-161	3.58110789e-181	5.34493695e-201	5.97199677e-221	6.42841418e-241	6.54624686e-261	5.89751966e-281	4.71801588e-301	0.00000000e+00	0.00000000e+00	0.00000000e+00	
5	8.70868842e-09	4.34702616e-04	1.31536955e-02	4.25623634e-01	4.01302280e-01	1.55355635e-01	4.12811125e-03	1.93287706e-06	1.28458292e-11	1.04714809e-21	1.96115370e-33	6.58076005e-47	1.00491530e-62	2.80583330e-80	8.50002447e-100	4.91330887e-120	1.24073456e-139	2.67399699e-159	4.65853123e-179	6.03436664e-199	7.51477765e-219	8.87222897e-239	9.23228796e-259	8.24311431e-279	6.98569019e-299	0.00000000e+00	0.00000000e+00	
5.1	5.89774384e-10	4.47479607e-05	2.16514870e-03	1.25434280e-01	3.27580434e-01	4.61174711e-01	8.30995036e-02	5.01115200e-04	5.83526704e-08	7.59165327e-16	5.43493350e-25	1.28146834e-35	3.99220828e-48	4.42700309e-62	8.63805458e-78	3.19759565e-96	1.96994728e-115	4.96208382e-135	1.00447038e-154	1.49031209e-174	2.11692065e-194	2.84532346e-214	3.32397604e-234	3.19613072e-254	3.16448587e-274	2.51149669e-294	0.00000000e+00	
5.2	2.43124171e-11	2.73928730e-06	2.09293861e-04	2.06741498e-02	1.31074104e-01	5.08981904e-01	3.26982329e-01	1.20631734e-02	1.23067294e-05	7.88007401e-12	5.81789093e-19	2.32715627e-27	3.00591019e-37	2.45938110e-48	6.72528973e-61	1.26979292e-75	5.74748375e-91	1.68547908e-110	3.90157204e-130	6.44887933e-150	1.00606537e-169	1.46656759e-189	1.81057731e-209	1.79265081e-229	2.06526597e-249	1.89473937e-269	1.44636591e-289	
5.3	8.27097348e-13	1.35975400e-07	1.63867784e-05	2.66410814e-03	3.67518515e-02	3.23416291e-01	5.53183428e-01	8.34897203e-02	4.78071724e-04	6.83465492e-09	2.00373412e-14	4.80896174e-21	7.70042579e-29	1.26930098e-37	1.19900126e-47	2.10687125e-59	1.99369219e-71	6.64564088e-91	1.68671086e-110	2.95914195e-130	4.77280943e-150	6.92715482e-170	8.38638567e-190	8.51409717e-210	1.14436790e-229	1.21870918e-249	1.06904317e-269	
5.4	2.67023615e-14	6.28777013e-09	1.17595700e-06	3.03273127e-04	8.32195876e-03	1.45484607e-01	5.64188696e-01	2.75085802e-01	6.61328728e-03	1.19305036e-06	6.81222610e-11	4.44011163e-16	3.47691293e-22	4.15573871e-29	4.45514332e-37	1.87867477e-46	8.25143472e-56	3.00052167e-75	7.85476905e-95	1.37561634e-114	2.15952342e-134	2.87936459e-154	3.25719968e-174	3.41425543e-194	5.35989893e-214	6.63353841e-234	6.75513101e-254	
5.5	7.98236556e-16	2.66934409e-10	7.73102504e-08	3.07510157e-05	1.56479846e-03	4.93896916e-02	3.90130268e-01	5.16759656e-01	4.20654977e-02	5.92216227e-05	3.76968382e-08	3.68368320e-12	6.83349952e-17	2.69301999e-22	1.36235134e-28	4.74572870e-36	2.89710184e-43	1.81068868e-62	4.73564698e-82	7.97246985e-102	1.18110667e-121	1.40273950e-141	1.48281129e-161	1.64573957e-181	3.02525666e-201	4.35288710e-221	5.13312158e-241	
5.6	2.35951108e-17	1.09217548e-11	4.84685536e-09	2.90811335e-06	2.59652985e-04	1.38190665e-02	2.03950360e-01	6.34325533e-01	1.46483426e-01	1.15380780e-03	5.23651259e-06	4.54945252e-09	1.12103735e-12	7.75296863e-17	9.21907479e-22	1.14223760e-27	3.78366188e-33	1.45525451e-48	1.80652280e-65	6.54791427e-84	1.27269323e-103	1.38964339e-123	1.42235760e-143	1.72616222e-163	3.71217696e-183	6.21805168e-203	8.50622688e-223	
5.7	6.68824793e-19	4.28528490e-13	2.88790943e-10	2.57544703e-07	3.86317052e-05	3.31822626e-03	8.72538709e-02	5.74849048e-01	3.23180677e-01	1.10926709e-02	2.65173924e-04	1.44033315e-06	2.90991158e-09	2.01912243e-12	3.11436585e-16	7.07421232e-21	6.02185027e-25	5.13146005e-37	2.36836620e-50	5.54136938e-65	4.24068670e-81	1.39311815e-98	2.42597214e-117	4.31431439e-137	1.10036803e-156	2.14915636e-176	3.41135926e-196	
5.8	1.92451922e-20	1.68594256e-14	1.71012616e-11	2.22411133e-08	5.37570486e-06	7.19960434e-04	3.19138147e-02	4.06933170e-01	4.96164310e-01	5.84220750e-02	5.69430371e-03	1.45226810e-04	1.73281989e-06	8.39049598e-09	1.07560982e-11	2.48734773e-15	3.05377348e-18	1.24367381e-27	4.15569072e-38	1.14710799e-49	1.88723054e-62	2.16923053e-76	2.21522984e-91	1.23419947e-107	8.60643507e-125	1.96046350e-144	3.61709143e-164	
5.9	5.12984283e-22	6.11816128e-16	9.24447436e-13	1.72607782e-09	6.50668113e-07	1.31656931e-04	9.47702911e-03	2.19260211e-01	5.28604096e-01	1.79844634e-01	5.70145748e-02	5.37494220e-03	2.85121090e-04	7.02902641e-06	5.39525254e-08	9.11526717e-11	1.05601109e-12	6.14489242e-20	4.14422942e-28	3.38469987e-37	2.64707581e-47	2.14723689e-58	2.46395441e-70	2.80332920e-83	5.83210093e-97	1.55522694e-116	3.33739675e-136	
6	9.91072626e-24	1.58318308e-17	3.51949263e-14	9.31875127e-11	5.33624464e-08	1.61450227e-05	1.83030220e-03	7.27043152e-02	3.23130282e-01	2.75363182e-01	2.42967509e-01	6.95828458e-02	1.30748411e-02	1.28513385e-03	4.49359740e-05	4.22200633e-07	3.18266032e-08	1.00560108e-13	4.91373265e-20	3.97592275e-27	4.52909465e-35	7.31230552e-44	2.41974700e-53	1.26511894e-63	1.61537915e-74	5.03233386e-94	1.25494611e-113	
6.1	9.58943020e-26	2.05670865e-19	6.67125319e-16	2.47005255e-12	2.10228924e-09	9.27628788e-07	1.61143417e-04	1.05157036e-02	8.08621346e-02	1.53680393e-01	3.26511977e-01	2.44357355e-01	1.34877374e-01	4.31780862e-02	5.55683175e-03	2.28656117e-04	6.94087854e-05	5.37133321e-09	8.41622872e-14	2.81178541e-19	1.81203936e-25	2.15014577e-32	6.94317884e-40	5.09555440e-48	1.13401063e-56	4.13872485e-76	1.20311769e-95	
6.2	3.47772306e-28	9.91313542e-22	4.66541257e-18	2.39251911e-14	2.96757552e-11	1.87708100e-08	4.87673018e-06	5.05937929e-04	6.46832034e-03	2.50752431e-02	1.15583710e-01	1.99217453e-01	2.77977825e-01	2.49721822e-01	9.96081371e-02	1.48135168e-02	1.10130000e-02	1.01363430e-05	2.56076049e-09	1.71597348e-13	2.92532626e-18	1.13960537e-23	1.52431291e-29	6.11834953e-36	8.71509082e-43	3.74038221e-62	1.27223886e-81	
6.3	4.25897731e-31	1.60502071e-24	1.07721583e-20	7.55940894e-17	1.34490682e-13	1.20937361e-10	4.63404850e-08	7.40344416e-06	1.50419181e-04	1.10763213e-03	1.01836580e-02	3.66824965e-02	1.15676670e-01	2.58668754e-01	2.80383227e-01	1.26614843e-01	1.69511667e-01	1.01098886e-03	2.19295380e-06	1.53383575e-09	3.63050767e-13	2.40008455e-17	6.69497292e-22	6.86663896e-27	2.81768982e-32	1.42307566e-51	5.64712562e-71	
6.4	2.36505390e-34	1.17382129e-27	1.12667983e-23	1.07259918e-19	2.69028959e-16	3.40041678e-13	1.88606110e-10	4.52305389e-08	1.42153125e-06	1.88008977e-05	3.22243364e-04	2.24419478e-03	1.45772473e-02	7.37477746e-02	1.92635524e-01	2.28278540e-01	4.75947541e-01	1.20817448e-02	1.44272844e-04	6.47755602e-07	1.26207865e-09	8.01419966e-13	2.56770743e-16	3.55734486e-20	2.22260554e-24	3.92924904e-43	2.02858914e-62	
6.5	1.26577223e-37	8.23843128e-31	1.12048810e-26	1.45340473e-22	5.09238052e-19	8.94607415e-16	7.03247560e-13	2.48576487e-10	1.17851889e-08	2.66171178e-07	8.06118421e-06	1.02275354e-04	1.27384871e-03	1.33834740e-02	7.66761578e-02	2.10930699e-01	6.43625427e-01	5.15767200e-02	2.37621320e-03	4.63465493e-05	4.97049919e-07	2.02338905e-09	4.85945110e-12	5.45938357e-15	3.07022769e-18	2.07780903e-33	9.48565008e-50	
6.6	9.18101365e-41	7.78221316e-34	1.48753770e-29	2.59001170e-25	1.25072063e-21	3.02446983e-18	3.37261011e-15	1.72500708e-12	1.20730037e-10	4.50725452e-09	2.29680014e-07	5.04505981e-06	1.13564911e-04	2.31012384e-03	2.65866881e-02	1.52955523e-01	6.62405827e-01	1.35978338e-01	1.84336844e-02	1.16083845e-03	4.92195477e-05	9.01796499e-07	1.14690012e-08	7.13903787e-11	2.45853249e-13	1.71482649e-25	1.13222516e-38	
6.7	8.60107150e-44	9.44660115e-37	2.53058588e-32	5.86487748e-28	3.86778553e-24	1.27971180e-20	1.98790186e-17	1.45190463e-14	1.47509798e-12	8.78215506e-11	7.31846295e-09	2.68343645e-07	1.04224074e-05	3.84174793e-04	8.25061065e-03	9.10034195e-02	5.48295600e-01	2.52283250e-01	8.39431680e-02	1.38983744e-02	1.81175233e-03	1.13145009e-04	5.66445707e-06	1.40667345e-07	2.16720026e-09	3.99108179e-19	8.94242370e-30	
6.8	8.59767012e-47	1.21919452e-39	4.55165936e-35	1.40365543e-30	1.25486791e-26	5.64796742e-23	1.20759990e-19	1.24293835e-16	1.80374358e-14	1.67036821e-12	2.19161794e-10	1.28508501e-08	8.28490399e-07	5.24053067e-05	1.97370624e-03	3.91185019e-02	3.26659636e-01	3.02501524e-01	2.16404930e-01	8.08925781e-02	2.69233369e-02	4.67746456e-03	7.35030117e-04	5.70355066e-05	3.00911466e-06	4.89773910e-14	1.19192769e-22	
6.9	6.61049802e-50	1.19952080e-42	6.17882655e-38	2.52345349e-33	3.03801231e-29	1.84121952e-25	5.41931152e-22	7.74187362e-19	1.58984902e-16	2.22732464e-14	4.49789839e-12	4.13244419e-10	4.29704911e-08	4.46592892e-06	2.79021746e-04	9.34637326e-03	1.07496537e-01	1.86199356e-01	2.61642200e-01	1.98326651e-01	1.46135426e-01	6.02109873e-02	2.46805436e-02	4.94716386e-03	7.31230078e-04	4.45673028e-10	4.80170725e-17	
7	2.57692776e-53	5.92220525e-46	4.18989989e-41	2.24775814e-36	3.61748580e-32	2.95018259e-28	1.17709306e-24	2.32261647e-21	6.65372535e-19	1.38841075e-16	4.23614564e-14	5.90163871e-12	9.59337502e-10	1.57719135e-07	1.57334912e-05	8.52781655e-04	1.34327036e-02	4.09669583e-02	1.04990696e-01	1.48628808e-01	2.18814630e-01	1.88583674e-01	1.76546418e-01	7.93756475e-02	2.77914725e-02	3.18865733e-07	7.37968916e-13	
7.1	4.41808088e-57	1.26985097e-49	1.22281945e-44	8.61026603e-40	1.84978789e-35	2.01643546e-31	1.08958265e-27	2.95578260e-24	1.17391598e-21	3.58696563e-19	1.61047433e-16	3.35039580e-14	8.30844138e-12	2.09879207e-09	3.22566036e-07	2.72911762e-05	5.87562989e-04	2.99657122e-03	1.32212364e-02	3.28251395e-02	8.92955043e-02	1.46905499e-01	2.79819997e-01	2.53404977e-01	1.80894514e-01	2.13816596e-05	5.71433474e-10	
7.2	5.95191084e-61	2.09325674e-53	2.71829734e-48	2.50336217e-43	7.10569727e-39	1.03233712e-34	7.45297090e-31	2.73551639e-27	1.48622548e-24	6.55011747e-22	4.26010223e-19	1.29051961e-16	4.77166915e-14	1.79802023e-11	4.13294925e-09	5.29017505e-07	1.55350513e-05	1.28333034e-04	9.31138204e-04	3.84870481e-03	1.81665366e-02	5.35609150e-02	1.90511375e-01	3.19265608e-01	4.13233842e-01	3.37411089e-04	6.83066086e-08	
7.3	9.86478981e-65	4.17868071e-57	7.27137625e-52	8.72327115e-47	3.26650614e-42	6.24647673e-38	6.07534059e-34	3.01563535e-30	2.23269826e-27	1.39744428e-24	1.28803580e-21	5.57378691e-19	3.02639217e-16	1.65963447e-13	5.58530832e-11	1.05514031e-08	4.20745403e-07	5.44297631e-06	6.22054405e-05	4.08105377e-04	3.17415283e-03	1.57277837e-02	9.71664177e-02	2.81710996e-01	5.99360416e-01	2.38145891e-03	2.58940325e-06	
7.4	2.35565249e-68	1.15907654e-60	2.67231534e-55	4.16240810e-50	2.04635896e-45	5.15360659e-41	6.62606548e-37	4.40777407e-33	4.41455520e-30	3.88214668e-27	5.01045510e-24	3.03710645e-21	2.37325818e-18	1.86660759e-15	8.95971584e-13	2.44531307e-10	1.31928585e-08	2.60582822e-07	4.58908155e-06	4.63363607e-05	5.68637266e-04	4.52838607e-03	4.62080192e-02	2.21683344e-01	7.16531021e-01	1.03841875e-02	4.52047971e-05	
7.5	8.22296679e-72	4.54855991e-64	1.37981449e-58	2.77302520e-53	1.78138667e-48	5.89700386e-44	1.00391354e-39	8.89762997e-36	1.19657779e-32	1.46201588e-29	2.62361756e-26	2.19188294e-23	2.44286199e-20	2.69096522e-17	1.81598882e-14	7.02337588e-12	5.10858959e-10	1.50745271e-08	3.96954441e-07	6.03410666e-06	1.12852649e-04	1.38280822e-03	2.22478477e-02	1.67523629e-01	7.75707247e-01	3.25741819e-02	4.44986597e-04	
7.6	4.13397207e-75	2.47859353e-67	9.75946210e-62	2.52415173e-56	2.10599411e-51	9.12767385e-47	2.04556160e-42	2.40397197e-38	4.33443430e-35	7.25964348e-32	1.76696989e-28	1.99037986e-25	3.09144097e-22	4.73524879e-19	4.45194334e-16	2.40881931e-13	2.34714263e-11	1.01266118e-09	3.90319081e-08	8.57422301e-07	2.37362664e-05	4.34720378e-04	1.05647163e-02	1.21439781e-01	7.83978301e-01	8.06749472e-02	2.88290043e-03	
7.7	2.70576403e-78	1.68433817e-70	8.55975087e-65	2.84776329e-59	3.08909927e-54	1.74418518e-49	5.12181347e-45	7.94905429e-41	1.90439049e-37	4.34726401e-34	1.42644604e-30	2.15081314e-27	4.60888534e-24	9.71032362e-21	1.24108274e-17	9.22093702e-15	1.19996070e-12	7.43679357e-11	4.11261093e-09	1.27967511e-07	5.10878031e-06	1.36423358e-04	4.90074679e-03	8.35429332e-02	7.35676561e-01	1.62642227e-01	1.30958676e-02	
7.8	2.24829430e-81	1.39269336e-73	9.03769141e-68	3.80874134e-62	5.32770370e-57	3.92567630e-52	1.50314004e-47	3.07402736e-43	9.73748806e-40	3.01578524e-36	1.31637136e-32	2.58301597e-29	7.57183470e-26	2.16338134e-22	3.72996778e-19	3.77718254e-16	6.53856894e-14	5.72673333e-12	4.46640970e-10	1.93039737e-08	1.09455522e-06	4.17872046e-05	2.14434328e-03	5.31341717e-02	6.31865829e-01	2.69374374e-01	4.34383809e-02	
7.9	2.25422087e-84	1.34580350e-76	1.10034248e-70	5.86483930e-65	1.05078373e-59	9.94365870e-55	4.96147148e-50	1.32371270e-45	5.50619970e-42	2.28178109e-38	1.30546884e-34	3.29109805e-31	1.31452026e-27	5.04681885e-24	1.17260938e-20	1.59662493e-17	3.66083288e-15	4.48747240e-13	4.88688125e-11	2.85973060e-09	2.26806233e-07	1.21460707e-05	8.75949866e-04	3.06582440e-02	4.86210035e-01	3.72416192e-01	1.09827203e-01	
8	2.25422087e-84	1.34580350e-76	1.10034248e-70	5.86483930e-65	1.05078373e-59	9.94365870e-55	4.96147148e-50	1.32371270e-45	5.50619970e-42	2.28178109e-38	1.30546884e-34	3.29109805e-31	1.31452026e-27	5.04681885e-24	1.17260938e-20	1.59662493e-17	3.66083288e-15	4.48747240e-13	4.88688125e-11	2.85973060e-09	2.26806233e-07	1.21460707e-05	8.75949866e-04	3.06582440e-02	4.86210035e-01	3.72416192e-01	1.09827203e-01	
