4	1.65706344e-02	9.83190975e-01	2.38390146e-04	6.15995242e-23	6.91352660e-42	3.18595705e-61	1.22067317e-80	3.73294562e-100	8.54220997e-120	1.56450728e-139	2.22547261e-159	2.27089049e-179	1.76038016e-199	
4.1	3.93365670e-03	9.84606173e-01	1.14601701e-02	3.49395434e-21	4.57323883e-40	2.41970314e-59	1.07066511e-78	3.81019617e-98	1.01335006e-117	2.15606392e-137	3.55786142e-157	4.19064967e-177	3.74165151e-197	
4.2	1.03944338e-03	7.88043126e-01	2.10917430e-01	7.61434785e-20	1.16427340e-38	7.09922830e-58	3.64062980e-77	1.50439251e-96	4.64318686e-116	1.14930370e-135	2.20595715e-155	3.00539116e-175	3.09196629e-195	
4.3	1.29806891e-04	2.34537451e-01	7.65332743e-01	1.15454044e-17	2.06167935e-36	1.45188690e-55	8.64218364e-75	4.15489587e-94	1.49456686e-113	4.29473240e-133	9.58645617e-153	1.51205932e-172	1.79579490e-192	
4.4	1.03425355e-05	3.77966413e-02	9.62193016e-01	2.69121012e-13	7.97811767e-32	6.48627432e-51	4.50435709e-70	2.53053780e-89	1.05880243e-108	3.48290291e-128	9.04650147e-148	1.65082140e-167	2.26139913e-187	
4.5	1.07438732e-06	7.14033808e-03	9.92858587e-01	7.41653370e-10	2.62292053e-24	2.59840719e-43	2.09548962e-62	1.36960099e-81	6.68098069e-101	2.36914213e-120	7.17921891e-140	1.51780525e-159	2.40159056e-179	
4.6	1.58420422e-07	1.77058123e-03	9.98228842e-01	4.17963439e-07	7.09128988e-18	2.04199449e-33	1.85635856e-52	1.38534223e-71	7.73934244e-91	2.64141382e-110	9.33361793e-130	2.29327229e-149	4.19245380e-169	
4.7	3.09557709e-08	5.55981968e-04	9.99377642e-01	6.63452341e-05	9.28031509e-13	1.43935480e-24	2.18618987e-41	1.76644136e-60	1.05774927e-79	3.06593992e-99	1.26691735e-118	3.60945121e-138	7.64714228e-158	
4.8	4.82861857e-09	2.15299595e-04	9.96162278e-01	3.62240838e-03	9.25061299e-09	1.17653436e-17	1.27376859e-30	6.12532875e-47	3.94966536e-66	9.27151498e-86	4.47899260e-105	1.48311020e-124	3.63507413e-144	
4.9	1.53441226e-09	9.98892196e-05	9.27773649e-01	7.21168595e-02	9.60055752e-06	2.23766835e-12	2.40549335e-22	4.97688267e-35	9.88995870e-51	2.51112234e-70	1.42677410e-89	5.50878049e-109	1.56499450e-128	
5	4.78395443e-10	4.48727503e-05	5.73441959e-01	4.25334439e-01	1.17871279e-03	1.63206380e-08	3.89184452e-16	5.61074248e-26	2.73389673e-38	2.98070677e-54	3.81530486e-72	1.71860576e-91	5.67196648e-111	
5.1	1.18791343e-10	1.57648331e-05	1.98478113e-01	7.77690654e-01	2.38068569e-02	8.61147566e-06	1.49892578e-11	3.87105756e-19	9.36950044e-29	2.65027458e-41	2.67097981e-55	1.39841880e-74	5.35792632e-94	
5.2	2.64076219e-11	4.94756392e-06	5.41000501e-02	7.85323291e-01	1.59749524e-01	8.22141891e-04	4.53674957e-08	7.54979245e-14	2.69864915e-21	4.25060284e-31	5.94297284e-42	3.64599572e-61	1.62044254e-80	
5.3	4.52073351e-12	1.19109147e-06	1.16381462e-02	4.87409524e-01	4.80241746e-01	2.06902581e-02	1.91346001e-05	9.35278649e-10	1.91518292e-15	4.94814921e-23	2.28209711e-31	1.64179648e-50	8.50671716e-70	
5.4	5.11526366e-13	1.88825167e-07	1.79939277e-03	1.80380314e-01	6.52050465e-01	1.64296178e-01	1.47231593e-03	1.14478137e-06	6.36755881e-11	1.03286943e-16	5.07069335e-23	4.26108683e-42	2.56691992e-61	
5.5	3.90322147e-14	2.00708285e-08	1.99699703e-04	4.20682575e-02	4.45428576e-01	4.83608182e-01	2.84897901e-02	2.05303371e-04	1.71457261e-07	8.11938665e-12	1.73629955e-16	1.71910850e-35	1.21063982e-54	
5.6	2.09170417e-15	1.49821026e-09	1.68282394e-05	6.78435790e-03	1.75411365e-01	6.32243581e-01	1.77295823e-01	8.18614666e-03	6.18508851e-05	4.54841909e-08	2.06139363e-11	2.39418545e-30	1.96244715e-49	
5.7	8.35697095e-17	8.27850170e-11	1.10915852e-06	7.95643419e-04	4.36780790e-02	4.22426482e-01	4.34778117e-01	9.37779368e-02	4.51118355e-03	3.12844529e-05	1.64294708e-07	4.83881673e-25	5.02492497e-44	
5.8	2.24830516e-18	3.06980146e-12	5.10009303e-08	6.17662973e-05	6.50171553e-03	1.43509367e-01	4.34804898e-01	3.35985613e-01	7.56563353e-02	3.34842619e-03	1.31827796e-04	2.12968983e-18	2.47303333e-34	
5.9	3.53822050e-20	6.66938917e-14	1.41521183e-09	2.77833009e-06	5.22421018e-04	2.32492621e-02	1.76157865e-01	3.94346389e-01	3.24858039e-01	6.69285865e-02	1.39346580e-02	2.32865988e-13	5.92189051e-26	
6	2.79678617e-22	7.19660838e-16	1.99088658e-11	6.11224209e-08	1.93114980e-05	1.57884545e-03	2.59791843e-02	1.43370603e-01	3.54822245e-01	2.60380838e-01	2.13848910e-01	9.40741175e-10	1.14117902e-19	
6.1	1.11676173e-24	3.89260409e-18	1.41326081e-13	6.58231085e-10	3.34301612e-07	4.71796628e-05	1.54050724e-03	1.82408328e-02	1.15047538e-01	2.41922396e-01	6.23200969e-01	2.42914365e-07	4.19094009e-15	
6.2	4.33204086e-27	2.03860748e-20	9.80861472e-16	6.84321959e-12	5.41067798e-09	1.24657779e-06	7.44531416e-05	1.72967370e-03	2.45037115e-02	1.26387567e-01	8.47290945e-01	1.23980597e-05	1.16734979e-11	
6.3	2.56951615e-29	1.62595619e-22	1.04302076e-17	1.05870529e-13	1.26315890e-10	4.55969573e-08	4.67761901e-06	1.97459783e-04	5.71342418e-03	6.34358162e-02	9.30392008e-01	2.56562643e-04	6.13519395e-09	
6.4	2.42903911e-31	2.04083656e-24	1.74246859e-19	2.53606814e-15	4.47578360e-12	2.46029103e-09	4.16441252e-07	3.00808051e-05	1.63158282e-03	3.53103736e-02	9.60335214e-01	2.69146584e-03	8.64531449e-07	
6.5	3.49714046e-33	3.89808652e-26	4.42458113e-21	9.11626267e-17	2.32938262e-13	1.90287585e-10	5.09649455e-08	5.98838090e-06	5.73301274e-04	2.24931587e-02	9.59108289e-01	1.77717136e-02	4.74977832e-05	
6.6	7.19567486e-35	1.04147931e-27	1.56950192e-22	4.50402812e-18	1.63659287e-14	1.94832472e-11	7.99601472e-09	1.48122897e-06	2.36996633e-04	1.57753178e-02	9.08012401e-01	7.48051654e-02	1.16863012e-03	
6.7	1.78172875e-36	3.31136631e-29	6.60703921e-24	2.61135353e-19	1.33284686e-15	2.27147144e-12	1.39692565e-09	3.94783328e-07	1.01363285e-04	1.10428295e-02	7.71362092e-01	2.03802005e-01	1.36913139e-02	
6.8	4.61191636e-38	1.07512519e-30	2.80497423e-25	1.51595689e-20	1.07301324e-16	2.59567001e-13	2.33338974e-10	9.79615524e-08	3.89281771e-05	6.63453360e-03	5.45819774e-01	3.65815376e-01	8.16912905e-02	
6.9	1.08531084e-39	3.07808738e-32	1.05302992e-26	7.65418189e-22	7.40309185e-18	2.53059941e-14	3.26219467e-11	2.01147177e-08	1.19689696e-05	3.09483366e-03	2.98508775e-01	4.33898028e-01	2.64486374e-01	
7	2.27267289e-41	7.53538740e-34	3.32812956e-28	3.22788462e-23	4.23397834e-19	2.03615872e-15	3.72855039e-12	3.28753910e-09	2.87899053e-06	1.11007233e-03	1.27452751e-01	3.59387128e-01	5.12047167e-01	
7.1	4.70609353e-43	1.72907589e-35	9.78880098e-30	1.26202721e-24	2.21848481e-20	1.50174360e-16	3.83480945e-13	4.79351188e-10	6.04288453e-07	3.37277267e-04	4.78270227e-02	2.41587776e-01	7.10247319e-01	
7.2	1.07793632e-44	4.16115110e-37	2.98517346e-31	5.05390531e-26	1.18242311e-21	1.13433931e-17	4.01424653e-14	7.00253957e-11	1.24844548e-07	9.93527303e-05	1.75273218e-02	1.50786523e-01	8.31586678e-01	
7.3	2.88300204e-46	1.12065079e-38	1.00337334e-32	2.21082256e-27	6.78689982e-23	9.40868859e-19	4.54378650e-15	1.09458166e-11	2.71862245e-08	3.04073408e-05	6.78370024e-03	9.43819146e-02	8.98803951e-01	
7.4	8.79058424e-48	3.27412006e-40	3.60027761e-34	1.01894652e-28	4.08602669e-24	8.44907227e-20	5.54595503e-16	1.83070367e-12	6.25595577e-09	9.69572541e-06	2.78167036e-03	6.07017038e-02	9.36506924e-01	
7.5	3.04150902e-49	1.04748521e-41	1.37936178e-35	4.94855778e-30	2.56918254e-25	8.33200129e-21	7.34531718e-17	3.28658405e-13	1.52647027e-09	3.24040196e-06	1.20599305e-03	4.02528022e-02	9.58537963e-01	
7.6	1.11321270e-50	3.44905633e-43	5.28136755e-37	2.36271701e-31	1.56420619e-26	8.93832103e-22	1.05783798e-17	6.37872370e-14	3.99399842e-10	1.14351983e-06	5.55131560e-04	2.75241110e-02	9.71919614e-01	
7.7	3.61011705e-52	9.90894017e-45	1.71500889e-38	9.37763481e-33	7.88520461e-28	1.04553816e-22	1.63823179e-18	1.32253093e-14	1.10687496e-10	4.25651893e-07	2.70530959e-04	1.95318702e-02	9.80197173e-01	
7.8	1.31678587e-55	3.17420319e-48	6.02807378e-42	3.90497876e-36	4.08782079e-31	1.30943202e-23	2.69997921e-19	2.89562982e-15	3.20818531e-11	1.63248375e-07	1.36145366e-04	1.40734536e-02	9.85790238e-01	
7.9	2.46870012e-54	5.19010186e-47	1.04022189e-40	7.72039660e-35	9.89707228e-30	1.76426079e-24	4.76415649e-20	6.75082883e-16	9.82671804e-12	6.56590049e-08	7.13831254e-05	1.03782113e-02	9.89550340e-01	
8	2.46870012e-54	5.19010186e-47	1.04022189e-40	7.72039660e-35	9.89707228e-30	1.76426079e-24	4.76415649e-20	6.75082883e-16	9.82671804e-12	6.56590049e-08	7.13831254e-05	1.03782113e-02	9.89550340e-01	
