4	9.96958432e-01	3.04156822e-03	1.73091583e-14	6.49897763e-34	2.74218463e-53	1.86543174e-72	7.43199893e-92	1.92538825e-111	
4.1	8.88501736e-01	1.11498263e-01	8.47937399e-10	2.35800919e-26	1.07671657e-45	8.54536959e-65	3.95618972e-84	1.18448789e-103	
4.2	2.83199514e-01	7.16798770e-01	1.71580168e-06	4.45662781e-19	2.16341166e-38	2.00315899e-57	1.07696720e-76	3.72653006e-96	
4.3	3.64088071e-02	9.63363464e-01	2.27728421e-04	8.84887590e-14	5.14766338e-31	5.57106412e-50	3.48191510e-69	1.39835946e-88	
4.4	6.12819802e-03	9.85023287e-01	8.84851364e-03	1.17368877e-09	6.71411476e-23	7.19126015e-41	5.21105802e-60	2.42374796e-79	
4.5	1.47003009e-03	8.67886093e-01	1.30642102e-01	1.77502854e-06	1.40133828e-16	1.88794307e-30	1.59995173e-49	8.60189105e-69	
4.6	3.02326636e-04	4.43737504e-01	5.55671280e-01	2.88889317e-04	6.80015429e-12	1.94119978e-22	1.92198002e-41	1.20123752e-60	
4.7	4.79856065e-05	1.36302676e-01	8.55911536e-01	7.73778618e-03	1.70505198e-08	2.25813715e-16	2.60454125e-35	1.88734871e-54	
4.8	5.87559331e-06	2.92880324e-02	8.45600955e-01	1.25093036e-01	1.21005024e-05	2.23416589e-11	3.01506881e-30	2.55514302e-49	
4.9	9.56930240e-07	7.40580771e-03	5.55720856e-01	4.36086496e-01	7.85805188e-04	7.78991852e-08	1.23258203e-26	1.22037828e-45	
5	1.20022565e-07	1.37857248e-03	2.32892348e-01	7.51265620e-01	1.44274192e-02	3.59203212e-05	6.66425246e-24	7.66006039e-43	
5.1	1.31958012e-08	2.21161638e-04	7.59340846e-02	8.08648626e-01	1.11505069e-01	3.69104540e-03	8.05905109e-22	1.08175185e-40	
5.2	1.11834163e-09	2.68686313e-05	1.72521112e-02	5.13918529e-01	3.67758236e-01	1.01044254e-01	4.07813593e-18	6.46611805e-37	
5.3	4.35168186e-11	1.46894798e-06	1.65283375e-03	1.19400710e-01	3.38965328e-01	5.39979660e-01	1.15359292e-13	6.89186952e-30	
5.4	1.00134139e-12	4.71283497e-08	8.83168104e-05	1.38307459e-02	1.26781830e-01	8.59299060e-01	1.78327662e-10	4.03543182e-23	
5.5	2.84374153e-14	1.83283723e-09	5.50931405e-06	1.71727163e-03	4.24798787e-02	9.55797289e-01	4.94098609e-08	8.28084248e-18	
5.6	1.15572892e-15	1.01012530e-10	4.73496228e-07	2.72932323e-04	1.60293574e-02	9.83692887e-01	4.34999869e-06	1.46731309e-13	
5.7	6.65248031e-17	7.82644754e-12	5.53980462e-08	5.59157855e-05	6.98326048e-03	9.92800850e-01	1.59918229e-04	3.88533727e-10	
5.8	5.34812478e-18	8.25813416e-13	8.64075041e-09	1.44996015e-05	3.54686916e-03	9.93520806e-01	2.91759282e-03	2.23964604e-07	
5.9	5.84308808e-19	1.17222451e-13	1.78793839e-09	4.80436326e-06	2.13248497e-03	9.69599397e-01	2.82278532e-02	3.54586333e-05	
6	8.08726312e-20	2.08093309e-14	4.52256114e-10	1.87920203e-06	1.43083101e-03	8.45580001e-01	1.51201170e-01	1.78611905e-03	
6.1	1.12212706e-20	3.63933085e-15	1.11779442e-10	7.01870909e-07	8.78170281e-04	5.68520704e-01	3.99783759e-01	3.08166647e-02	
6.2	1.32289255e-21	5.30790244e-16	2.26479019e-11	2.08646035e-07	4.13253754e-04	2.73589287e-01	5.33691779e-01	1.92305472e-01	
6.3	1.19308252e-22	5.75970913e-17	3.38253715e-12	4.47367822e-08	1.36189858e-04	9.26307218e-02	3.94959226e-01	5.12273818e-01	
6.4	8.73483278e-24	5.05047216e-18	4.04937632e-13	7.63358152e-09	3.46141842e-05	2.50384335e-02	2.04224094e-01	7.70702850e-01	
6.5	6.53173997e-25	4.41741945e-19	4.79566944e-14	1.26201823e-09	8.34357539e-06	6.71113683e-03	9.68580298e-02	8.96422489e-01	
6.6	5.43920551e-26	4.22204043e-20	6.13792432e-15	2.22264676e-10	2.11075149e-06	1.98085902e-03	4.77607097e-02	9.50256320e-01	
6.7	5.12066616e-27	4.48058288e-21	8.70066650e-16	4.31686917e-11	5.78760037e-07	6.53599669e-04	2.54705819e-02	9.73875240e-01	
6.8	5.35018098e-28	5.21245367e-22	1.34935297e-16	9.04353569e-12	1.69418194e-07	2.35920383e-04	1.44828903e-02	9.85281020e-01	
6.9	6.32672615e-29	6.74459808e-23	2.28821192e-17	2.06948576e-12	5.33578247e-08	9.35069737e-05	8.80974783e-03	9.91096692e-01	
7	8.17423778e-30	9.42842761e-24	4.19848305e-18	5.05531649e-13	1.77778629e-08	3.97483610e-05	5.63235850e-03	9.94327875e-01	
7.1	1.15000556e-30	1.41566580e-24	8.19278920e-19	1.30945576e-13	6.18687782e-09	1.79540779e-05	3.77378709e-03	9.96208253e-01	
7.2	1.76920072e-31	2.30027515e-25	1.72014706e-19	3.60187347e-14	2.26679402e-09	8.52221793e-06	2.61254873e-03	9.97378927e-01	
7.3	2.94274122e-32	4.00093917e-26	3.79289043e-20	1.03535662e-14	8.60556135e-10	4.21556236e-06	1.85954149e-03	9.98136242e-01	
7.4	5.27113776e-33	7.41328953e-27	8.81580418e-21	3.09859186e-15	3.35452282e-10	2.15539473e-06	1.35324495e-03	9.98644599e-01	
7.5	1.03319486e-33	1.49268766e-27	2.19070700e-21	9.77561668e-16	1.35534447e-10	1.14047280e-06	1.00604450e-03	9.98992815e-01	
7.6	2.25977869e-34	3.33741858e-28	5.80958020e-22	3.22061268e-16	5.63607240e-11	6.19502182e-07	7.59287266e-04	9.99240093e-01	
7.7	5.71649946e-35	8.53786832e-29	1.70956150e-22	1.13722997e-16	2.42347638e-11	3.45433785e-07	5.80520652e-04	9.99419134e-01	
7.8	1.66720100e-35	2.51279578e-29	5.52533521e-23	4.25396597e-17	1.06904012e-11	1.97185758e-07	4.50178812e-04	9.99549624e-01	
7.9	5.86542945e-36	8.83319635e-30	2.03733405e-23	1.72389802e-17	4.89681681e-12	1.15100438e-07	3.54041228e-04	9.99645844e-01	
8	5.86542945e-36	8.83319635e-30	2.03733405e-23	1.72389802e-17	4.89681681e-12	1.15100438e-07	3.54041228e-04	9.99645844e-01	
