4	9.99998132e-01	1.86787218e-06	2.52116734e-23	7.92819916e-43	2.65157171e-62	3.40818976e-82	8.73894803e-103	1.61832375e-122	3.84399936e-142	6.18006309e-162	7.19448537e-182	
4.1	9.99563084e-01	4.36915945e-04	1.29375660e-16	4.95692172e-36	1.91386946e-55	2.92193806e-75	9.33526578e-96	1.67599027e-115	4.62980721e-135	8.60558976e-155	1.15511267e-174	
4.2	9.65450911e-01	3.45490885e-02	3.10724496e-11	5.76854299e-29	2.57524239e-48	4.67376107e-68	1.84006351e-88	3.27997063e-108	1.05465290e-127	2.27295893e-147	3.51851234e-167	
4.3	4.40993648e-01	5.59006042e-01	3.10647648e-07	1.06483108e-20	5.51725926e-40	1.18650742e-59	5.65003524e-80	1.02541473e-99	3.84050464e-119	9.57731839e-139	1.71329489e-158	
4.4	4.13224524e-02	9.58584832e-01	9.27155820e-05	8.35054306e-15	4.68030430e-32	1.19091710e-51	6.76657424e-72	1.26006971e-91	5.50248794e-111	1.59492404e-130	3.29529766e-150	
4.5	4.19906602e-03	9.89779773e-01	6.02116021e-03	2.98235609e-10	2.10399094e-23	7.96104654e-42	5.30736443e-62	9.93888479e-82	5.07085949e-101	1.70736014e-120	4.08459355e-140	
4.6	5.54897473e-04	8.60561374e-01	1.38882672e-01	1.05650032e-06	1.38218844e-16	8.30272872e-31	5.10743622e-50	9.20258774e-70	5.51053135e-89	2.15255135e-108	5.96274591e-128	
4.7	5.08140534e-05	3.38449555e-01	6.61230101e-01	2.69529972e-04	1.29574044e-11	1.82197983e-22	1.56169692e-37	4.34969293e-57	3.04174322e-76	1.38261051e-95	4.43144383e-115	
4.8	3.73177441e-06	6.77939016e-02	9.11514617e-01	2.06876002e-02	1.49072418e-07	2.23608625e-15	2.80841769e-26	8.68517377e-42	6.68255961e-60	3.53574591e-79	1.31440371e-98	
4.9	5.02316738e-07	1.75810865e-02	8.23114459e-01	1.59269300e-01	3.46518346e-05	4.73721283e-11	1.83915315e-19	1.33204689e-31	1.00614810e-45	6.21079091e-65	2.67706515e-84	
5	6.97988117e-08	3.85347618e-03	4.78954360e-01	5.15474624e-01	1.71738529e-03	8.42790952e-08	3.18387682e-14	1.16568161e-23	1.52045435e-34	1.09385205e-53	5.49674397e-73	
5.1	8.00853256e-09	6.39307722e-04	1.77271755e-01	7.98470868e-01	2.35970855e-02	2.09751869e-05	3.20764168e-10	1.78399230e-17	9.17343770e-26	7.77409963e-45	4.54625705e-64	
5.2	8.94510285e-10	9.89743379e-05	5.41557656e-02	8.01921855e-01	1.42499776e-01	1.32321220e-03	4.15125414e-07	1.35904158e-12	8.58112776e-19	8.49616627e-38	5.77970500e-57	
5.3	8.93309773e-11	1.35626590e-05	1.34611930e-02	5.34708512e-01	4.24836885e-01	2.68801111e-02	9.97271925e-05	9.00689281e-09	2.75686267e-13	3.19081322e-32	2.53239144e-51	
5.4	6.65931030e-12	1.37426219e-06	2.31885444e-03	2.13072094e-01	5.91866913e-01	1.87393596e-01	5.33997607e-03	7.18624448e-06	5.11673635e-09	6.96154613e-28	6.44587619e-47	
5.5	3.49150501e-13	9.73946093e-08	2.65854047e-04	4.97147052e-02	3.95876371e-01	4.77690855e-01	7.55151970e-02	9.28665781e-04	8.25480641e-06	3.39437640e-24	3.67356744e-43	
5.6	1.23801938e-14	4.62420037e-09	1.98759496e-05	6.92480727e-03	1.35361457e-01	4.97652437e-01	3.32354453e-01	2.58646806e-02	1.82228432e-03	4.97610609e-18	3.15342581e-35	
5.7	2.84873141e-16	1.41375872e-10	9.23270982e-07	5.58148684e-04	2.35106970e-02	2.23302438e-01	5.02430514e-01	1.80164472e-01	7.00328073e-02	3.26819745e-13	9.17814786e-27	
5.8	3.15023468e-18	2.05363400e-12	1.98657654e-08	1.97772116e-05	1.63521088e-03	3.49486268e-02	2.21717092e-01	2.85673934e-01	4.56005338e-01	8.30623896e-10	1.98595942e-20	
5.9	2.19326526e-20	1.85583986e-14	2.61504721e-10	4.10397482e-07	6.16992126e-05	2.66395428e-03	4.12365518e-02	1.55223758e-01	8.00813448e-01	1.77571683e-07	9.51667609e-16	
6	1.93095728e-22	2.09490646e-16	4.21649953e-12	1.01158171e-08	2.63702919e-06	2.12108862e-04	7.19655068e-03	6.74116722e-02	9.25167121e-01	9.90031223e-06	4.17107584e-12	
6.1	2.74315755e-24	3.76386739e-18	1.05877890e-13	3.77058016e-10	1.60894459e-07	2.26714914e-05	1.52555838e-03	3.12830883e-02	9.66931829e-01	2.36688085e-04	3.36773323e-09	
6.2	6.09257076e-26	1.04168954e-19	4.01654605e-15	2.08210663e-11	1.40762140e-08	3.30243344e-06	4.11140175e-04	1.67003579e-02	9.79964465e-01	2.91999586e-03	7.24554890e-07	
6.3	2.04382147e-27	4.27608045e-21	2.21594456e-16	1.65130477e-12	1.70940628e-09	6.39415925e-07	1.39581434e-04	1.04450826e-02	9.67979939e-01	2.13830588e-02	5.16971949e-05	
6.4	9.88083261e-29	2.49711676e-22	1.70969849e-17	1.77462368e-13	2.74738046e-10	1.58943885e-07	5.69882837e-05	7.36801157e-03	8.95178962e-01	9.58368116e-02	1.55906775e-03	
6.5	5.49114319e-30	1.65026380e-23	1.45459494e-18	2.09021616e-14	4.73597156e-11	4.12042101e-08	2.36571707e-05	5.02830859e-03	7.14104289e-01	2.60315933e-01	2.05277713e-02	
6.6	3.05709341e-31	1.06505192e-24	1.18305486e-19	2.30258998e-15	7.49897562e-12	9.61475812e-09	8.46895809e-06	2.84220006e-03	4.50015008e-01	4.24874510e-01	1.22259803e-01	
6.7	1.41601564e-32	5.65308554e-26	7.73261347e-21	2.01670248e-16	9.27930580e-13	1.72072562e-09	2.28209694e-06	1.17319071e-03	2.07822360e-01	4.27001169e-01	3.64000996e-01	
6.8	5.77185437e-34	2.60398406e-27	4.29368045e-22	1.47382283e-17	9.46218969e-14	2.49400750e-10	4.81851931e-07	3.70337624e-04	7.51256287e-02	2.98415695e-01	6.26087857e-01	
6.9	2.30614777e-35	1.15558052e-28	2.23579700e-23	9.91731453e-19	8.80262195e-15	3.25697011e-11	9.08109613e-08	1.01971431e-04	2.46755309e-02	1.75210867e-01	8.00011540e-01	
7	1.03785930e-36	5.67538237e-30	1.26119610e-24	7.15696042e-20	8.66851019e-16	4.45933387e-12	1.75570804e-08	2.82829725e-05	8.33985110e-03	1.00407424e-01	8.91224425e-01	
7.1	5.39908377e-38	3.17639543e-31	7.92867670e-26	5.66846544e-21	9.31337700e-17	6.58080589e-13	3.60937059e-09	8.20784710e-06	3.02048768e-03	5.92568961e-02	9.37714405e-01	
7.2	3.28574632e-39	2.04811524e-32	5.64162660e-27	4.94879506e-22	1.09330302e-17	1.05115152e-13	7.95766073e-10	2.52079857e-06	1.17232319e-03	3.64603259e-02	9.62364829e-01	
7.3	2.33974125e-40	1.52745371e-33	4.58074839e-28	4.85422592e-23	1.42929992e-18	1.85474364e-14	1.90902879e-10	8.31545442e-07	4.96929533e-04	2.35593843e-02	9.75942854e-01	
7.4	1.91453916e-41	1.27702769e-34	4.08154150e-29	5.15968461e-24	2.00586559e-19	3.48927301e-15	4.85669091e-11	2.87803900e-07	2.22869184e-04	1.58155050e-02	9.83961338e-01	
7.5	1.74271772e-42	1.17522773e-35	3.96598891e-30	5.87208724e-25	3.02339706e-20	7.02841691e-16	1.30715413e-11	1.04461558e-07	1.05760830e-04	1.09975936e-02	9.88896541e-01	
7.6	1.83836171e-43	1.23950142e-36	4.37584493e-31	7.37714519e-26	4.94901052e-21	1.51591313e-16	3.74081909e-12	3.97002535e-08	5.25444557e-05	7.82629388e-03	9.92121122e-01	
7.7	2.14833904e-44	1.42635620e-37	5.20259098e-32	9.84518047e-27	8.55426443e-22	3.44531860e-17	1.11773265e-12	1.56447258e-08	2.71903958e-05	5.71247722e-03	9.94260317e-01	
7.8	2.83385647e-45	1.83514045e-38	6.81929629e-33	1.42010091e-27	1.58336635e-22	8.30167749e-18	3.50832561e-13	6.39177782e-09	1.45403600e-05	4.23363868e-03	9.95751815e-01	
7.9	4.30541216e-46	2.69509365e-39	1.02086881e-33	2.28339257e-28	3.21291517e-23	2.16239164e-18	1.17159687e-13	2.73936937e-09	8.11025909e-06	3.20141815e-03	9.96790469e-01	
8	4.30541216e-46	2.69509365e-39	1.02086881e-33	2.28339257e-28	3.21291517e-23	2.16239164e-18	1.17159687e-13	2.73936937e-09	8.11025909e-06	3.20141815e-03	9.96790469e-01	
