4	9.63701431e-01	3.62985686e-02	2.21497075e-16	1.32632973e-35	2.84010641e-55	1.42005322e-74	6.57432060e-94	1.85192137e-113	3.55455148e-133	
4.1	4.55882339e-01	5.44117661e-01	1.84767231e-11	1.76632819e-30	4.27682355e-50	2.17097639e-69	1.16719161e-88	3.80192689e-108	8.42999312e-128	
4.2	4.93572428e-02	9.50642725e-01	3.22749076e-08	4.12159288e-23	1.12304981e-42	5.70076040e-62	3.58538390e-81	1.35809995e-100	3.47340133e-120	
4.3	5.82785616e-03	9.94163737e-01	8.40678812e-06	5.05652763e-17	9.98972590e-35	4.89692462e-54	3.60067998e-73	1.57924563e-92	4.67232423e-112	
4.4	1.03120264e-03	9.98291925e-01	6.76872181e-04	3.53970878e-12	8.75424649e-26	3.89927127e-45	3.36144087e-64	1.71502082e-83	5.87335898e-103	
4.5	2.71282783e-04	9.79884275e-01	1.98444191e-02	2.26296015e-08	1.03009299e-18	3.61843582e-35	3.73185469e-54	2.22134200e-73	8.81484921e-93	
4.6	8.61597450e-05	7.95320756e-01	2.04576719e-01	1.63661368e-05	2.83327752e-13	4.74742623e-26	4.26195822e-42	2.95969316e-61	1.36391394e-80	
4.7	2.11873916e-05	3.77688281e-01	6.20945148e-01	1.34538118e-03	2.48447072e-09	3.50860352e-19	1.61179547e-31	1.29983503e-50	6.95098954e-70	
4.8	3.14261879e-06	1.13163103e-01	8.51092679e-01	3.57355343e-02	5.54126954e-06	1.96530366e-13	8.47841756e-23	7.99850712e-42	4.96801692e-61	
4.9	6.29461911e-07	3.25992524e-02	7.69007966e-01	1.97906467e-01	4.85683500e-04	1.27811444e-09	1.34564682e-16	1.48362385e-35	1.07508974e-54	
5	1.03418719e-07	7.38705134e-03	4.51475015e-01	5.28947049e-01	1.21897268e-02	1.05416255e-06	9.26978232e-12	1.19764636e-30	1.00642551e-49	
5.1	1.30288377e-08	1.25788628e-03	1.72651064e-01	7.19530114e-01	1.06401564e-01	1.59308409e-04	5.01689495e-08	7.60135595e-27	7.45231000e-46	
5.2	1.29679481e-09	1.67169757e-04	4.58522758e-02	5.54812547e-01	3.93174266e-01	5.95943406e-03	3.43059549e-05	6.11514363e-24	7.00474627e-43	
5.3	9.45729816e-11	1.61042471e-05	8.26147875e-03	2.49539024e-01	6.68293348e-01	6.98216946e-02	4.06835069e-03	7.48849480e-21	1.00247584e-39	
5.4	4.96736165e-12	1.10487269e-06	9.80634794e-04	6.50144585e-02	5.38050712e-01	2.82538049e-01	1.13415040e-01	1.67315255e-15	1.36632049e-32	
5.5	1.15807975e-13	3.33643043e-08	4.87952956e-05	6.46537655e-03	1.41477643e-01	2.86170683e-01	5.65837468e-01	1.22929019e-11	5.03918606e-25	
5.6	1.73063169e-15	6.35401006e-10	1.48228763e-06	3.64032421e-04	1.85181711e-02	1.16837669e-01	8.64278638e-01	6.54937751e-09	2.51790328e-19	
5.7	3.39304005e-17	1.56233194e-11	5.59598870e-08	2.39328440e-05	2.56893835e-03	4.30535063e-02	9.54352761e-01	8.05112436e-07	7.51848012e-15	
5.8	1.01555513e-18	5.75032882e-13	3.09835083e-09	2.20718638e-06	4.58194111e-04	1.76904693e-02	9.81812105e-01	3.70215025e-05	2.87082903e-11	
5.9	4.53239499e-20	3.07429885e-14	2.42000206e-10	2.76079892e-07	1.04067498e-04	8.35149846e-03	9.90736656e-01	8.07478961e-04	2.23126705e-08	
6	2.96689143e-21	2.35213011e-15	2.66396562e-11	4.69880282e-08	3.04497985e-05	4.66183894e-03	9.86038223e-01	9.26478908e-03	4.65177695e-06	
6.1	2.74958795e-22	2.49314972e-16	3.99400089e-12	1.05923622e-08	1.12396726e-05	3.07547054e-03	9.34781199e-01	6.18183751e-02	3.13705196e-04	
6.2	3.04749969e-23	3.10159731e-17	6.94264803e-13	2.72746888e-09	4.58337801e-06	2.12318244e-03	7.61919171e-01	2.28019598e-01	7.93346243e-03	
6.3	3.34412685e-24	3.72312795e-18	1.14329689e-13	6.51879825e-10	1.67817262e-06	1.25447555e-03	4.79090181e-01	4.43721104e-01	7.59325601e-02	
6.4	2.97313896e-25	3.57220427e-19	1.48735914e-14	1.20405266e-10	4.64662588e-07	5.42626133e-04	2.15726971e-01	4.78521616e-01	3.05208323e-01	
6.5	2.03060650e-26	2.58902337e-20	1.44522827e-15	1.64497524e-11	9.31087953e-08	1.65716558e-04	7.04602287e-02	3.19260445e-01	6.10113516e-01	
6.6	1.28916655e-27	1.73082547e-21	1.27769084e-16	2.02944189e-12	1.64197840e-08	4.30481219e-05	2.03386789e-02	1.68743968e-01	8.10874289e-01	
6.7	8.62336127e-29	1.20428183e-22	1.16251480e-17	2.53345588e-13	2.89804927e-09	1.10661806e-05	6.04448190e-03	8.65459899e-02	9.07398459e-01	
6.8	6.48101943e-30	9.32101629e-24	1.16332060e-18	3.45516176e-14	5.51412006e-10	2.99005097e-06	1.95986532e-03	4.65011506e-02	9.51535993e-01	
6.9	5.37157488e-31	7.98747163e-25	1.28132357e-19	5.13289847e-15	1.13252567e-10	8.64971041e-07	6.95335960e-04	2.63833137e-02	9.72920485e-01	
7	4.99793819e-32	7.56850093e-26	1.53997968e-20	8.33625387e-16	2.51325680e-11	2.65846711e-07	2.70225365e-04	1.59183178e-02	9.83811191e-01	
7.1	5.26450529e-33	8.14180251e-27	2.06906359e-21	1.48639626e-16	6.02703120e-12	8.76322941e-08	1.13768242e-04	1.01620505e-02	9.89724094e-01	
7.2	6.05297192e-34	9.51038136e-28	2.97557074e-22	2.83274337e-17	1.54047284e-12	3.04178114e-08	5.09795710e-05	6.77534911e-03	9.93173641e-01	
7.3	7.46901477e-35	1.18713719e-28	4.51446522e-23	5.69346627e-18	4.14690547e-13	1.09813526e-08	2.39255551e-05	4.67419798e-03	9.95301865e-01	
7.4	1.02193984e-35	1.63674869e-29	7.42781522e-24	1.22069521e-18	1.17548426e-13	4.12450603e-09	1.17430204e-05	3.31537877e-03	9.96672874e-01	
7.5	1.50183711e-36	2.41426137e-30	1.29006329e-24	2.74899758e-19	3.46796624e-14	1.60525945e-09	5.99752240e-06	2.40926126e-03	9.97584740e-01	
7.6	2.47905314e-37	3.98830576e-31	2.43589553e-25	6.64661750e-20	1.08358587e-14	6.49508452e-10	3.16960114e-06	1.79570574e-03	9.98201124e-01	
7.7	4.42993521e-38	7.11655394e-32	4.90987044e-26	1.68506753e-20	3.49107297e-15	2.68114400e-10	1.71468513e-06	1.34725258e-03	9.98651032e-01	
7.8	9.12296112e-39	1.46075981e-32	1.10745973e-26	4.67135935e-21	1.20205680e-15	1.15117609e-10	9.57497653e-07	1.03013539e-03	9.98968907e-01	
7.9	2.16574662e-39	3.44389211e-33	2.78522437e-27	1.40029563e-21	4.33975892e-16	5.05314394e-11	5.42798487e-07	7.96442617e-04	9.99203015e-01	
8	2.16574662e-39	3.44389211e-33	2.78522437e-27	1.40029563e-21	4.33975892e-16	5.05314394e-11	5.42798487e-07	7.96442617e-04	9.99203015e-01	
