4	5.48523200e-01	4.51476786e-01	1.41128297e-08	9.53802879e-23	1.42717172e-41	1.11497793e-60	5.74730871e-80	2.03805277e-99	5.36329692e-119	7.95741358e-139	1.02808957e-158	1.16695753e-178	1.08051625e-198	8.57552571e-219	5.67915596e-239	2.89752865e-259	1.18751181e-279	
4.1	7.75502654e-02	9.22440045e-01	9.68949619e-06	3.66439120e-16	3.22800117e-32	2.93454642e-51	1.77851307e-70	7.34922767e-90	2.25436439e-109	3.86021300e-129	5.77012413e-149	7.59226882e-169	8.17251757e-189	7.49772233e-209	5.76747887e-229	3.39263464e-249	1.60029936e-269	
4.2	1.01756027e-02	9.88912743e-01	9.11653959e-04	3.35032845e-11	2.98186054e-23	3.14361972e-42	2.22951757e-61	1.08229013e-80	3.89312996e-100	7.69393277e-120	1.33113022e-139	2.02916200e-159	2.53328581e-179	2.69785500e-199	2.38748234e-219	1.62413770e-239	8.77912268e-260	
4.3	1.91204547e-03	9.75445318e-01	2.26424610e-02	1.75801222e-07	2.21406551e-16	3.66840289e-32	3.14871259e-51	1.78904129e-70	7.51698018e-90	1.71620559e-109	3.44619591e-129	6.11027654e-149	8.84265827e-169	1.09168623e-188	1.12429065e-208	8.78352073e-229	5.48970049e-249	
4.4	4.85838867e-04	8.14494627e-01	1.84948789e-01	7.07454410e-05	2.05493563e-11	1.66143736e-23	2.19896135e-39	1.46597428e-58	7.22154839e-78	1.90040753e-97	4.41955246e-117	9.11247950e-137	1.53408749e-156	2.20098628e-176	2.62961330e-196	2.39055751e-216	1.71982548e-236	
4.5	1.25188151e-04	4.52322136e-01	5.44262958e-01	3.28966672e-03	5.09367743e-08	2.78039157e-17	2.05871399e-29	1.60837034e-48	9.29693843e-68	2.82581727e-87	7.63734395e-107	1.83149731e-126	3.58414352e-146	5.94385318e-166	8.24390185e-186	8.64140654e-206	7.14165822e-226	
4.6	2.97670296e-05	1.74392706e-01	7.87826687e-01	3.77385509e-02	1.22892199e-05	1.09125586e-12	8.15822235e-22	7.55390976e-41	5.13871417e-60	1.80940645e-79	5.68995737e-99	1.58937364e-118	3.62044097e-138	6.81815627e-158	1.09970259e-177	1.33297284e-197	1.26949792e-217	
4.7	6.86618924e-06	5.69269490e-02	7.62355036e-01	1.80026007e-01	6.85138394e-04	3.49719605e-09	6.76693207e-16	7.37942445e-35	5.90353950e-54	2.39009690e-73	8.65977128e-93	2.80251487e-112	7.39449853e-132	1.49686201e-151	2.81365041e-171	3.95175635e-191	4.36658146e-211	
4.8	1.36576840e-06	1.53356287e-02	5.07151920e-01	4.64660821e-01	1.28485755e-02	1.68872362e-06	2.86135776e-11	3.79304840e-30	3.54490509e-49	1.60402941e-68	6.54705904e-88	2.38074870e-107	7.06453600e-127	1.40727808e-146	3.08613619e-166	5.02628019e-186	6.41107155e-206	
4.9	2.14003160e-07	3.22064142e-03	2.30381636e-01	6.67146853e-01	9.90770692e-02	1.73476498e-04	1.09374326e-07	2.29916005e-23	4.67544072e-42	2.19504260e-61	9.38052370e-81	3.53982026e-100	1.09253714e-119	1.97565485e-139	5.05282559e-159	9.55165515e-179	1.41087968e-198	
5	2.59267479e-08	5.22785237e-04	7.32598714e-02	5.67301167e-01	3.53942996e-01	4.91477394e-03	5.83799131e-05	7.03878240e-17	1.45326275e-31	2.17677540e-49	8.68989376e-69	2.96583407e-88	8.37806262e-108	1.34049006e-127	4.01344313e-147	8.82075423e-167	1.50782115e-186	
5.1	2.37652630e-09	6.46596682e-05	1.64860745e-02	2.97941096e-01	6.30259995e-01	4.92326597e-02	6.01551356e-03	6.64339555e-12	3.26831349e-23	3.73688881e-37	4.42526329e-54	2.49911565e-73	5.92207496e-93	8.60766707e-113	3.00967372e-132	7.69737507e-152	1.52423269e-171	
5.2	1.51293695e-10	5.51225121e-06	2.42616699e-03	9.29170330e-02	5.62589468e-01	1.85037735e-01	1.57024049e-01	3.56550851e-08	7.67955633e-17	1.05932701e-27	5.35268441e-41	1.93484491e-56	4.55257633e-74	7.02831697e-94	2.89231158e-113	8.60806988e-133	1.97432802e-152	
5.3	3.70126512e-12	1.82886046e-07	1.33730902e-04	9.98419782e-03	1.49578074e-01	1.63111322e-01	6.77182561e-01	9.93086931e-06	2.63360063e-12	1.04412957e-20	4.11183764e-31	2.72181820e-43	3.03766062e-57	9.78229736e-74	1.54059361e-91	5.34928329e-111	1.42647556e-130	
5.4	6.05067216e-14	4.01277204e-09	4.72200629e-06	6.43041749e-04	2.12446166e-02	6.36202425e-02	9.14122504e-01	3.64864376e-04	4.64217138e-09	1.75970678e-15	1.44448371e-23	3.93745550e-33	3.93118544e-44	3.60358674e-57	3.37836257e-71	1.36775809e-90	4.23454525e-110	
5.5	1.59151404e-15	1.42292145e-10	2.59663082e-07	6.14068084e-05	4.11628041e-03	2.94571317e-02	9.60863509e-01	5.49979989e-03	1.61217309e-06	2.46437447e-11	1.50832707e-17	5.29590416e-25	1.26898660e-33	6.98266853e-44	7.12325952e-55	3.37595236e-74	1.21437135e-93	
5.6	7.63247193e-17	9.11879590e-12	2.53515462e-08	9.95345972e-06	1.25984349e-03	1.93620558e-02	9.35832691e-01	4.33738136e-02	1.61567452e-04	5.01283251e-08	1.02184660e-12	1.83685430e-18	3.73013068e-25	3.61100458e-33	1.00878855e-41	5.60438058e-61	2.35478175e-80	
5.7	4.71448246e-18	7.53051573e-13	3.12174097e-09	1.97443445e-06	4.45145202e-04	1.35842433e-02	7.83261696e-01	1.97078739e-01	5.60853239e-03	1.96587731e-05	7.02679329e-09	3.16377631e-13	2.39108468e-18	1.52683715e-24	3.91792175e-31	2.54410492e-50	1.24711030e-69	
5.8	2.55555010e-19	5.39749773e-14	3.28739142e-10	3.25086465e-07	1.25530384e-04	7.17853337e-03	4.70353105e-01	4.52802608e-01	6.78248609e-02	1.70895789e-03	6.07542372e-06	3.72328706e-09	5.43398626e-13	1.04809822e-17	1.03170346e-22	7.87559883e-42	4.50034227e-61	
5.9	9.56440445e-21	2.67415133e-15	2.35680736e-11	3.56987007e-08	2.27147365e-05	2.30669036e-03	1.76904082e-01	5.02058773e-01	2.82939897e-01	3.49413733e-02	8.22202936e-04	4.22400251e-06	6.73774303e-09	2.07123206e-12	3.94389080e-16	3.58858517e-35	2.39239020e-54	
6	2.32723767e-22	8.51596627e-17	1.07037196e-12	2.43748076e-09	2.47192336e-06	4.34804976e-04	4.07384823e-02	2.78751664e-01	4.57009134e-01	2.00213525e-01	2.21810889e-02	6.61062015e-04	7.74196787e-06	2.25090546e-08	4.58783290e-11	1.27737751e-27	5.91785058e-46	
6.1	3.71729297e-24	1.77846971e-18	3.16741885e-14	1.06425278e-10	1.68454210e-07	4.93824658e-05	5.92589596e-03	8.41885878e-02	3.30794105e-01	4.01129089e-01	1.57020935e-01	1.96727390e-02	1.19675828e-03	2.20203523e-05	3.17698228e-07	2.54318034e-20	5.34301216e-35	
6.2	3.80528953e-26	2.36464465e-20	5.87915604e-16	2.87544172e-12	6.94072146e-09	3.30969594e-06	5.25657568e-04	1.41198523e-02	1.15889350e-01	3.24735875e-01	3.58663502e-01	1.47329788e-01	3.55597030e-02	2.95916408e-03	2.13792812e-04	1.01972502e-14	2.10750489e-26	
6.3	2.14723548e-28	1.72826273e-22	5.95600219e-18	4.18851056e-14	1.51673085e-10	1.14567685e-07	2.44617480e-05	1.16342455e-03	1.81179137e-02	1.02831402e-01	2.72148649e-01	2.97965125e-01	2.25434147e-01	6.45991949e-02	1.77155676e-02	1.43411736e-10	7.49734784e-20	
6.4	5.35030064e-31	5.55031177e-25	2.63125889e-20	2.62221688e-16	1.40187747e-12	1.63956602e-09	4.79749832e-07	3.82894672e-05	1.05238712e-03	1.11212965e-02	6.20986102e-02	1.56418196e-01	3.12836392e-01	2.49573221e-01	2.06861022e-01	1.05382032e-07	4.73432694e-15	
6.5	7.85798136e-34	1.04118257e-27	6.70088988e-23	9.36854342e-19	7.18750666e-15	1.27625422e-11	5.15170938e-09	6.56305679e-07	3.02838181e-05	5.54688284e-04	5.91893009e-03	3.05416786e-02	1.40811158e-01	2.66492437e-01	5.55642126e-01	8.03671925e-06	1.31819202e-11	
6.6	1.22326431e-36	2.06618604e-30	1.79088774e-25	3.46472412e-21	3.79349334e-17	1.00158234e-13	5.58603655e-11	1.11409100e-08	8.27750104e-07	2.49848503e-05	4.77154261e-04	4.63617958e-03	4.38815340e-02	1.73561294e-01	7.77252729e-01	1.65280513e-04	5.00327222e-09	
6.7	2.82512330e-39	6.09277436e-33	7.05726766e-28	1.87979956e-23	2.88033796e-19	1.11117617e-15	8.56531616e-13	2.59233467e-10	2.99115523e-08	1.42986277e-06	4.59984162e-05	7.88544265e-04	1.40560480e-02	1.06004940e-01	8.77485300e-01	1.61720847e-03	5.00373886e-07	
6.8	1.02041846e-41	2.77304546e-35	4.24415707e-30	1.52259141e-25	3.20990145e-21	1.78807973e-17	1.90202605e-14	8.53082590e-12	1.49621274e-09	1.10201818e-07	5.76481525e-06	1.65086338e-04	5.19502427e-03	6.95891633e-02	9.15202904e-01	9.82083081e-03	2.11147875e-05	
6.9	5.35797518e-44	1.83733436e-37	3.67466869e-32	1.76764231e-27	5.07441047e-23	4.00062877e-19	5.85898513e-16	3.81186967e-13	9.88262529e-11	1.08868071e-08	8.88542892e-07	4.08464480e-05	2.14915158e-03	4.85478002e-02	9.09111672e-01	3.97258870e-02	4.23742785e-04	
7	3.76443982e-46	1.60740538e-39	4.14916473e-34	2.64484675e-29	1.01408637e-24	1.11777098e-20	2.23074471e-17	2.08740369e-14	7.84699681e-12	1.26543951e-09	1.57052455e-07	1.11915341e-05	9.41002410e-04	3.41656256e-02	8.45149704e-01	1.15108627e-01	4.62369098e-03	
7.1	3.09073638e-48	1.64231013e-41	5.41962350e-36	4.53981469e-31	2.27787201e-26	3.47445054e-22	9.47393765e-19	1.24953557e-15	6.74091591e-13	1.55892697e-10	2.86894969e-08	3.07979109e-06	4.00541171e-04	2.25430210e-02	7.05627437e-01	2.42322800e-01	2.91030917e-02	
7.2	2.74194008e-50	1.77419641e-43	7.36608293e-38	7.98535530e-33	5.19801439e-28	1.08535552e-23	3.99103184e-20	7.36580136e-17	5.62300007e-14	1.83149143e-11	4.89319213e-09	7.74611356e-07	1.50935297e-04	1.27945150e-02	4.99639803e-01	3.74061883e-01	1.13352084e-01	
7.3	2.37660884e-52	1.85528819e-45	9.52893580e-40	1.31022868e-34	1.08773706e-29	3.07016562e-25	1.52346597e-21	3.89688190e-18	4.13305660e-15	1.86858488e-12	7.14853462e-10	1.64278814e-07	4.68438606e-05	5.88657365e-03	2.90500010e-01	4.23499996e-01	2.80066412e-01	
7.4	2.11474400e-54	1.95613823e-47	1.22334345e-41	2.12372424e-36	2.21221282e-31	8.39370678e-27	5.57082317e-23	1.94940284e-19	2.85912433e-16	1.76853047e-13	9.51048874e-11	3.10178695e-08	1.25725761e-05	2.26572925e-03	1.41872773e-01	3.73401249e-01	4.82447644e-01	
7.5	1.97483353e-56	2.12868934e-49	1.58591592e-43	3.39958752e-38	4.34616820e-33	2.19046878e-28	1.93806897e-24	9.20952604e-21	1.83138008e-17	1.54962928e-14	1.16222197e-11	5.31301452e-09	3.03052824e-06	7.75585410e-04	6.26700722e-02	2.81238438e-01	6.55312869e-01	
7.6	2.20509115e-58	2.69837385e-51	2.35085609e-45	6.11999715e-40	9.36300001e-35	6.25658422e-30	7.32608580e-26	4.67787005e-22	1.25772926e-18	1.41197911e-15	1.45296005e-12	9.24448136e-10	7.29589001e-07	2.60789256e-04	2.73258682e-02	1.98783374e-01	7.73629238e-01	
7.7	2.97934233e-60	4.01102408e-53	3.97330281e-47	1.23066896e-41	2.22774870e-36	1.93667153e-31	2.98538274e-27	2.54796406e-23	9.17488158e-20	1.36921066e-16	1.91789256e-13	1.67652508e-10	1.80463160e-07	8.89388654e-05	1.21681769e-02	1.38288460e-01	8.49454243e-01	
7.8	5.12209327e-62	7.36484551e-55	8.12381843e-49	2.91299493e-43	6.06715272e-38	6.79175056e-33	1.36577279e-28	1.54602707e-24	7.40611783e-21	1.43795757e-17	2.72016649e-14	3.23859845e-11	4.70402760e-08	3.15425111e-05	5.64734880e-03	9.69123849e-02	8.97408677e-01	
7.9	1.10735644e-63	1.64646417e-56	1.97575701e-50	8.05542819e-45	1.88386198e-39	2.68140938e-34	7.00822910e-30	1.04629893e-25	6.57179511e-22	1.63915444e-18	4.14643243e-15	6.64509680e-12	1.29210217e-08	1.16356846e-05	2.72814080e-03	6.90186974e-02	9.28241513e-01	
8	1.10735644e-63	1.64646417e-56	1.97575701e-50	8.05542819e-45	1.88386198e-39	2.68140938e-34	7.00822910e-30	1.04629893e-25	6.57179511e-22	1.63915444e-18	4.14643243e-15	6.64509680e-12	1.29210217e-08	1.16356846e-05	2.72814080e-03	6.90186974e-02	9.28241513e-01	
