4	7.86648866e-02	9.21300497e-01	3.46163785e-05	5.38682667e-19	7.39790908e-38	5.69069915e-57	2.46350620e-76	6.17420103e-96	1.29438177e-115	2.28689363e-135	3.18508847e-155	3.69071659e-175	3.48180810e-195	2.45197763e-215	1.34724047e-235	
4.1	9.45943627e-03	9.88709620e-01	1.83094372e-03	9.75809795e-14	2.22123110e-29	2.00110906e-48	1.00558244e-67	2.91473172e-87	7.07459187e-107	1.44971149e-126	2.34202184e-146	3.14787882e-166	3.42906198e-186	2.78785529e-206	1.76446536e-226	
4.2	1.60735687e-03	9.60163895e-01	3.82287471e-02	1.27209455e-09	1.96360418e-21	2.07569161e-40	1.21385473e-59	4.04618258e-79	1.13976978e-98	2.71373754e-118	5.09144007e-138	7.94296388e-158	1.00289947e-177	9.37289238e-198	6.84152757e-218	
4.3	3.30601745e-04	7.10639278e-01	2.89028653e-01	1.46666665e-06	2.65029243e-15	3.29638359e-34	2.24243784e-53	8.65806146e-73	2.82943170e-92	7.83776066e-112	1.70757317e-131	3.09342961e-151	4.53582048e-171	4.90889678e-191	4.12512321e-211	
4.4	6.01808753e-05	3.06747186e-01	6.93021416e-01	1.71217044e-04	9.00673043e-11	1.32063499e-29	1.04812301e-48	4.65832448e-68	1.76451684e-87	5.69198960e-107	1.44466739e-126	3.02865281e-146	5.15954456e-166	6.45750233e-186	6.26941992e-206	
4.5	1.12186478e-05	1.02837606e-01	8.92687511e-01	4.46343768e-03	2.26626561e-07	3.92087465e-26	3.63043958e-45	1.87136054e-64	8.24387913e-84	3.09920269e-103	9.14219063e-123	2.17671202e-142	4.31032085e-162	6.24684182e-182	6.98751874e-202	
4.6	2.51993506e-06	3.56737787e-02	9.18451981e-01	4.57786425e-02	9.30776122e-05	4.53944105e-23	4.92881768e-42	2.91646009e-61	1.48798981e-80	6.49777225e-100	2.22526447e-119	5.63358089e-139	1.30105798e-158	2.18298324e-178	2.82039168e-198	
4.7	5.59866958e-07	1.16324694e-02	7.43806915e-01	2.34993931e-01	9.56612523e-03	7.87526030e-17	3.95746682e-35	2.63831131e-54	1.52503544e-73	7.58724112e-93	2.96376612e-112	7.17618890e-132	1.93428272e-151	3.76319605e-171	5.61671031e-191	
4.8	5.51589530e-08	1.67661372e-03	2.85024323e-01	4.95273750e-01	2.18025258e-01	6.67046137e-12	5.38695950e-26	7.24583985e-44	4.39141830e-63	2.31127286e-82	9.55071446e-102	2.01067671e-121	6.32288274e-141	1.42728727e-160	2.46509025e-180	
4.9	2.83130535e-09	1.20365339e-04	3.99211692e-02	2.30448736e-01	7.29509712e-01	1.50674436e-08	3.13992866e-19	4.50600128e-33	7.45223291e-51	3.68994057e-70	1.40301921e-89	2.50539147e-109	9.21099835e-129	2.41758495e-148	4.83516985e-168	
5	1.02207521e-10	6.07865806e-06	3.71271312e-03	5.80789898e-02	9.38199053e-01	3.16500873e-06	2.93333171e-14	6.19258913e-25	7.90369912e-39	1.99283929e-55	1.27541718e-74	1.99595794e-94	8.60326728e-114	2.63096868e-133	6.09020542e-153	
5.1	5.07865533e-12	4.23221270e-07	4.46253709e-04	1.61646081e-02	9.83223366e-01	1.65349090e-04	1.74286873e-10	1.14012667e-18	1.70447032e-29	1.57335713e-42	6.49864904e-58	9.94691172e-77	5.22464049e-96	1.85930269e-115	4.99812552e-135	
5.2	3.87579803e-13	4.50356832e-08	7.91756348e-05	5.93137043e-03	9.90538849e-01	3.45040909e-03	1.51104122e-07	9.55964852e-14	3.96623708e-22	2.49042789e-32	1.87891689e-44	2.33366923e-59	1.17933636e-75	4.89351193e-95	1.52445856e-114	
5.3	4.95194502e-14	7.98287647e-09	2.23833606e-05	3.19252717e-03	9.60510280e-01	3.62428583e-02	3.19428604e-05	8.08135219e-10	3.04196004e-16	3.55693756e-24	1.11271508e-33	2.06500818e-45	3.58127283e-58	1.73848204e-77	6.29884789e-97	
5.4	8.74240553e-15	1.94170452e-09	8.43077128e-06	2.14601446e-03	7.98166758e-01	1.97730016e-01	1.94778820e-03	9.90494589e-07	1.44429862e-11	1.15178242e-17	4.69677753e-25	3.12315619e-34	3.71681396e-44	2.11182617e-63	8.91065887e-83	
5.5	1.32981289e-15	4.08031842e-10	2.67750878e-06	1.15814136e-03	4.44452767e-01	5.18104933e-01	3.60736607e-02	2.07759478e-04	5.99140425e-08	1.48440530e-12	3.14558768e-18	2.43892472e-25	5.52344754e-33	3.68229849e-52	1.80504834e-71	
5.6	1.31763605e-16	5.54033436e-11	5.34928841e-07	3.80483217e-04	1.52002094e-01	6.21100998e-01	2.17385354e-01	9.10137514e-03	2.91481968e-05	1.21128176e-08	6.52228616e-13	2.41277887e-18	3.75507983e-24	2.93365618e-43	1.67637499e-62	
5.7	8.31287722e-18	4.77333095e-12	6.64225396e-08	7.54508496e-05	3.26857693e-02	3.74490210e-01	4.86150142e-01	1.04152552e-01	2.43602634e-03	9.77481119e-06	7.33110840e-09	6.35795205e-13	3.01212385e-17	2.76341647e-36	1.85464198e-55	
5.8	3.29023282e-19	2.56145160e-13	5.06935374e-09	9.02228143e-06	4.52578731e-03	1.21534169e-01	4.58748691e-01	3.69236732e-01	4.47439669e-02	1.19388947e-03	7.72886356e-06	8.58445758e-09	6.47723476e-12	8.52451620e-31	6.65977842e-50	
5.9	8.54770316e-21	8.99956399e-15	2.49250587e-10	6.81710969e-07	4.18558091e-04	2.31319904e-02	2.10808786e-01	4.98781525e-01	2.35620738e-01	3.00482630e-02	1.17874212e-03	1.06414219e-05	7.47208295e-08	2.30349551e-23	7.22748133e-41	
6	1.45799572e-22	2.06040119e-16	7.85213875e-12	3.25664724e-08	2.54911681e-05	2.64438388e-03	5.07777985e-02	2.90457384e-01	4.22765364e-01	1.96635060e-01	3.48437337e-02	1.77239804e-03	7.83542415e-05	4.81453765e-17	5.84363863e-31	
6.1	1.42868836e-24	2.68314648e-18	1.39829011e-13	8.67904222e-10	8.92535879e-07	1.62487297e-04	5.92261347e-03	7.14517182e-02	2.67793837e-01	3.67685188e-01	2.29110373e-01	4.81131789e-02	9.75971049e-03	2.66173927e-12	2.50378256e-23	
6.2	6.73688665e-27	1.66747249e-20	1.17629313e-15	1.07995874e-11	1.49009582e-08	4.51068137e-06	2.91340587e-04	6.71616736e-03	5.63618054e-02	1.92007670e-01	3.44880006e-01	2.33247802e-01	1.66490677e-01	6.12460446e-09	1.20125979e-17	
6.3	1.67604333e-29	5.41144067e-23	5.10468746e-18	6.79618145e-14	1.27119485e-10	6.13520011e-08	6.63808552e-06	2.69621005e-04	4.53227942e-03	3.36607866e-02	1.48873713e-01	2.67908515e-01	5.44747342e-01	1.04295853e-06	1.50507495e-13	
6.4	4.01034827e-32	1.66223686e-25	2.07617927e-20	3.96516204e-16	1.01183826e-12	7.57723667e-10	1.31480643e-07	8.91909733e-06	2.78466469e-04	4.08552973e-03	3.95651302e-02	1.62884339e-01	7.93140312e-01	3.71710551e-05	1.73157079e-10	
6.5	1.42334177e-34	7.47922213e-28	1.22511220e-22	3.32850118e-18	1.16438312e-14	1.30993096e-11	3.53499628e-09	3.82957933e-07	2.08581960e-05	5.60081192e-04	1.07560169e-02	9.03149859e-02	8.97805795e-01	5.41833689e-04	4.20983536e-08	
6.6	8.15665576e-37	5.36091153e-30	1.13733229e-24	4.33958270e-20	2.07979993e-16	3.46633318e-13	1.41012908e-10	2.35295760e-08	2.12060299e-06	9.77386971e-05	3.45167272e-03	5.42508211e-02	9.37712875e-01	4.48143902e-03	3.30896953e-06	
6.7	7.24226046e-39	5.81374093e-32	1.58532100e-26	8.40114690e-22	5.44801642e-18	1.31569596e-14	7.89973931e-12	1.98086565e-09	2.84323911e-07	2.14998008e-05	1.31359167e-03	3.62370133e-02	9.38639281e-01	2.36736457e-02	1.14682019e-04	
6.8	9.01236038e-41	8.59072957e-34	2.97249793e-28	2.16265325e-23	1.91649753e-19	6.59275151e-16	5.74326541e-13	2.11298207e-10	4.67514472e-08	5.57970462e-06	5.61524425e-04	2.57685880e-02	8.87584702e-01	8.41530796e-02	1.92647963e-03	
6.9	1.38415668e-42	1.53570668e-35	6.63821614e-30	6.58074226e-25	7.91993057e-21	3.83866904e-17	4.77317643e-14	2.52842685e-11	8.35480152e-09	1.52378893e-06	2.41592188e-04	1.76589805e-02	7.58727238e-01	2.06314005e-01	1.70566524e-02	
7	2.30934586e-44	2.90730154e-37	1.54345748e-31	2.07665191e-26	3.34245024e-22	2.24736870e-18	3.91586991e-15	2.92008169e-12	1.41996133e-09	3.86602592e-07	9.40807469e-05	1.05149074e-02	5.50745872e-01	3.53847079e-01	8.47976731e-02	
7.1	3.69756817e-46	5.10280126e-39	3.27349526e-33	5.88119500e-28	1.27225845e-23	1.17667974e-19	2.84498605e-16	2.93633862e-13	2.06168449e-10	8.21611880e-08	2.97192427e-05	4.99190422e-03	3.18600937e-01	4.25394562e-01	2.50982795e-01	
7.2	5.51975829e-48	8.18752764e-41	6.23878355e-35	1.48437483e-29	4.29467989e-25	5.41760073e-21	1.79742833e-17	2.54080910e-14	2.52239752e-11	1.44356129e-08	7.57754828e-06	1.87256695e-03	1.48587417e-01	3.74698719e-01	4.74833705e-01	
7.3	8.62876246e-50	1.33497037e-42	1.18346411e-36	3.69953569e-31	1.41935499e-26	2.41335118e-22	1.08770761e-18	2.08477297e-15	2.89783445e-12	2.34778253e-09	1.76083692e-06	6.24094110e-04	6.18315444e-02	2.72760430e-01	6.64782168e-01	
7.4	1.49571121e-51	2.34437497e-44	2.36911772e-38	9.59439090e-33	4.84877799e-28	1.10738464e-23	6.71437119e-20	1.71622935e-16	3.30044100e-13	3.71927880e-10	3.91001098e-07	1.95500538e-04	2.47878305e-02	1.82888361e-01	7.92127916e-01	
7.5	3.05514059e-53	4.76350416e-46	5.35514988e-40	2.78534115e-34	1.84996533e-29	5.60561783e-25	4.52240675e-21	1.52340884e-17	3.98919210e-14	6.20385738e-11	9.02987317e-08	6.29775800e-05	1.02699290e-02	1.21438504e-01	8.68228499e-01	
7.6	7.49894153e-55	1.14144409e-47	1.40086320e-41	9.10561078e-36	7.84094254e-31	3.13637704e-26	3.34477421e-22	1.46545883e-18	5.19257064e-15	1.10263540e-11	2.18500176e-08	2.09395994e-05	4.45673934e-03	8.16974958e-02	9.13824803e-01	
7.7	2.19877218e-56	3.21624322e-49	4.20803635e-43	3.37107897e-37	3.74352103e-32	1.95109055e-27	2.73509040e-23	1.54592058e-19	7.36420366e-16	2.12029767e-12	5.69696152e-09	7.40872475e-06	2.04820024e-03	5.61866712e-02	9.41757714e-01	
7.8	7.93842796e-58	1.10092601e-50	1.50682300e-44	1.42132951e-38	2.01079565e-33	1.35633861e-28	2.46684090e-24	1.76969011e-20	1.12616645e-16	4.34752634e-13	1.55611457e-09	2.71576678e-06	9.81327552e-04	3.96536425e-02	9.59362313e-01	
7.9	3.40633126e-59	4.43700250e-52	6.23715767e-46	6.72956517e-40	1.19264809e-34	1.02445409e-29	2.39914897e-25	2.16846150e-21	1.81968789e-17	9.36845791e-14	4.47901509e-10	1.03480701e-06	4.92583444e-04	2.85932352e-02	9.70913146e-01	
8	3.40633126e-59	4.43700250e-52	6.23715767e-46	6.72956517e-40	1.19264809e-34	1.02445409e-29	2.39914897e-25	2.16846150e-21	1.81968789e-17	9.36845791e-14	4.47901509e-10	1.03480701e-06	4.92583444e-04	2.85932352e-02	9.70913146e-01	
