4	3.64171085e-02	9.63582356e-01	5.35895091e-07	1.77053900e-18	1.81733538e-37	8.14116233e-57	1.06640395e-76	8.80154460e-97	1.06153336e-116	9.14200762e-137	2.30528703e-157	2.51484943e-177	2.05057806e-197	1.32242462e-217	
4.1	1.67355732e-02	9.83228258e-01	3.61683803e-05	1.42279402e-13	1.72898940e-32	9.03815181e-52	1.22775453e-71	1.19935383e-91	1.60504286e-111	1.32742516e-131	3.84756455e-152	4.86498955e-172	4.58312722e-192	3.40383467e-212	
4.2	1.05552820e-02	9.88633654e-01	8.11062672e-04	9.39884848e-10	1.35068872e-28	8.22146911e-48	1.15050429e-67	1.31181264e-87	1.87230891e-107	1.49164189e-127	5.07616723e-148	7.45247987e-168	8.12019542e-188	6.94996099e-208	
4.3	7.08091952e-03	9.83880849e-01	9.03721535e-03	1.01646980e-06	1.72690155e-25	1.21740527e-44	1.77735852e-64	2.34894335e-84	3.49026795e-104	2.69387707e-124	1.09715479e-144	1.87353748e-164	2.36362584e-184	2.33290153e-204	
4.4	4.56158021e-03	9.34434390e-01	6.07298436e-02	2.74186399e-04	5.51345653e-23	4.47651629e-42	7.00323415e-62	1.06999814e-81	1.64498938e-101	1.24701652e-121	6.15108949e-142	1.22387334e-161	1.78961556e-181	2.03832830e-201	
4.5	2.42479857e-03	7.34370470e-01	2.41523231e-01	2.16815008e-02	4.95284824e-19	4.61937552e-38	7.99990219e-58	1.40537037e-77	2.23454179e-97	1.69936179e-117	1.01251931e-137	2.35145326e-157	3.98948996e-177	5.24715408e-197	
4.6	6.17948784e-04	2.77727996e-01	3.57171200e-01	3.64482855e-01	9.54435863e-14	5.16208430e-31	1.01857845e-50	2.03127434e-70	3.32069265e-90	2.58988024e-110	1.82414194e-130	4.95332705e-150	9.76071194e-170	1.48347203e-189	
4.7	4.20895411e-05	2.80821366e-02	1.15290689e-01	8.56585085e-01	3.95415493e-10	2.77920452e-23	2.04268845e-41	4.54437717e-61	7.55604154e-81	6.14517159e-101	4.93714979e-121	1.57027533e-140	3.59756356e-160	6.32271842e-180	
4.8	2.32135208e-06	2.30090375e-03	2.56502327e-02	9.72046370e-01	1.72120630e-07	2.31159524e-17	1.88458809e-31	8.93364967e-50	1.49689261e-69	1.28033649e-89	1.13100933e-109	4.22070378e-129	1.12540997e-148	2.28885615e-168	
4.9	1.74825664e-07	2.57916543e-04	6.85958845e-03	9.92863598e-01	1.87223174e-05	1.00010009e-12	1.32836914e-23	7.10528932e-38	2.81821721e-55	2.53457313e-75	2.40084601e-95	1.05307654e-114	3.27135870e-134	7.70507405e-154	
5	1.86446256e-08	4.09265780e-05	2.34179951e-03	9.96933637e-01	6.83614186e-04	3.91591442e-09	1.81485395e-17	1.61635672e-28	3.69924937e-42	1.34481343e-58	1.35581451e-78	7.00219756e-98	2.53688103e-117	6.92520060e-137	
5.1	2.89545276e-09	9.39734652e-06	1.06441591e-03	9.88295008e-01	1.06289212e-02	2.25464182e-06	1.08812018e-12	3.49200500e-21	7.87049598e-32	8.81671648e-45	1.07171907e-60	5.72278182e-78	2.42067138e-97	7.66505822e-117	
5.2	6.41492407e-10	3.05853101e-06	6.40750106e-04	9.15218042e-01	8.38426867e-02	2.95456388e-04	5.85139355e-09	2.02223863e-15	1.11121568e-23	7.61164945e-34	2.18064825e-46	6.71150206e-60	3.31813991e-79	1.21985953e-98	
5.3	1.52317204e-10	1.06189499e-06	3.89374961e-04	6.57038150e-01	3.31712680e-01	1.08544152e-02	4.31733952e-06	6.29482525e-11	2.82873555e-17	3.32450316e-25	4.86820897e-35	1.54214769e-45	8.92162613e-65	3.81160196e-84	
5.4	2.59368685e-11	2.62942009e-07	1.61319044e-04	2.91935853e-01	5.90744451e-01	1.16622913e-01	5.35041396e-04	1.59577387e-07	2.50347355e-12	1.86531775e-18	4.17393691e-26	3.46240645e-34	2.34674189e-53	1.16633213e-72	
5.5	2.69541239e-12	3.95354942e-08	3.91070042e-05	7.67033042e-02	4.90067024e-01	4.18842957e-01	1.42980960e-02	4.94582752e-05	1.39037941e-08	3.00890403e-13	3.95571175e-19	2.89574620e-25	2.30234086e-44	1.33261225e-63	
5.6	1.82863384e-13	3.87321733e-09	5.99219248e-06	1.33838911e-02	2.25482189e-01	6.43436924e-01	1.14762791e-01	2.91955546e-03	8.64935700e-06	2.93768889e-09	1.06094806e-13	2.88710216e-18	2.69633636e-37	1.81973406e-56	
5.7	8.90437850e-15	2.71639879e-10	6.41154017e-07	1.72354912e-03	6.68488567e-02	5.20455599e-01	3.63112144e-01	4.69033748e-02	9.52721823e-04	3.11144485e-06	1.67808932e-09	8.53632744e-13	9.37808565e-32	7.38949788e-51	
5.8	2.98072967e-16	1.29931035e-11	4.58196218e-08	1.55618763e-04	1.25516817e-02	2.28599484e-01	4.94165315e-01	2.40435435e-01	2.35899780e-02	4.99970286e-04	2.45783771e-06	1.35303116e-08	3.02180830e-25	3.66703014e-44	
5.9	6.67608257e-18	4.10713313e-13	2.12504550e-09	9.47052944e-06	1.47025939e-03	5.58327380e-02	3.11613208e-01	4.52572067e-01	1.61803973e-01	1.61941354e-02	4.85429505e-04	1.87174889e-05	1.47627466e-18	1.43308456e-33	
6	9.99522036e-20	8.57290255e-15	6.40602003e-11	3.84997814e-07	1.08312259e-04	7.87104633e-03	9.87109240e-02	3.59037806e-01	3.75364172e-01	1.37303245e-01	1.81390172e-02	3.46509243e-03	1.90614228e-13	2.46686034e-25	
6.1	8.57666416e-22	1.01606442e-16	1.08168134e-12	8.93061706e-09	4.33993539e-06	5.65634220e-04	1.43593524e-02	1.14800425e-01	2.96777597e-01	3.23387037e-01	1.45557678e-01	1.04547926e-01	1.10583004e-09	4.59649776e-19	
6.2	3.13213247e-24	5.09117153e-19	7.63153298e-15	8.75155985e-11	7.06644192e-08	1.57192942e-05	7.46361216e-04	1.19005089e-02	6.70523330e-02	1.85127659e-01	2.32413127e-01	5.02743854e-01	3.67242663e-07	1.58273697e-14	
6.3	8.21283535e-27	1.82057271e-21	3.80352100e-17	6.08818207e-13	7.90493469e-10	2.88698456e-07	2.41044245e-05	7.11925123e-04	7.94835752e-03	4.89731620e-02	1.46997716e-01	7.95326698e-01	1.77472304e-05	3.23051069e-11	
6.4	2.96990868e-29	8.91721664e-24	2.57357856e-19	5.75032790e-15	1.16696840e-11	6.78126846e-09	9.47562756e-07	4.89167838e-05	1.00588806e-03	1.25138495e-02	7.96231886e-02	9.06486314e-01	3.20876673e-04	1.20883620e-08	
6.5	1.74268089e-31	7.02946840e-26	2.78079431e-21	8.64640047e-17	2.67488616e-13	2.41008961e-10	5.41753302e-08	4.66290572e-06	1.66645298e-04	3.86149495e-03	4.72205563e-02	9.45637492e-01	3.10771878e-03	1.37577135e-06	
6.6	1.63544557e-33	8.78256298e-28	4.72865857e-23	2.03591871e-18	9.39039746e-15	1.28358102e-11	4.49601385e-09	6.20942896e-07	3.67962539e-05	1.48390793e-03	3.20538424e-02	9.47837634e-01	1.85256859e-02	6.15083939e-05	
6.7	2.21608635e-35	1.57104406e-29	1.14390005e-24	6.77856245e-20	4.57026663e-16	9.29969690e-13	4.94500894e-10	1.06221652e-07	1.00491946e-05	6.66083157e-04	2.35840346e-02	9.01696741e-01	7.27736276e-02	1.26935783e-03	
6.8	3.71411194e-37	3.45384372e-31	3.38094757e-26	2.73921469e-21	2.65306641e-17	7.89755295e-14	6.23547872e-11	2.03019916e-08	2.97383776e-06	3.08944848e-04	1.68130307e-02	7.74981918e-01	1.94447291e-01	1.34458207e-02	
6.9	6.52723573e-39	7.92409043e-33	1.03724038e-27	1.14095505e-22	1.56375406e-18	6.70143253e-15	7.70845404e-12	3.72126961e-09	8.22819431e-07	1.28915454e-04	1.02471375e-02	5.58284583e-01	3.53771417e-01	7.75671209e-02	
7	1.04534663e-40	1.64960269e-34	2.87297756e-29	4.26015105e-24	8.15695668e-20	4.96128659e-16	8.17829897e-13	5.74380601e-10	1.87609126e-07	4.29807342e-05	4.81069758e-03	3.12144855e-01	4.31668617e-01	2.51332662e-01	
7.1	1.46305177e-42	2.98592673e-36	6.88705170e-31	1.36695032e-25	3.61612215e-21	3.08297740e-17	7.17936037e-14	7.21606958e-11	3.41773533e-08	1.11746357e-05	1.71955619e-03	1.35333669e-01	3.68449480e-01	4.94486086e-01	
7.2	1.94293837e-44	5.09976383e-38	1.55112794e-32	4.09316522e-27	1.48160361e-22	1.75055779e-18	5.68900440e-15	8.06704289e-12	5.45189827e-09	2.49682566e-06	5.20733031e-04	5.07324998e-02	2.52326870e-01	6.96417395e-01	
7.3	2.70418981e-46	9.07492397e-40	3.62556530e-34	1.26398996e-28	6.20778132e-24	1.00602696e-19	4.51570878e-16	8.92399987e-13	8.48633467e-10	5.36552254e-07	1.50472159e-04	1.84873907e-02	1.58850341e-01	8.22511259e-01	
7.4	4.14922932e-48	1.76964269e-41	9.25340486e-36	4.23733623e-30	2.80304646e-25	6.17400186e-21	3.79398672e-17	1.03418337e-13	1.36747248e-10	1.18048023e-07	4.43289086e-05	6.97440491e-03	9.90911327e-02	8.93890015e-01	
7.5	7.12077258e-50	3.83756738e-43	2.61794157e-37	1.56609219e-31	1.38638140e-26	4.11726871e-22	3.43694371e-18	1.28098379e-14	2.33169975e-11	2.72551791e-08	1.36721275e-05	2.78706484e-03	6.31440412e-02	9.34055195e-01	
7.6	1.36450206e-51	9.24151839e-45	8.20145495e-39	6.37737770e-33	7.51121382e-28	2.98688774e-23	3.36357538e-19	1.70102636e-15	4.22609270e-12	6.64678443e-09	4.44718359e-06	1.18447111e-03	4.14896790e-02	9.57321396e-01	
7.7	2.89907208e-53	2.45459019e-46	2.82664592e-40	2.84415895e-34	4.43343611e-29	2.34669901e-24	3.54280836e-20	2.41445408e-16	8.12579213e-13	1.71081154e-09	1.52479370e-06	5.33587879e-04	2.81272965e-02	9.71337589e-01	
7.8	6.77554484e-55	7.13475132e-48	1.06379009e-41	1.37954384e-35	2.83261567e-30	1.98571607e-25	3.99650869e-21	3.64780667e-17	1.65181996e-13	4.63442806e-10	5.49437296e-07	2.53450262e-04	1.96282678e-02	9.80117732e-01	
7.9	1.72773631e-56	2.25123673e-49	4.33773216e-43	7.22488942e-37	1.94590589e-31	1.79840742e-26	4.80128827e-22	5.83662597e-18	3.53452499e-14	1.31604038e-10	2.07176140e-07	1.26154236e-04	1.40516076e-02	9.85822031e-01	
8	4.76418968e-58	7.64328597e-51	1.90013236e-44	4.05295822e-38	1.42666250e-32	1.73090507e-27	6.10299399e-23	9.83129566e-19	7.91816705e-15	3.89777306e-11	8.13108165e-08	6.53611052e-05	1.02790112e-02	9.89655546e-01	
