4	9.99567085e-01	4.32915067e-04	4.48651033e-14	2.41579223e-31	3.63258455e-51	3.27224494e-71	8.04414345e-92	1.40451894e-111	3.61874699e-131	5.06294778e-151	3.66264525e-171	1.76172565e-191	4.02475002e-212	8.65964102e-233	7.29300485e-254	1.78252062e-274	8.37548333e-295	1.00000000e-300	1.00000000e-300	
4.1	9.76282817e-01	2.37171802e-02	2.37918243e-09	2.99107655e-22	5.42926893e-42	5.10379963e-62	1.37359167e-82	2.37040713e-102	7.14880265e-122	1.14373705e-141	9.03697045e-162	4.96626886e-182	1.33000952e-202	2.82143923e-223	2.49080921e-244	6.57344350e-265	3.56102772e-285	1.00000000e-300	1.00000000e-300	
4.2	6.17580829e-01	3.82409569e-01	9.60146275e-06	3.87499794e-15	1.82853843e-32	1.80485868e-52	5.42180331e-73	9.20558350e-93	3.25530647e-112	5.92138750e-132	5.10363247e-152	3.19328291e-172	1.01357329e-192	2.17774177e-213	2.09325788e-234	6.03832517e-255	3.77773097e-275	1.88080623e-295	1.00000000e-300	
4.3	1.06319066e-01	8.91768344e-01	1.91259025e-03	4.94556712e-10	2.49026144e-23	3.81629710e-41	1.30032032e-61	2.18203473e-81	9.06288566e-101	1.86794296e-120	1.75174942e-140	1.22612283e-160	4.62490647e-181	1.03594557e-201	1.12338174e-222	3.54923238e-243	2.56870595e-263	1.47596241e-283	1.00000000e-300	
4.4	1.34024830e-02	9.16629155e-01	6.99658362e-02	2.52521018e-06	2.09001326e-16	3.25545972e-30	9.85373456e-48	1.61302611e-67	7.88172287e-87	1.84443289e-106	1.88781102e-126	1.44277320e-146	6.42686431e-167	1.53890795e-187	1.93498604e-208	6.69536077e-229	5.61512334e-249	3.72780847e-269	2.05182019e-289	
4.5	1.25987989e-03	4.59712848e-01	5.38486461e-01	5.40811048e-04	1.64522912e-11	4.08763209e-22	9.05983742e-36	9.47097791e-55	5.45311948e-74	1.45989577e-93	1.65007519e-113	1.35420786e-133	7.05210075e-154	1.84462687e-174	2.73479417e-195	1.04128686e-215	1.01367437e-235	7.78402283e-256	4.93834875e-276	
4.6	1.00181377e-04	1.28297938e-01	8.63291794e-01	8.31005965e-03	2.69714874e-08	2.27035751e-16	5.93280984e-27	6.75499378e-42	5.88361776e-59	1.82208375e-78	2.31676084e-98	2.04064162e-118	1.23385108e-138	3.59712860e-159	6.33629721e-180	2.68007935e-200	3.03362052e-220	2.69743873e-240	1.97384639e-260	
4.7	1.73589885e-05	4.94182115e-02	9.00882262e-01	4.96762291e-02	5.93884799e-06	4.59909996e-12	3.22037716e-20	5.43372021e-32	3.39926470e-45	1.23168458e-64	1.79775688e-84	1.72090142e-104	1.20844727e-124	3.99994462e-145	8.39696492e-166	3.97570389e-186	5.24149301e-206	5.40247598e-226	4.56278640e-246	
4.8	4.98148048e-06	2.19045915e-02	7.93866630e-01	1.83888475e-01	3.35314022e-04	8.57862782e-09	4.91450904e-15	2.69216038e-24	2.06229065e-34	8.80846490e-54	1.49743724e-73	1.57976845e-93	1.29443593e-113	4.93707138e-134	1.23828298e-154	6.55429334e-175	1.00817755e-194	1.20581843e-214	1.17621314e-234	
4.9	1.50160237e-06	8.62323493e-03	5.54492759e-01	4.30593278e-01	6.28670957e-03	2.51649361e-06	4.68564101e-11	2.62919920e-18	6.04511533e-26	3.04016019e-45	6.02255206e-65	7.01763928e-85	6.71454473e-105	2.97800814e-125	8.94017525e-146	5.23493828e-166	9.41097274e-186	1.30749540e-205	1.47404644e-225	
5	3.80988984e-07	2.75069452e-03	2.97246634e-01	6.50460752e-01	4.93612575e-02	1.80226729e-04	5.40671304e-08	1.27740100e-13	2.88259056e-19	1.68664277e-38	3.82811108e-58	4.85345733e-78	5.35779752e-98	2.76980372e-118	9.91986090e-139	6.34850782e-159	1.33613134e-178	2.15858785e-198	2.81455693e-218	
5.1	7.75214018e-08	7.12845466e-04	1.24877312e-01	6.72089045e-01	1.97891793e-01	4.41636826e-03	1.25574973e-05	6.23688243e-10	5.67836079e-14	1.58779523e-29	6.60984185e-48	8.90603017e-68	1.10620998e-87	6.63131822e-108	2.79945382e-128	1.94840848e-148	4.80904464e-168	9.04373947e-188	1.36481258e-207	
5.2	1.20127992e-08	1.44147088e-04	3.99110196e-02	4.74455564e-01	4.40408131e-01	4.42841768e-02	7.96466865e-04	4.81142912e-07	8.71509475e-10	9.15375934e-22	4.06035719e-36	6.74557797e-53	2.56056456e-72	1.75797751e-92	8.59360949e-113	6.54222836e-133	1.89694689e-152	4.15692648e-172	7.26623610e-192	
5.3	1.33066939e-09	2.13380754e-05	9.17700171e-03	2.21263556e-01	5.54458198e-01	1.98467922e-01	1.65315503e-02	7.88114006e-05	1.62091425e-06	1.18670018e-15	8.51091176e-27	5.53238780e-40	2.80915879e-55	8.84593491e-73	2.00976042e-92	1.69878148e-112	5.79666243e-132	1.48180230e-151	3.00251115e-171	
5.4	9.87999836e-11	2.16155503e-06	1.42509798e-03	6.50659266e-02	3.90407909e-01	4.13904862e-01	1.25339969e-01	3.35290448e-03	5.01169722e-04	6.56453314e-11	1.70178072e-19	8.20363971e-30	8.19547972e-42	1.18498649e-55	2.89540815e-71	6.32605276e-89	1.35458497e-107	4.04381486e-127	9.50622461e-147	
5.5	4.59120478e-12	1.39055269e-07	1.38226196e-04	1.13038630e-02	1.47692138e-01	4.01450865e-01	3.65801764e-01	4.21778001e-02	3.14349567e-02	2.47296428e-07	7.04609784e-14	6.77322949e-22	2.92521402e-31	3.59157167e-42	1.48145381e-54	1.41561175e-68	2.47018981e-83	8.62144239e-103	2.35346338e-122	
5.6	1.00482056e-13	4.24632508e-09	6.25920555e-06	8.76272822e-04	2.30875852e-02	1.43632127e-01	3.39749167e-01	1.38281522e-01	3.54296259e-01	7.08028930e-05	8.63452096e-10	5.86927534e-16	3.29584225e-23	9.08895851e-32	1.46740761e-41	1.17972857e-52	2.78980511e-64	1.13973335e-83	3.61626097e-103	
5.7	9.49427765e-16	5.62588880e-11	1.21706112e-07	2.81022293e-05	1.40274296e-03	1.82574205e-02	9.99359833e-02	1.23386312e-01	7.55040284e-01	1.94855150e-03	4.81425140e-07	1.01888593e-11	2.86159934e-17	6.20760219e-24	1.23526854e-31	2.26108456e-40	1.74240582e-49	8.34245820e-69	3.07984118e-88	
5.8	9.18213654e-18	7.65248195e-13	2.41896093e-09	8.92640284e-07	8.02325029e-05	2.03409199e-03	2.35466092e-02	7.80577809e-02	8.79187673e-01	1.70459954e-02	4.67056541e-05	1.59386529e-08	1.04188401e-12	7.72012970e-18	7.57547108e-24	1.11719117e-30	9.04026669e-38	5.07937223e-57	2.18429104e-76	
5.9	1.16919907e-19	1.37141258e-14	6.31119991e-11	3.62220396e-08	5.62005686e-06	2.62036878e-04	5.96961875e-03	4.76872814e-02	8.63001210e-01	8.15551861e-02	1.51415618e-03	4.85018770e-06	3.96114403e-09	5.11373457e-13	1.19325263e-17	6.17782077e-23	2.13405422e-28	1.40903517e-47	7.06669395e-67	
6	1.76498220e-21	2.90970265e-16	1.93759552e-12	1.68851160e-09	4.36138566e-07	3.56602155e-05	1.50613147e-03	2.62221957e-02	7.14911245e-01	2.36872307e-01	2.00646473e-02	3.85017473e-04	2.35517329e-06	3.05125212e-09	9.43776921e-13	8.76359597e-17	6.31808112e-21	4.90942096e-40	2.87537833e-59	
6.1	2.67473120e-23	6.17790339e-18	5.90524212e-14	7.64838256e-11	3.18577209e-08	4.38526938e-06	3.26086236e-04	1.12899615e-02	4.49135943e-01	4.11881652e-01	1.17660345e-01	9.41388460e-03	2.85343366e-04	2.36076351e-06	6.03958461e-09	5.81071007e-12	4.94960637e-15	4.17504314e-32	6.99029262e-51	
6.2	3.44180706e-25	1.10745960e-19	1.50409480e-15	2.84191136e-12	1.85530050e-09	4.14874158e-07	5.19023933e-05	3.29858689e-03	1.88478584e-01	4.05786660e-01	3.13923386e-01	7.94568192e-02	8.67956967e-03	3.19430471e-04	4.61585540e-06	2.94105572e-08	1.88232291e-10	5.18797508e-24	5.02373499e-39	
6.3	3.31717509e-27	1.47545364e-21	2.81590569e-17	7.63840751e-14	7.61811867e-11	2.68127918e-08	5.42339185e-06	5.91600957e-04	4.82135120e-02	2.17115826e-01	3.89130142e-01	2.55036202e-01	7.94514691e-02	9.84614321e-03	5.91607255e-04	1.74616041e-05	5.85650608e-07	1.05856364e-17	1.05619933e-29	
6.4	2.21413070e-29	1.35021641e-23	3.58661455e-19	1.37749098e-15	2.05172036e-12	1.10520760e-09	3.49131982e-07	6.19094838e-05	7.17910226e-03	6.21981140e-02	2.30864821e-01	3.39514426e-01	2.54835711e-01	8.64064239e-02	1.69505887e-02	1.75679473e-03	2.31759196e-04	7.67063336e-13	2.00314534e-22	
6.5	9.28369665e-32	7.70421781e-26	2.82901389e-21	1.51982661e-17	3.31394753e-14	2.66607051e-11	1.27674720e-08	3.52477405e-06	5.81361268e-04	9.10017083e-03	6.44109380e-02	1.91647955e-01	3.06646628e-01	2.44096633e-01	1.29555336e-01	3.82073743e-02	1.57500621e-02	3.46351297e-09	7.97075958e-17	
6.6	1.92156025e-34	2.15593129e-28	1.08897359e-23	8.09676230e-20	2.53974999e-16	2.98772766e-13	2.11499079e-10	8.78638252e-08	2.06077863e-05	5.54912170e-04	7.03352473e-03	3.92066358e-02	1.22121916e-01	2.03729107e-01	2.53099442e-01	1.81141315e-01	1.93091193e-01	1.25873689e-06	1.07524223e-12	
6.7	2.03232834e-37	3.06536320e-31	2.11938923e-26	2.16077609e-22	9.60145982e-19	1.62199977e-15	1.66150325e-12	1.01122218e-09	3.36841581e-07	1.49923653e-05	3.23727846e-04	3.18610589e-03	1.80259510e-02	5.78451374e-02	1.50358518e-01	2.30886698e-01	5.39303883e-01	5.46472820e-05	8.72028520e-10	
6.8	2.11667005e-40	4.27057262e-34	4.02221835e-29	5.57754963e-25	3.46404800e-21	8.27508109e-18	1.20499532e-14	1.05216019e-11	4.96630300e-09	3.53393149e-07	1.24749209e-05	2.06579600e-04	2.00989515e-03	1.16119264e-02	5.77961494e-02	1.72381001e-01	7.55274806e-01	7.06686556e-04	1.22188839e-07	
6.9	3.14782921e-43	8.45555244e-37	1.07957921e-31	2.02163866e-27	1.73486934e-23	5.78449459e-20	1.18005895e-16	1.45458416e-13	9.70138949e-11	1.07287244e-08	5.98599636e-07	1.60316455e-05	2.56504834e-04	2.53047438e-03	2.24320652e-02	1.19504033e-01	8.50442190e-01	4.81223943e-03	5.85249710e-06	
7	6.96136140e-46	2.47790955e-39	4.26613670e-34	1.07201182e-29	1.25864720e-25	5.79359439e-22	1.63622864e-18	2.81158503e-15	2.64029323e-12	4.42646129e-10	3.79663825e-08	1.59245520e-06	4.03978321e-05	6.51849221e-04	9.68336913e-03	8.57679374e-02	8.82253628e-01	2.14707533e-02	1.30434149e-04	
7.1	2.12353431e-48	9.97190267e-42	2.30178262e-36	7.71656913e-32	1.22902042e-27	7.73708519e-24	2.99565241e-20	7.10417362e-17	9.35062767e-14	2.32508111e-11	2.99538588e-09	1.91661859e-07	7.48237008e-06	1.90682782e-04	4.51231470e-03	6.25878047e-02	8.62075132e-01	6.90283645e-02	1.59802403e-03	
7.2	8.00417392e-51	4.93854252e-44	1.51979356e-38	6.76063975e-34	1.44971953e-29	1.23807215e-25	6.51773486e-22	2.11583219e-18	3.88245462e-15	1.40492759e-12	2.66452120e-10	2.54361798e-08	1.49097219e-06	5.83139893e-05	2.10964940e-03	4.37161107e-02	7.75643729e-01	1.66612500e-01	1.18581803e-02	
7.3	3.32067017e-53	2.68230345e-46	1.09500460e-40	6.43096898e-36	1.84409883e-31	2.12121211e-27	1.50763438e-23	6.65294882e-20	1.69188221e-16	8.76342250e-14	2.40437365e-11	3.35882370e-09	2.89482631e-07	1.69620914e-05	9.08025184e-04	2.71517348e-02	6.12666358e-01	3.03295744e-01	5.59608830e-02	
7.4	1.37200949e-55	1.44638470e-48	7.79838491e-43	6.01910870e-38	2.29372422e-33	3.53085682e-29	3.36700731e-25	2.00733730e-21	7.03053040e-18	5.13475548e-15	2.00704504e-12	4.03426412e-10	5.02127666e-08	4.31755407e-06	3.33348512e-04	1.40382701e-02	4.03312462e-01	4.10842689e-01	1.71468862e-01	
7.5	5.38452853e-58	7.38856611e-51	5.24120859e-45	5.29492813e-40	2.66624487e-35	5.46026612e-31	6.94689368e-27	5.56416761e-23	2.66730129e-19	2.71056713e-16	1.48910559e-13	4.24311716e-11	7.50970212e-09	9.30872576e-07	1.01621200e-04	5.92900481e-03	2.18407973e-01	4.20202951e-01	3.55357511e-01	
7.6	2.06150469e-60	3.67378057e-53	3.41730782e-47	4.50264572e-42	2.98082957e-37	8.07775466e-33	1.36411236e-28	1.46023956e-24	9.52378683e-21	1.33119770e-17	1.01592358e-14	4.05070659e-12	1.00579639e-09	1.76980761e-07	2.69030093e-05	2.15100324e-03	1.02467402e-01	3.48615141e-01	5.46739373e-01	
7.7	8.17774200e-63	1.88919632e-55	2.29739489e-49	3.93582148e-44	3.41032850e-39	1.21705895e-34	2.71542987e-30	3.86574658e-26	3.41119541e-22	6.49276091e-19	6.81540398e-16	3.76080728e-13	1.29507206e-10	3.19205303e-08	6.67565694e-06	7.25972275e-04	4.50703299e-02	2.57362366e-01	6.96834624e-01	
7.8	3.51939528e-65	1.05238874e-57	1.66813479e-51	3.70591624e-46	4.18665339e-41	1.95943752e-36	5.75216500e-32	1.08405952e-27	1.28739585e-23	3.30819270e-20	4.73648201e-17	3.58377786e-14	1.69486505e-11	5.78529601e-09	1.64890239e-06	2.42557185e-04	1.97429239e-02	1.81223146e-01	7.98789718e-01	
7.9	1.67673211e-67	6.48207445e-60	1.33548448e-53	3.83852700e-48	5.63508957e-43	3.44625554e-38	1.32632864e-33	3.29517685e-29	5.24011669e-25	1.80531505e-21	3.49967959e-18	3.60212534e-15	2.32026185e-12	1.08635971e-09	4.18834758e-07	8.29733833e-05	8.88982921e-03	1.26483002e-01	8.64543776e-01	
8	8.87771452e-70	4.43285503e-62	1.18398695e-55	4.39392741e-50	8.35827578e-45	6.65895576e-40	3.34923188e-35	1.09283576e-30	2.31620658e-26	1.06384735e-22	2.77411948e-19	3.85677818e-16	3.35918632e-13	2.13961496e-10	1.10914948e-07	2.94804959e-05	4.16680779e-03	8.90605924e-02	9.06743008e-01	
