4	4.25230392e-01	5.74769607e-01	1.05935046e-10	1.98442305e-27	1.94231369e-46	1.07495445e-65	
4.1	9.68907217e-02	9.03109236e-01	4.18043114e-08	8.89873824e-21	1.01472567e-39	6.50565261e-59	
4.2	3.15989580e-02	9.68397528e-01	3.51433160e-06	1.32310206e-15	1.75931088e-34	1.30767809e-53	
4.3	1.55861334e-02	9.84294044e-01	1.19822945e-04	1.82095709e-11	2.82607670e-30	2.43736563e-49	
4.4	9.14960780e-03	9.88739292e-01	2.11106045e-03	4.00486350e-08	7.26151501e-27	7.27338517e-46	
4.5	5.58529220e-03	9.72449166e-01	2.19450851e-02	2.04565084e-05	4.33777399e-24	5.05087701e-43	
4.6	3.10947584e-03	8.56835327e-01	1.37063020e-01	2.99217667e-03	7.42818440e-22	1.00652632e-40	
4.7	1.11677233e-03	4.84811426e-01	4.00497027e-01	1.13574774e-01	3.30467600e-20	5.21680022e-39	
4.8	1.22417043e-04	8.36308004e-02	2.77302561e-01	6.38944221e-01	2.18165753e-19	4.01723803e-38	
4.9	6.12351129e-06	6.57477136e-03	7.15782519e-02	9.21840853e-01	1.42335882e-15	3.06126321e-34	
5	3.58671888e-07	6.03642103e-04	1.83735812e-02	9.81022418e-01	4.86267753e-12	4.88485415e-28	
5.1	2.90386991e-08	7.62429893e-05	5.70414653e-03	9.94219578e-01	3.19358149e-09	1.42050756e-21	
5.2	3.14742503e-09	1.28054117e-05	2.12426903e-03	9.97862339e-01	5.83362464e-07	2.16626598e-16	
5.3	4.36003619e-10	2.72585331e-06	9.23048838e-04	9.99035417e-01	3.88083152e-05	3.19796362e-12	
5.4	7.51296018e-11	7.14426951e-07	4.62049351e-04	9.98380427e-01	1.15680156e-03	7.38483588e-09	
5.5	1.62558826e-11	2.32448806e-07	2.71983970e-04	9.81966675e-01	1.77573021e-02	3.80649282e-06	
5.6	4.25956887e-12	9.04920208e-08	1.83236462e-04	8.60629940e-01	1.38673074e-01	5.13658759e-04	
5.7	1.05095263e-12	3.27790016e-08	1.10658011e-04	5.33122114e-01	4.49793530e-01	1.69736659e-02	
5.8	2.05526705e-13	9.29631550e-09	5.06302858e-05	2.24680928e-01	6.18992697e-01	1.56275736e-01	
5.9	2.86665629e-14	1.85751349e-09	1.58276471e-05	6.51741086e-02	4.23333858e-01	5.11476204e-01	
6	2.94921326e-15	2.70849628e-10	3.51264521e-06	1.41957814e-02	1.81684696e-01	8.04116010e-01	
6.1	2.92754115e-16	3.77489440e-11	7.27400220e-07	3.07892577e-03	7.06894361e-02	9.26230911e-01	
6.2	3.21112857e-17	5.76464578e-12	1.61493131e-07	7.58791560e-04	2.96253142e-02	9.69615733e-01	
6.3	3.96627682e-18	9.84547549e-13	3.93724958e-08	2.15598870e-04	1.38121912e-02	9.85972171e-01	
6.4	5.44156279e-19	1.85954467e-13	1.04616733e-08	6.94073325e-05	7.10134932e-03	9.92829233e-01	
6.5	8.18240273e-20	3.83821989e-14	3.00022357e-09	2.48220477e-05	3.96158104e-03	9.96013594e-01	
6.6	1.33692919e-20	8.58792821e-15	9.21490520e-10	9.71131145e-06	2.36404963e-03	9.97626238e-01	
6.7	2.35251893e-21	2.06345303e-15	3.00629084e-10	4.09868862e-06	1.49058443e-03	9.98505317e-01	
6.8	4.41747697e-22	5.27215859e-16	1.03345185e-10	1.84139521e-06	9.82307735e-04	9.99015851e-01	
6.9	8.80799711e-23	1.42470253e-16	3.72990558e-11	8.73048365e-07	6.71648838e-04	9.99327478e-01	
7	1.85389812e-23	4.04690383e-17	1.40679947e-11	4.33581214e-07	4.73371833e-04	9.99526195e-01	
7.1	4.08561334e-24	1.19842061e-17	5.50641339e-12	2.23699608e-07	3.41722432e-04	9.99658054e-01	
7.2	9.36282577e-25	3.67530878e-18	2.22356131e-12	1.19121810e-07	2.51423778e-04	9.99748457e-01	
7.3	2.22370646e-25	1.16379618e-18	9.23339296e-13	6.52351806e-08	1.88147394e-04	9.99811787e-01	
7.4	5.44906515e-26	3.78942009e-19	3.92602274e-13	3.65735839e-08	1.42898114e-04	9.99857065e-01	
7.5	1.37031057e-26	1.26244608e-19	1.70115746e-13	2.08826956e-08	1.09877376e-04	9.99890102e-01	
7.6	3.52316626e-27	4.28839229e-20	7.48894279e-14	1.20954965e-08	8.53250982e-05	9.99914663e-01	
7.7	9.23624145e-28	1.48164306e-20	3.34281698e-14	7.08821691e-09	6.67532359e-05	9.99933240e-01	
7.8	2.46229709e-28	5.19239221e-21	1.50942699e-14	4.19179652e-09	5.24655697e-05	9.99947530e-01	
7.9	6.65913191e-29	1.84108673e-21	6.88020455e-15	2.49628886e-09	4.13301226e-05	9.99958667e-01	
8	1.82448127e-29	6.59609928e-22	3.16268156e-15	1.49577208e-09	3.26032574e-05	9.99967395e-01	
