4	9.57746030e-01	4.22538580e-02	1.12284396e-07	2.11031937e-26	1.93943569e-45	
4.1	7.85146998e-01	2.14794039e-01	5.89624382e-05	1.29277794e-23	1.37845880e-42	
4.2	4.38676010e-01	5.54884645e-01	6.43934547e-03	1.64855685e-21	2.04132137e-40	
4.3	1.46820686e-01	6.87420767e-01	1.65758547e-01	4.95978656e-20	7.13890013e-39	
4.4	1.75266269e-02	2.55372538e-01	7.27100835e-01	2.54530089e-19	4.26307142e-38	
4.5	1.12642358e-03	4.45294604e-02	9.54344116e-01	3.91262542e-19	7.63410804e-38	
4.6	9.15404073e-05	8.79862311e-03	9.91109836e-01	5.16740266e-18	1.17598926e-36	
4.7	1.05006256e-05	2.24581728e-03	9.97743682e-01	6.95615792e-14	1.84893559e-32	
4.8	1.62164779e-06	7.17670358e-04	9.99280708e-01	1.39805746e-10	2.09273703e-26	
4.9	3.19518527e-07	2.75443135e-04	9.99724175e-01	6.22190581e-08	4.60999356e-20	
5	7.68439674e-08	1.22611738e-04	9.99868945e-01	8.36615483e-06	5.64397989e-15	
5.1	2.18155832e-08	6.16659491e-05	9.99503689e-01	4.34623079e-04	6.95597958e-11	
5.2	7.17602151e-09	3.45946839e-05	9.89478421e-01	1.04868408e-02	1.36797948e-07	
5.3	2.57347397e-09	2.04593654e-05	8.77599077e-01	1.22324798e-01	5.56634143e-05	
5.4	7.44523221e-10	9.47255222e-06	4.84078663e-01	5.11771539e-01	4.14032506e-03	
5.5	1.68717576e-10	3.34417812e-06	1.65907895e-01	7.69270982e-01	6.48177784e-02	
5.6	3.59620935e-11	1.08358985e-06	4.81102148e-02	6.04727870e-01	3.47160832e-01	
5.7	5.71382616e-12	2.55912725e-07	1.03517331e-02	2.60813499e-01	7.28834512e-01	
5.8	7.84395851e-13	5.11878951e-08	1.99828159e-03	8.73574788e-02	9.10644188e-01	
5.9	1.15235795e-13	1.07688130e-08	4.32293346e-04	3.07752641e-02	9.68792432e-01	
6	1.89489002e-14	2.50028811e-09	1.09300396e-04	1.22878763e-02	9.87602821e-01	
6.1	3.45636888e-15	6.36960387e-10	3.17854662e-05	5.54281261e-03	9.94425401e-01	
6.2	6.89047938e-16	1.75849104e-10	1.03907964e-05	2.77490366e-03	9.97214705e-01	
6.3	1.48141230e-16	5.20048771e-11	3.74263450e-06	1.51330313e-03	9.98482954e-01	
6.4	3.39750961e-17	1.63254732e-11	1.46196422e-06	8.84831264e-04	9.99113707e-01	
6.5	8.25186708e-18	5.40778874e-12	6.11854434e-07	5.47896451e-04	9.99451492e-01	
6.6	2.11160480e-18	1.88192635e-12	2.71713146e-07	3.55731239e-04	9.99643997e-01	
6.7	5.66715044e-19	6.84925896e-13	1.27022437e-07	2.40226074e-04	9.99759647e-01	
6.8	1.58832687e-19	2.59465123e-13	6.20810804e-08	1.67637309e-04	9.99832301e-01	
6.9	4.62694315e-20	1.01802550e-13	3.15193334e-08	1.20206443e-04	9.99879762e-01	
7	1.39413575e-20	4.11656280e-14	1.65253714e-08	8.81220315e-05	9.99911861e-01	
7.1	4.32613468e-21	1.70796875e-14	8.90078799e-09	6.57634052e-05	9.99934228e-01	
7.2	1.37736335e-21	7.24340232e-15	4.90231048e-09	4.97795870e-05	9.99950216e-01	
7.3	4.48486672e-22	3.13045393e-15	2.74977039e-09	3.81033067e-05	9.99961894e-01	
7.4	1.48902431e-22	1.37500800e-15	1.56550250e-09	2.94134405e-05	9.99970585e-01	
7.5	5.02749630e-23	6.12383040e-16	9.02228281e-10	2.28492689e-05	9.99977150e-01	
7.6	1.72250862e-23	2.76027609e-16	5.25339273e-10	1.78355280e-05	9.99982164e-01	
7.7	5.97800512e-24	1.25727312e-16	3.08602505e-10	1.39729312e-05	9.99986027e-01	
7.8	2.09887465e-24	5.78015581e-17	1.82697362e-10	1.09781055e-05	9.99989022e-01	
7.9	7.44901283e-25	2.67946997e-17	1.08910478e-10	8.64545548e-06	9.99991354e-01	
8	2.66966839e-25	1.25114318e-17	6.53170913e-11	6.82156271e-06	9.99993178e-01	
