4	9.67612844e-01	3.23871563e-02	1.16155421e-11	4.69646904e-31	5.42002004e-50	3.19215277e-69	1.16765714e-88	
4.1	6.28411140e-01	3.71588804e-01	5.66956957e-08	3.30108652e-25	4.48566557e-44	3.07384744e-63	1.30087919e-82	
4.2	1.61287319e-01	8.38696760e-01	1.59206422e-05	9.27748787e-19	3.02129779e-37	2.41115502e-56	1.18148120e-75	
4.3	4.30277375e-02	9.56206542e-01	7.65720286e-04	5.76922483e-14	4.10830728e-28	3.82189451e-47	2.17001443e-66	
4.4	1.71340164e-02	9.70587294e-01	1.22786890e-02	2.47349606e-10	5.22969477e-21	5.67674404e-40	3.73784769e-59	
4.5	7.99856519e-03	9.05572710e-01	8.64285787e-02	1.45956132e-07	1.87557161e-15	2.37790378e-34	1.81733013e-53	
4.6	3.34911032e-03	6.83963323e-01	3.12668901e-01	1.86653566e-05	4.13368886e-11	6.12752385e-30	5.44059440e-49	
4.7	1.07254527e-03	3.75875667e-01	6.22373193e-01	6.78499804e-04	9.51150727e-08	1.65026334e-26	1.70399894e-45	
4.8	2.84481108e-04	1.66126794e-01	8.23749911e-01	9.79959493e-03	3.92190109e-05	7.97358018e-24	9.58508161e-43	
4.9	6.95265061e-05	6.63222862e-02	8.55142512e-01	7.39782350e-02	4.48744035e-03	1.07037250e-21	1.49972817e-40	
5	1.24658698e-05	1.91407147e-02	5.73815754e-01	2.61649274e-01	1.45381791e-01	6.02981918e-20	9.85987952e-39	
5.1	6.96711867e-07	1.70173123e-03	1.08511947e-01	2.01836085e-01	6.87949540e-01	4.36085470e-15	8.33359712e-34	
5.2	2.03788437e-08	7.83713252e-05	9.88759831e-03	6.11284576e-02	9.28905552e-01	1.31439039e-11	2.85189640e-26	
5.3	7.58715437e-10	4.54985122e-06	1.07013504e-03	1.86601082e-02	9.80265199e-01	6.71780027e-09	3.06401361e-20	
5.4	4.01927984e-11	3.72273472e-07	1.55579991e-04	6.70402357e-03	9.93139045e-01	9.79207253e-07	2.05947975e-15	
5.5	2.91970564e-12	4.13617624e-08	2.94992852e-05	2.82176079e-03	9.97094784e-01	5.39143357e-05	1.56691758e-11	
5.6	2.82624737e-13	6.06212478e-09	7.12216186e-06	1.38549313e-03	9.97237651e-01	1.36970631e-03	2.11203779e-08	
5.7	3.67804302e-14	1.18222371e-09	2.21338449e-06	8.14395083e-04	9.80912520e-01	1.82638856e-02	6.98494844e-06	
5.8	6.15208024e-15	2.93273443e-10	8.51086693e-07	5.56817188e-04	8.71331207e-01	1.27450007e-01	6.61117210e-04	
5.9	1.04065603e-15	7.28184570e-11	3.20453550e-07	3.53108131e-04	5.78613986e-01	4.03448331e-01	1.75842541e-02	
6	1.44865637e-16	1.47280655e-11	9.66326532e-08	1.70800962e-04	2.67684092e-01	5.85500783e-01	1.46644228e-01	
6.1	1.48888245e-17	2.17780776e-12	2.09823737e-08	5.69395415e-05	8.59044634e-02	4.42503685e-01	4.71534891e-01	
6.2	1.17730359e-18	2.45451818e-13	3.42075814e-09	1.37192269e-05	2.08710461e-02	2.14134269e-01	7.64980962e-01	
6.3	9.00910613e-20	2.65367146e-14	5.26944846e-10	3.02762702e-06	4.90317244e-03	9.11965077e-02	9.03897292e-01	
6.4	7.58222437e-21	3.12948248e-15	8.73204963e-11	7.01827118e-07	1.27175994e-03	4.05107165e-02	9.58216822e-01	
6.5	7.17164560e-22	4.11658371e-16	1.59714380e-11	1.76495792e-07	3.73192882e-04	1.95984196e-02	9.80028211e-01	
6.6	7.54169520e-23	5.97898188e-17	3.19972104e-12	4.80371413e-08	1.22585324e-04	1.03205792e-02	9.89556787e-01	
6.7	8.68287139e-24	9.44706833e-18	6.93131302e-13	1.40230582e-08	4.43348327e-05	5.84887254e-03	9.94106779e-01	
6.8	1.08160041e-24	1.60531939e-18	1.60621931e-13	4.35539867e-09	1.74012385e-05	3.52524118e-03	9.96457353e-01	
6.9	1.44570972e-25	2.91030136e-19	3.94929690e-14	1.42957960e-09	7.32471779e-06	2.23712670e-03	9.97755547e-01	
7	2.06092243e-26	5.59669258e-20	1.02369848e-14	4.93086836e-10	3.27410597e-06	1.48191244e-03	9.98514813e-01	
7.1	3.11678584e-27	1.13605422e-20	2.78358112e-15	1.77894929e-10	1.54172773e-06	1.01746725e-03	9.98980991e-01	
7.2	4.97178381e-28	2.42073726e-21	7.90308594e-16	6.68266907e-11	7.59332836e-07	7.19818313e-04	9.99279422e-01	
7.3	8.31564281e-29	5.38411149e-22	2.33177216e-16	2.60149489e-11	3.88542361e-07	5.21947335e-04	9.99477664e-01	
7.4	1.44997334e-29	1.24322175e-22	7.11601022e-17	1.04467369e-11	2.05293452e-07	3.86093093e-04	9.99613702e-01	
7.5	2.62152652e-30	2.96532341e-23	2.23621083e-17	4.30886000e-12	1.11412969e-07	2.90206709e-04	9.99709682e-01	
7.6	4.88972920e-31	7.27210880e-24	7.20551434e-18	1.81809970e-12	6.18149190e-08	2.20918820e-04	9.99779019e-01	
7.7	9.36741915e-32	1.82616420e-24	2.37095230e-18	7.81755295e-13	3.49159026e-08	1.69833261e-04	9.99830132e-01	
7.8	1.83625258e-32	4.67983769e-25	7.93996987e-19	3.41460851e-13	2.00095793e-08	1.31521841e-04	9.99868458e-01	
7.9	3.67257723e-33	1.22062651e-25	2.69932843e-19	1.51148688e-13	1.16050827e-08	1.02418986e-04	9.99897569e-01	
8	7.47668135e-34	3.23324303e-26	9.29761663e-20	6.76798607e-14	6.79857612e-09	8.00937251e-05	9.99919899e-01	
