4	1.35434997e-01	8.59042343e-01	5.52265959e-03	1.39461101e-21	1.96978956e-40	1.84092482e-59	2.40910186e-80	5.88238620e-101	9.55052207e-122	8.86482765e-142	1.33666075e-161	1.26069148e-181	2.31534929e-202	6.45517685e-223	1.42026219e-243	4.23641447e-264	6.94980661e-285	1.00000000e-300	1.00000000e-300	1.00000000e-300	1.00000000e-300	
4.1	3.98110292e-02	8.41574206e-01	1.18614765e-01	9.18106559e-19	1.55188590e-37	1.75985101e-56	3.04358753e-77	8.51310293e-98	1.52036528e-118	1.55104969e-138	2.72662655e-158	2.97112002e-178	6.50166970e-199	1.83134792e-219	4.44627109e-240	1.36416302e-260	2.23225620e-281	1.00000000e-300	1.00000000e-300	1.00000000e-300	1.00000000e-300	
4.2	6.10762105e-03	3.65631330e-01	6.28261049e-01	1.00407434e-13	2.30397943e-32	3.17025033e-51	7.16936532e-72	2.28041227e-92	4.39660263e-113	4.72562930e-133	9.70271413e-153	1.22856334e-172	3.27034334e-193	9.51499936e-214	2.58869283e-234	8.23897068e-255	1.40014491e-275	2.25618397e-296	1.00000000e-300	1.00000000e-300	1.00000000e-300	
4.3	4.74465995e-04	7.05845019e-02	9.28941032e-01	4.23795729e-10	3.44284618e-24	5.74729180e-43	1.68637727e-63	5.95863552e-84	1.23687297e-104	1.34393047e-124	3.22861525e-144	4.77059587e-164	1.56930077e-184	4.83607274e-205	1.49553688e-225	5.03430812e-246	9.12653844e-267	1.59370422e-287	1.00000000e-300	1.00000000e-300	1.00000000e-300	
4.4	4.25461265e-05	1.41664373e-02	9.85790750e-01	2.66444735e-07	9.57454801e-18	4.58723540e-32	1.74085987e-52	6.66115622e-73	1.50601651e-93	1.58537400e-113	4.46411947e-133	7.72023787e-153	3.17125822e-173	1.05673383e-193	3.73619375e-214	1.35553023e-234	2.66182207e-255	5.20858647e-276	3.34574344e-296	1.00000000e-300	1.00000000e-300	
4.5	5.50350314e-06	3.77351730e-03	9.96176449e-01	4.45301566e-05	1.29621198e-12	2.50682893e-23	5.85515801e-40	6.90468386e-60	1.72275560e-80	1.68423710e-100	5.56820454e-120	1.12990705e-139	5.82994283e-160	2.13451721e-180	8.59240723e-201	3.38864087e-221	7.28465819e-242	1.64143186e-262	1.22175799e-282	1.00000000e-300	1.00000000e-300	
4.6	1.14968078e-06	1.51744472e-03	9.96329085e-01	2.15231021e-03	1.00416030e-08	1.02799500e-16	1.27059003e-29	2.65293431e-45	1.07372116e-63	9.35810729e-84	3.63859687e-103	8.68760982e-123	5.64702544e-143	2.30575535e-163	1.04787533e-183	4.47806143e-204	1.06590310e-224	2.81223856e-245	2.42964272e-265	1.67868361e-285	1.00000000e-300	
4.7	4.26290218e-07	1.02834559e-03	9.74799330e-01	2.41685409e-02	3.35684639e-06	2.75093668e-12	3.20652193e-22	1.63785136e-34	5.44375464e-49	1.14074709e-67	5.22494738e-87	1.47230140e-106	1.20757648e-126	5.58988138e-147	2.85571020e-167	1.31365270e-187	3.50342889e-208	1.08489138e-228	1.08977466e-248	8.71868555e-269	5.81222454e-289	
4.8	2.22766484e-07	9.43221516e-04	9.00697170e-01	9.82189806e-02	1.40402152e-04	2.89132249e-09	7.59352620e-17	1.92036011e-26	8.19328394e-38	1.28685697e-52	1.01938030e-68	3.39571581e-88	3.51722175e-108	1.87722322e-128	1.08270316e-148	5.35996972e-169	1.61450707e-189	5.80638885e-210	6.79287773e-230	6.29979294e-250	4.84729961e-270	
4.9	1.17251730e-07	8.42347271e-04	7.49232905e-01	2.47743473e-01	2.18057715e-03	5.80996871e-07	1.04683093e-12	3.59037879e-20	4.48469318e-29	8.43581353e-41	2.60919494e-53	1.02347057e-72	1.33558992e-92	8.31449085e-113	5.47027570e-133	2.94004424e-153	1.00151732e-173	4.11777632e-194	5.62009522e-214	6.04831599e-234	5.37503865e-254	
5	5.19184914e-08	6.16036983e-04	5.33959897e-01	4.47713003e-01	1.76726113e-02	3.83976224e-05	1.86632180e-09	3.11348109e-15	3.56887370e-22	1.93110759e-31	4.50512661e-41	2.04888377e-60	3.32701198e-80	2.41168214e-100	1.82495811e-120	1.07679851e-140	4.13382155e-161	1.91977892e-181	3.06197044e-201	3.82798462e-221	3.93176351e-241	
5.1	1.82337973e-08	3.48636095e-04	3.16558461e-01	5.98147559e-01	8.38990544e-02	1.04558295e-03	6.88672015e-07	2.54987796e-11	1.09029048e-16	5.59230456e-24	2.66345077e-31	1.36513012e-50	2.67478519e-70	2.21791656e-90	1.92509097e-110	1.25170092e-130	5.39370490e-151	2.81655608e-171	5.25867357e-191	7.64506547e-211	9.08183977e-231	
5.2	4.92637745e-09	1.48554132e-04	1.51280377e-01	5.89728905e-01	2.45452415e-01	1.33176774e-02	7.20328709e-05	3.27834516e-08	2.60639018e-12	5.32011994e-18	1.83001050e-23	2.71649741e-41	6.12278813e-61	5.66238001e-81	5.54977507e-101	3.94701194e-121	1.90447816e-141	1.12080871e-161	2.45380264e-181	4.15277947e-201	5.70981055e-221	
5.3	9.77281080e-10	4.56536028e-05	5.51673973e-02	4.14121390e-01	4.43760387e-01	8.43152408e-02	2.58070078e-03	9.22177828e-06	7.94665618e-09	3.26324813e-13	3.54858051e-17	4.68559616e-31	4.82624698e-47	2.41701963e-65	2.62244918e-85	2.01613646e-105	1.08830340e-125	7.27135298e-146	1.86991539e-165	3.68790507e-185	5.87330202e-205	
5.4	1.33410388e-10	9.56124155e-06	1.43268231e-02	1.96098343e-01	4.83153435e-01	2.70428364e-01	3.52787995e-02	7.00376969e-04	4.29508044e-06	2.07358942e-09	3.70328871e-12	6.83918158e-23	2.18394451e-35	7.98498179e-50	3.47196146e-66	1.90942885e-84	1.15443098e-104	8.85714163e-125	2.68013267e-144	6.16656888e-164	1.13844279e-183	
5.5	1.15607456e-11	1.26385765e-06	2.42755853e-03	5.79571786e-02	2.99928393e-01	4.30657752e-01	1.92325205e-01	1.61924123e-02	5.08310857e-04	1.89314467e-06	3.31764957e-08	1.95907609e-16	3.81547092e-26	1.71864797e-37	2.17612906e-50	7.15292255e-65	5.58896101e-81	5.25940525e-99	6.66916625e-118	1.79213625e-137	3.83857832e-157	
5.6	5.89553427e-13	9.74526583e-08	2.45969771e-04	9.87553704e-03	9.97665632e-02	3.28838292e-01	4.23473247e-01	1.22263242e-01	1.51860287e-02	3.15248411e-04	3.57742457e-05	2.06508761e-11	6.78154152e-19	9.19962069e-28	6.94566010e-38	2.42037442e-49	3.77853662e-62	1.72996855e-76	1.80892780e-91	5.68369792e-111	1.41368992e-130	
5.7	1.70644247e-14	4.20893022e-09	1.42173732e-05	9.31534146e-04	1.73060573e-02	1.19658726e-01	3.88323818e-01	3.25199382e-01	1.30788206e-01	1.18543982e-02	5.92352714e-03	1.29211998e-07	2.56269500e-13	3.41562446e-20	4.37543114e-28	4.12127717e-37	2.87908473e-47	1.20600753e-58	1.72505793e-70	6.34515734e-90	1.83445962e-109	
5.8	2.35809982e-16	8.55418385e-11	3.91564507e-07	4.08196243e-05	1.32837932e-03	1.79017533e-02	1.31627161e-01	2.80377113e-01	3.12725963e-01	1.02820357e-01	1.53119165e-01	5.88935696e-05	3.08320957e-09	1.65061809e-14	1.31472332e-20	1.13032007e-27	1.08338228e-35	1.10330065e-44	5.18103446e-54	2.23372443e-73	7.51437942e-93	
5.9	1.15883069e-18	6.12233153e-13	3.82601076e-09	6.20463994e-07	3.39846856e-05	8.40826778e-04	1.28706442e-02	6.28690634e-02	1.72409896e-01	1.76663449e-01	5.72216164e-01	2.09387083e-03	1.47674672e-06	1.54519750e-10	3.40342438e-15	1.11965493e-20	5.77362233e-27	4.98410870e-34	2.47205979e-41	1.25088415e-60	4.90192939e-80	
6	4.14521392e-21	3.17166678e-15	2.71469528e-11	6.71065741e-09	5.98197966e-07	2.58759711e-05	7.70528319e-04	7.94313533e-03	4.86115788e-02	1.35322356e-01	7.90448757e-01	1.67847579e-02	9.23009406e-05	1.04679599e-07	3.28901767e-11	2.04973840e-15	2.69697070e-20	8.49549101e-26	1.80708766e-31	1.07471344e-50	4.91205507e-70	
6.1	1.90043155e-23	2.09935374e-17	2.46110443e-13	9.10065250e-11	1.28275462e-08	9.31413805e-07	5.10453814e-05	1.03737870e-03	1.30574226e-02	8.67813179e-02	8.27120894e-01	6.99917255e-02	1.94452932e-03	1.47039966e-05	3.82928249e-08	2.54729824e-11	4.68930683e-15	2.72593438e-19	1.21456714e-23	8.50233557e-43	4.53847601e-62	
6.2	1.14450124e-25	1.81550121e-19	2.91040551e-15	1.58186251e-12	3.43776785e-10	4.04791381e-08	3.89537359e-06	1.47325332e-04	3.55209755e-03	5.01053185e-02	7.36425989e-01	1.89892198e-01	1.92082217e-02	6.55720181e-04	9.15238970e-06	4.07402167e-08	6.43680504e-11	3.95701154e-14	2.08910391e-17	1.77795162e-34	4.22100067e-53	
6.3	7.93910093e-28	1.79277914e-21	3.92138669e-17	3.08298795e-14	1.01011067e-11	1.87207947e-09	3.03658455e-07	2.03254705e-05	8.81651883e-04	2.38581237e-02	5.22868310e-01	3.41145892e-01	9.92407301e-02	1.13640853e-02	6.07976254e-04	1.24855387e-05	1.13851038e-07	4.70387610e-10	1.87022892e-12	4.75878918e-26	5.60065933e-41	
6.4	5.21745423e-30	1.65943197e-23	4.93977362e-19	5.53779884e-16	2.68143746e-13	7.62005034e-11	2.00966150e-08	2.27769261e-06	1.68273616e-04	8.04415610e-03	2.57700739e-01	3.73542169e-01	2.64548624e-01	8.19065230e-02	1.31171211e-02	9.33613696e-04	3.57758015e-05	6.92381453e-07	1.44524782e-08	2.24727563e-19	2.41099158e-31	
6.5	2.64598817e-32	1.17257416e-25	4.73670019e-21	7.47561169e-18	5.25687002e-15	2.23866073e-12	9.29774061e-10	1.71612388e-07	2.06079888e-05	1.63094736e-03	7.55018912e-02	2.21308181e-01	3.38889000e-01	2.43149246e-01	9.74591403e-02	1.94187002e-02	2.44096311e-03	1.67386636e-04	1.37639078e-05	3.70540458e-14	9.43998173e-24	
6.6	8.85459304e-35	5.41979412e-28	2.96187877e-23	6.50635220e-20	6.54375541e-17	4.09361602e-14	2.60296936e-11	7.56147911e-09	1.41908233e-06	1.76883519e-04	1.17557613e-02	6.49075479e-02	1.97011587e-01	2.93020790e-01	2.57971507e-01	1.22896474e-01	4.19009546e-02	8.23749016e-03	2.11957776e-03	3.62633674e-10	7.53603514e-18	
6.7	1.63911744e-37	1.37643901e-30	1.01440872e-25	3.07063776e-22	4.35834579e-19	3.93639641e-16	3.73902665e-13	1.65958805e-10	4.71197613e-08	8.90467872e-06	8.46304709e-04	8.32587185e-03	4.68952389e-02	1.33115942e-01	2.33588769e-01	2.36648376e-01	1.89204388e-01	9.08158579e-02	6.05500036e-02	2.96489115e-07	2.15091064e-13	
6.8	1.39546895e-40	1.59925467e-33	1.58430596e-28	6.55167837e-25	1.29710796e-21	1.66619134e-18	2.31427561e-15	1.53022384e-12	6.40057673e-10	1.78120189e-07	2.41341395e-05	4.04384873e-04	4.01475618e-03	2.04155184e-02	6.63030841e-02	1.30733304e-01	2.18961657e-01	2.26537036e-01	3.32581308e-01	2.46387307e-05	3.18051759e-10	
6.9	8.30796851e-44	1.29295342e-36	1.71612168e-31	9.62197874e-28	2.63053872e-24	4.74367188e-21	9.45845227e-18	9.11795955e-15	5.50014965e-12	2.20411235e-09	4.24386683e-07	1.16629704e-05	1.95658772e-04	1.69428458e-03	9.60795587e-03	3.44319346e-02	1.10454528e-01	2.22745356e-01	6.20441712e-01	4.16425602e-04	5.60448886e-08	
7	6.07954842e-47	1.27822379e-39	2.26572125e-34	1.71065338e-30	6.40184593e-27	1.60276989e-23	4.51591591e-20	6.23289505e-17	5.33131439e-14	3.02487542e-11	8.24900758e-09	3.60089749e-07	9.85181682e-06	1.39332873e-04	1.31581202e-03	8.11577508e-03	4.63467685e-02	1.67513414e-01	7.73449037e-01	3.10678678e-03	2.85293048e-06	
7.1	6.43681116e-50	1.81898527e-42	4.29194932e-37	4.33655910e-33	2.20442596e-29	7.58959369e-26	2.98208439e-22	5.80411745e-19	6.94494593e-16	5.50769857e-13	2.11964793e-10	1.42908897e-08	6.18849230e-07	1.38153775e-05	2.09005159e-04	2.12235338e-03	2.02990886e-02	1.22528143e-01	8.40273984e-01	1.44880869e-02	6.48902783e-05	
7.2	9.54891631e-53	3.60909666e-45	1.12992264e-39	1.51883545e-35	1.04149687e-31	4.89013404e-28	2.64988462e-24	7.18173559e-21	1.18905194e-17	1.30486273e-14	7.05631355e-12	7.16738975e-10	4.78780325e-08	1.64074189e-06	3.85225382e-05	6.21123424e-04	9.46361335e-03	9.00092450e-02	8.50573869e-01	4.84798084e-02	8.12129068e-04	
7.3	1.81742585e-55	9.14470763e-48	3.78696083e-42	6.73357964e-38	6.18901102e-34	3.93384947e-30	2.91201502e-26	1.08736748e-22	2.46879955e-19	3.71871263e-16	2.81115752e-13	4.20871918e-11	4.23863306e-09	2.17823990e-07	7.73239226e-06	1.92168573e-04	4.48069887e-03	6.41529023e-02	8.01346153e-01	1.23549472e-01	6.27065017e-03	
7.4	4.01461838e-58	2.67726571e-50	1.46220609e-44	3.42042908e-40	4.18862366e-36	3.58001680e-32	3.59034643e-28	1.83050942e-24	5.65593749e-21	1.16150478e-17	1.22039698e-14	2.64235700e-12	3.93100374e-10	2.96878032e-08	1.55849572e-06	5.82309337e-05	2.01300594e-03	4.19306468e-02	6.80316651e-01	2.43946008e-01	3.17338691e-02	
7.5	9.36773692e-61	8.24496320e-53	5.92275783e-47	1.81339933e-42	2.94197502e-38	3.36015911e-34	4.53208198e-30	3.13031575e-26	1.30755662e-22	3.63925573e-19	5.28231234e-16	1.62618632e-13	3.50994932e-11	3.82772326e-09	2.91569039e-07	1.60319188e-05	8.01360933e-04	2.36930414e-02	4.97503548e-01	3.70066696e-01	1.07919026e-01	
7.6	2.16787421e-63	2.50846080e-55	2.36430139e-49	9.43025224e-45	2.01619986e-40	3.05929168e-36	5.51253537e-32	5.12266415e-28	2.87561744e-24	1.07893182e-20	2.14995519e-17	9.27002485e-15	2.85676987e-12	4.42990563e-10	4.81697708e-08	3.82686236e-06	2.71207679e-04	1.11845139e-02	3.04818564e-01	4.30901193e-01	2.52820646e-01	
7.7	4.95083300e-66	7.50467065e-58	9.26041502e-52	4.79087351e-47	1.34337936e-42	2.69344584e-38	6.44451460e-34	8.00728629e-30	6.00791071e-26	3.02369841e-22	8.22181523e-19	4.90111184e-16	2.12648741e-13	4.62594120e-11	7.07955537e-09	7.99847267e-07	7.91348386e-05	4.49647343e-03	1.59874585e-01	4.01312966e-01	4.34236034e-01	
7.8	1.16287776e-68	2.30180354e-60	3.71124923e-54	2.48034403e-49	9.08185250e-45	2.39430010e-40	7.56542177e-36	1.24979117e-31	1.24713657e-27	8.37971540e-24	3.09152462e-20	2.51962204e-17	1.52075738e-14	4.58777189e-12	9.76206228e-10	1.54708710e-07	2.11059612e-05	1.63773807e-03	7.63540820e-02	3.22387105e-01	5.99599813e-01	
7.9	2.94144800e-71	7.58084878e-63	1.59426510e-56	1.37121762e-51	6.53008842e-47	2.25370258e-42	9.35872789e-38	2.04532737e-33	2.70220227e-29	2.41317027e-25	1.20149899e-21	1.32602936e-18	1.10219841e-15	4.56642545e-13	1.33704760e-10	2.93760436e-08	5.47160580e-06	5.75904059e-04	3.53428535e-02	2.39992197e-01	7.24083545e-01	
8	8.22933912e-74	2.75430697e-65	7.54328517e-59	8.31851641e-54	5.13362829e-49	2.31014063e-44	1.25544597e-39	3.61402042e-35	6.29618755e-31	7.44205746e-27	4.97526126e-23	7.37677293e-20	8.37149070e-17	4.72401275e-14	1.88677912e-11	5.69021074e-09	1.43559664e-06	2.03835855e-04	1.65047195e-02	1.73555878e-01	8.09734126e-01	
