4	9.81724417e-01	1.82755826e-02	2.78699141e-10	2.25649067e-27	3.47641784e-47	3.00421528e-67	5.78175122e-87	2.06999743e-106	3.85014801e-126	3.58326634e-146	8.08341869e-167	1.26654686e-187	4.38002953e-208	8.93276514e-229	5.03518189e-249	2.73118312e-269	1.17313320e-289	1.00000000e-300	
4.1	6.35930157e-01	3.64067717e-01	2.12619012e-06	2.81752748e-19	4.77668471e-39	4.72321788e-59	8.78610710e-79	3.69052518e-98	8.05453866e-118	8.85735126e-138	2.39700779e-158	4.25977201e-179	1.52117873e-199	3.39000218e-220	2.01475237e-240	1.26105664e-260	6.24090824e-281	1.00000000e-300	
4.2	9.66876275e-02	9.02713263e-01	5.99109395e-04	1.75495438e-13	7.22716917e-29	8.00346528e-49	1.46100092e-68	7.21189896e-88	1.84456507e-107	2.38636858e-127	7.88215124e-148	1.60587558e-168	6.00823702e-189	1.44545175e-209	8.85124001e-230	6.40364053e-250	3.65552586e-270	1.72102496e-290	
4.3	1.07819452e-02	9.66954066e-01	2.22639863e-02	2.78879002e-09	4.56601061e-21	8.29833399e-37	1.48679958e-56	8.63901027e-76	2.58898723e-95	3.92159681e-115	1.60096542e-135	3.75919371e-156	1.48344917e-176	3.81653547e-197	2.38514088e-217	1.99795682e-237	1.31707075e-257	7.13898181e-278	
4.4	1.69553229e-03	8.10097590e-01	1.88204175e-01	2.70254060e-06	3.28216150e-15	2.26913275e-27	8.43111155e-46	5.77552511e-65	2.03128961e-84	3.59659055e-104	1.82149198e-124	4.94622528e-145	2.05887690e-165	5.61952760e-186	3.59148682e-206	3.48928565e-226	2.65911115e-246	1.66055375e-266	
4.5	4.41390644e-04	4.85500301e-01	5.13757277e-01	3.01031373e-04	6.95413867e-11	3.21641485e-20	1.17291889e-34	1.58506054e-51	6.55712564e-71	1.36039669e-90	8.48344457e-111	2.68015612e-131	1.17924652e-151	3.40512690e-172	2.24230986e-192	2.53100088e-212	2.23223813e-232	1.60708289e-252	
4.6	1.62061880e-04	2.27646169e-01	7.64253005e-01	7.93865295e-03	1.11414299e-07	8.56078185e-15	4.20202197e-26	4.15667346e-39	2.02223980e-58	4.93258093e-78	3.72821754e-98	1.38466247e-118	6.51091121e-139	2.00308611e-159	1.37061556e-179	1.80049203e-199	1.83971099e-219	1.52799916e-239	
4.7	6.00100922e-05	9.45491776e-02	8.28902038e-01	7.64637195e-02	2.50545944e-05	1.06517209e-10	1.51541229e-19	1.86320830e-29	1.05961038e-48	3.03192817e-68	2.73154065e-88	1.20836827e-108	6.19142622e-129	2.06360926e-149	1.47678085e-169	2.26159850e-189	2.68004458e-209	2.56972623e-229	
4.8	1.78985066e-05	3.25646579e-02	6.53663935e-01	3.12610478e-01	1.14291459e-03	1.15641976e-07	1.49564809e-14	5.58420981e-22	3.66518975e-41	1.21335775e-60	1.28713231e-80	6.86338790e-101	3.91234511e-121	1.44148893e-141	1.08056021e-161	1.93248779e-181	2.65866854e-201	2.94492398e-221	
4.9	3.91913443e-06	8.67614990e-03	3.60997554e-01	6.15409832e-01	1.48935389e-02	1.90055818e-05	9.26503609e-11	3.42556831e-16	2.55161474e-35	9.52948440e-55	1.17697941e-74	7.61242204e-95	4.88592777e-115	2.02006357e-135	1.58018694e-155	3.30589266e-175	5.28575782e-195	6.76841240e-215	
5	7.09310703e-07	1.99070243e-03	1.59006366e-01	7.54070303e-01	8.40925537e-02	8.39287610e-04	7.82091659e-08	1.17443199e-11	1.00136014e-27	7.60401466e-47	1.06985785e-66	8.36486485e-87	6.02586506e-107	2.80771653e-127	2.28342038e-147	5.59789456e-167	1.04127309e-186	1.54249883e-206	
5.1	1.11680463e-07	4.10154053e-04	5.93414010e-02	6.62870173e-01	2.63089054e-01	1.42740948e-02	1.49667105e-05	4.49155544e-08	1.90385177e-20	2.44630453e-35	4.10527078e-53	3.82205640e-73	3.04434741e-93	1.59122491e-113	1.35102600e-133	3.88786698e-153	8.42220562e-173	1.44440920e-192	
5.2	1.39640599e-08	6.90440534e-05	1.72875395e-02	4.04457487e-01	4.72115642e-01	1.05223823e-01	8.18508247e-04	2.79422822e-05	1.02644623e-14	2.99145192e-26	3.34079075e-40	8.64145740e-57	1.15516003e-75	6.73005460e-96	6.06060065e-116	2.05081894e-135	5.17934580e-155	1.02915495e-174	
5.3	1.24054501e-09	8.48460654e-06	3.53881075e-03	1.58918016e-01	4.71960131e-01	3.47539303e-01	1.44525818e-02	3.58267138e-03	2.80429082e-10	3.72784011e-19	4.57043904e-30	4.35689312e-43	5.25674298e-58	5.85915078e-75	2.46197953e-94	9.81353152e-114	2.89251768e-133	6.66471051e-153	
5.4	7.08150058e-11	6.81272229e-07	4.59466250e-04	3.70799383e-02	2.50430410e-01	5.13704395e-01	8.85161310e-02	1.09808380e-01	5.97398830e-07	1.02436799e-13	3.37136698e-22	2.26677506e-32	3.96468154e-44	1.42616148e-57	5.91134294e-73	2.96351215e-89	1.02057048e-108	2.72913374e-128	
5.5	1.63351691e-12	2.22657742e-08	2.36722220e-05	3.26945514e-03	4.59694408e-02	2.29745451e-01	1.34798109e-01	5.86102420e-01	9.14290932e-05	7.58895341e-10	2.23759340e-16	2.88305094e-24	1.72460382e-33	4.03300011e-44	2.68610008e-56	3.89049714e-69	1.56720692e-88	4.86844785e-108	
5.6	2.20547834e-14	4.27375778e-10	7.00068659e-07	1.59462882e-04	4.35050612e-03	4.76917064e-02	8.18348226e-02	8.64038470e-01	1.92397083e-03	3.60891170e-07	4.02726351e-12	3.55680493e-18	2.32521500e-25	9.97132202e-34	2.53169062e-43	2.18026158e-53	1.02858053e-72	3.71551375e-92	
5.7	3.93122336e-16	1.08536763e-11	2.68945218e-08	9.80007547e-06	4.90454449e-04	1.08595992e-02	4.81990991e-02	9.23548760e-01	1.68533182e-02	3.89337393e-05	8.25860789e-09	2.20264840e-13	6.37845173e-19	1.84578928e-25	5.69224538e-33	8.30044437e-41	4.59189346e-60	1.93089224e-79	
5.8	9.44503098e-18	3.71831823e-13	1.37474696e-09	7.80833264e-07	6.85012359e-05	2.86986198e-03	2.96303039e-02	8.81290053e-01	8.46738510e-02	1.46329056e-03	3.35517489e-06	1.38889193e-09	8.66710010e-14	7.66973079e-19	1.15236683e-24	1.04865905e-30	6.81186295e-50	3.33833029e-69	
5.9	2.54887939e-19	1.43114455e-14	7.77957874e-11	6.73123135e-08	9.96513150e-06	7.48828937e-04	1.63437770e-02	7.06775789e-01	2.53969108e-01	2.18130537e-02	3.38153694e-04	1.25581522e-06	9.41377231e-10	1.35587897e-13	4.76051746e-18	1.22262961e-22	9.33875354e-42	5.34073370e-61	
6	6.32657736e-21	5.06204961e-16	3.97797661e-12	5.13753995e-09	1.24178492e-06	1.59910577e-04	6.76750583e-03	4.14982110e-01	4.33946750e-01	1.34341989e-01	9.59484419e-03	2.04503055e-04	1.13918158e-06	1.60784637e-09	7.27463775e-13	2.80573674e-16	3.00878871e-35	2.01073853e-54	
6.1	1.22003607e-22	1.38675338e-17	1.54837578e-13	2.93273856e-10	1.12372558e-07	2.38317919e-05	1.81222764e-03	1.56300554e-01	3.98392779e-01	3.50426515e-01	8.54717671e-02	7.36414295e-03	2.06172815e-04	1.89051366e-06	6.79313244e-09	2.38228267e-11	2.09193928e-26	4.19115716e-43	
6.2	1.67635037e-24	2.69305339e-19	4.20390456e-15	1.15013550e-11	6.80206840e-09	2.29411013e-06	2.93826773e-04	3.56247528e-02	1.95440739e-01	4.11989431e-01	2.75022622e-01	7.36736660e-02	7.62064152e-03	3.25602475e-04	6.28375865e-06	1.34390811e-07	1.60547167e-19	7.49197047e-33	
6.3	1.58536097e-26	3.57751907e-21	7.70013424e-17	3.00333829e-13	2.67661222e-10	1.39204154e-07	2.84890145e-05	4.86817130e-03	5.25773903e-02	2.35155672e-01	3.66288380e-01	2.52083409e-01	7.63638768e-02	1.16636221e-02	8.86686790e-04	8.41623636e-05	3.28723924e-14	7.67504767e-25	
6.4	9.60252551e-29	3.02349215e-23	8.88174578e-19	4.88145576e-15	6.41844053e-12	5.01108694e-09	1.57162374e-06	3.79712732e-04	7.55297763e-03	6.55789653e-02	2.12473340e-01	3.27134442e-01	2.44496101e-01	1.08481079e-01	2.55505945e-02	8.35121089e-03	3.43544220e-10	1.18265852e-18	
6.5	2.97858976e-31	1.29993634e-25	5.17836160e-21	3.96903568e-17	7.55863402e-14	8.65699944e-11	4.02688889e-08	1.37889128e-05	4.79642934e-04	7.56081818e-03	4.68288602e-02	1.45697708e-01	2.36773086e-01	2.59903439e-01	1.57966082e-01	1.44776278e-01	2.54836757e-07	4.90106018e-14	
6.6	4.30569841e-34	2.58870972e-28	1.39191611e-23	1.47327353e-19	3.99889183e-16	6.58698887e-13	4.43032507e-10	2.15137219e-07	1.25510843e-05	3.40826281e-04	3.78472357e-03	2.20377012e-02	7.08518793e-02	1.69951544e-01	2.31921520e-01	5.01080648e-01	1.83912568e-05	9.14131939e-11	
6.7	5.39803181e-37	4.44730363e-31	3.21213437e-26	4.65100199e-22	1.77434739e-18	4.13337501e-15	3.94061683e-12	2.71045077e-09	2.56159260e-07	1.14766970e-05	2.17076339e-04	2.22879833e-03	1.31880556e-02	6.27109896e-02	1.72374470e-01	7.48947334e-01	3.21517996e-04	2.24002431e-08	
6.8	9.40292165e-40	1.05661832e-33	1.01987197e-28	2.00270443e-24	1.06103689e-20	3.44697021e-17	4.58545778e-14	4.45625442e-11	6.62293568e-09	4.72543331e-07	1.45962417e-05	2.51843103e-04	2.59057552e-03	2.25763080e-02	1.14425007e-01	8.57448843e-01	2.69073118e-03	1.61738391e-06	
6.9	2.48672760e-42	3.79523558e-36	4.86916521e-31	1.28674440e-26	9.37089743e-23	4.19696173e-19	7.69479220e-16	1.05301374e-12	2.39778902e-10	2.64661526e-08	1.29025629e-06	3.59669618e-05	6.14022783e-04	9.18452027e-03	7.96512940e-02	8.96435851e-01	1.40275248e-02	4.95037003e-05	
7	9.40321146e-45	1.94148064e-38	3.29296782e-33	1.16321432e-28	1.15422796e-24	7.05905740e-21	1.76663844e-17	3.38937648e-14	1.15551893e-11	1.92615444e-09	1.44160968e-07	6.28671221e-06	1.71536889e-04	4.16954687e-03	5.80455466e-02	8.85849399e-01	5.09785382e-02	7.78999987e-04	
7.1	4.54535417e-47	1.26457151e-40	2.82158719e-35	1.32453662e-30	1.77703461e-26	1.47205127e-22	4.99182218e-19	1.33563058e-15	6.68015099e-13	1.64717216e-10	1.84949502e-08	1.22864507e-06	5.19601484e-05	1.96269183e-03	4.16146406e-02	8.13175189e-01	1.36117870e-01	7.07640100e-03	
7.2	2.47818797e-49	9.25296476e-43	2.70457818e-37	1.67875881e-32	3.02451954e-28	3.36983814e-24	1.53924995e-20	5.71028890e-17	4.11561670e-14	1.47434442e-11	2.43446282e-09	2.40856707e-07	1.53897566e-05	8.71693028e-04	2.70302685e-02	6.61952539e-01	2.70609252e-01	3.95206140e-02	
7.3	1.35733646e-51	6.77528748e-45	2.58510618e-39	2.11204672e-34	5.07824511e-30	7.56305915e-26	4.63036893e-22	2.36697880e-18	2.41961836e-15	1.23957167e-12	2.95807120e-10	4.27449894e-08	4.03751739e-06	3.33350878e-04	1.46800535e-02	4.50362901e-01	3.95341000e-01	1.39278614e-01	
7.4	6.96687435e-54	4.63245874e-47	2.30047517e-41	2.46307336e-36	7.85897449e-32	1.55576317e-27	1.27110974e-23	8.89772387e-20	1.27238447e-16	9.19240233e-14	3.12204471e-11	6.47929219e-09	8.87922416e-07	1.04515996e-04	6.40590224e-03	2.48400528e-01	4.25318201e-01	3.19769958e-01	
7.5	3.39755860e-56	2.99954352e-49	1.93398757e-43	2.70263835e-38	1.13849913e-33	2.98049558e-29	3.23649159e-25	3.08375817e-21	6.09646505e-18	6.13627215e-15	2.92638220e-12	8.59527419e-10	1.68148275e-07	2.77362626e-05	2.33465478e-03	1.15759937e-01	3.59436307e-01	5.22441196e-01	
7.6	1.68067004e-58	1.96424378e-51	1.64097099e-45	2.98229584e-40	1.65115480e-35	5.69020833e-31	8.17993503e-27	1.05490931e-22	2.85391867e-19	3.96094840e-16	2.62211499e-13	1.07622402e-10	2.96350948e-08	6.75828658e-06	7.74425153e-04	4.96385105e-02	2.64122425e-01	6.85457851e-01	
7.7	8.92192302e-61	1.37666868e-53	1.48764733e-47	3.50506567e-42	2.54049122e-37	1.14784537e-32	2.17621626e-28	3.77827523e-24	1.38648859e-20	2.63033783e-17	2.39382469e-14	1.35817284e-11	5.20106729e-09	1.62249592e-06	2.51584171e-04	2.10304445e-02	1.83161580e-01	7.95554764e-01	
7.8	5.22397264e-63	1.06164065e-55	1.48180538e-49	4.51394328e-44	4.26861996e-39	2.51968132e-34	6.27821913e-30	1.45993954e-25	7.21350891e-22	1.85647918e-18	2.30376258e-15	1.79035542e-12	9.43804078e-10	3.99406355e-07	8.34294302e-05	9.15232959e-03	1.25551935e-01	8.65211905e-01	
7.9	3.39763635e-65	9.07412462e-58	1.63391326e-51	6.42036441e-46	7.89833298e-41	6.07240663e-36	1.98207471e-31	6.14382286e-27	4.06215091e-23	1.40871608e-19	2.36635397e-16	2.49910673e-13	1.79793977e-10	1.02540476e-07	2.87491323e-05	4.15516744e-03	8.68848472e-02	9.08931134e-01	
8	2.44974381e-67	8.58094818e-60	1.99124284e-53	1.00734301e-47	1.60810717e-42	1.60610700e-37	6.84754153e-33	2.81652971e-28	2.47842644e-24	1.15119247e-20	2.60060827e-17	3.70617595e-14	3.61118669e-11	2.76034915e-08	1.03546446e-05	1.97568156e-03	6.11984274e-02	9.36815509e-01	
