4	2.86501137e-01	7.13369146e-01	1.29716966e-04	1.18556049e-17	3.31625313e-36	3.94698063e-55	2.42741736e-74	8.60176245e-94	1.34213800e-113	5.39835090e-134	4.91653088e-154	3.36979498e-174	1.90491520e-194	4.77485780e-216	1.61778971e-237	1.38306906e-258	2.26644576e-279	1.00954818e-299	1.00000000e-300	1.00000000e-300	1.00000000e-300	1.00000000e-300	1.00000000e-300	1.00000000e-300	1.00000000e-300	1.00000000e-300	1.00000000e-300	1.00000000e-300	
4.1	7.56255089e-02	9.11931329e-01	1.24431625e-02	4.52188982e-12	2.19038429e-29	3.05026666e-48	2.20352002e-67	9.23334796e-87	1.71501795e-106	7.71203584e-127	8.48099027e-147	7.03641439e-167	4.81517443e-187	1.35903249e-208	4.78162160e-230	4.32843451e-251	7.93973616e-272	4.08176980e-292	1.00000000e-300	1.00000000e-300	1.00000000e-300	1.00000000e-300	1.00000000e-300	1.00000000e-300	1.00000000e-300	1.00000000e-300	1.00000000e-300	1.00000000e-300	
4.2	1.85549321e-02	7.40246557e-01	2.41198443e-01	6.73052361e-08	7.22541274e-21	1.17727968e-39	9.98981464e-59	4.94993714e-78	1.09448442e-97	5.51244245e-118	7.31984359e-138	7.35133672e-158	6.09003050e-178	1.98524294e-199	7.52881434e-221	7.33802567e-242	1.52023254e-262	9.03775984e-283	1.00000000e-300	1.00000000e-300	1.00000000e-300	1.00000000e-300	1.00000000e-300	1.00000000e-300	1.00000000e-300	1.00000000e-300	1.00000000e-300	1.00000000e-300	
4.3	2.86352564e-03	3.06735831e-01	6.90360601e-01	4.00426331e-05	1.29421931e-14	7.51873409e-32	7.49415326e-51	4.39101967e-70	1.15578090e-89	6.44219264e-110	1.03292906e-129	1.25572630e-149	1.25932167e-169	4.84294881e-191	2.04820017e-212	2.19562308e-233	5.08063792e-254	3.49978503e-274	1.82196963e-294	1.00000000e-300	1.00000000e-300	1.00000000e-300	1.00000000e-300	1.00000000e-300	1.00000000e-300	1.00000000e-300	1.00000000e-300	1.00000000e-300	
4.4	4.58155602e-04	1.15884587e-01	8.79933279e-01	3.72397830e-03	7.47266453e-10	8.01597562e-23	8.49285617e-41	5.88433186e-60	1.84376850e-79	1.10517803e-99	2.13940483e-119	3.14807242e-139	3.82158468e-159	1.75557332e-180	8.47480750e-202	1.00879517e-222	2.55576232e-243	2.04407022e-263	1.20680975e-283	1.00000000e-300	1.00000000e-300	1.00000000e-300	1.00000000e-300	1.00000000e-300	1.00000000e-300	1.00000000e-300	1.00000000e-300	1.00000000e-300	
4.5	7.99729755e-05	4.36591951e-02	8.49771943e-01	1.06485066e-01	3.82327306e-06	1.06577694e-15	2.89595024e-29	8.47542457e-48	3.16133943e-67	1.95483489e-87	4.55589634e-107	8.10095545e-127	1.18833914e-146	6.54508730e-168	3.64109532e-189	4.73997883e-210	1.29717434e-230	1.20702188e-250	8.09256249e-271	3.36012659e-291	1.00000000e-300	1.00000000e-300	1.00000000e-300	1.00000000e-300	1.00000000e-300	1.00000000e-300	1.00000000e-300	1.00000000e-300	
4.6	8.44167986e-06	9.27816891e-03	4.05488554e-01	5.83834047e-01	1.39078808e-03	2.12102794e-10	1.94855325e-20	1.45888234e-34	4.30983225e-52	2.63667647e-72	7.18099993e-92	1.51552243e-111	2.63522372e-131	1.73875593e-152	1.11440855e-173	1.53067584e-194	4.51992122e-215	4.90315686e-235	3.73258186e-255	1.77806342e-275	3.33418984e-296	1.00000000e-300	1.00000000e-300	1.00000000e-300	1.00000000e-300	1.00000000e-300	1.00000000e-300	1.00000000e-300	
4.7	6.49325494e-07	1.35472224e-03	1.22029455e-01	8.22299436e-01	5.43144391e-02	1.29825361e-06	7.92231274e-14	2.05494556e-24	1.01361321e-37	9.19372045e-56	2.50396153e-75	5.67445602e-95	1.04911164e-114	8.29481523e-136	6.11301798e-157	8.56983559e-178	2.73320754e-198	3.46369359e-218	2.98599423e-238	1.63313657e-258	3.43122589e-279	3.21579948e-300	1.00000000e-300	1.00000000e-300	1.00000000e-300	1.00000000e-300	1.00000000e-300	1.00000000e-300	
4.8	4.52304763e-08	1.69862006e-04	2.96069598e-02	5.61229201e-01	4.08467869e-01	5.26057478e-04	5.75613777e-09	1.03669683e-16	1.22276534e-26	1.04414332e-40	2.01835860e-60	3.77545566e-80	5.59580441e-100	5.32264621e-121	4.52179168e-142	6.40410562e-163	2.16961091e-183	3.21855841e-203	3.13165498e-223	1.95247639e-243	4.58715438e-264	5.16936439e-285	1.00000000e-300	1.00000000e-300	1.00000000e-300	1.00000000e-300	1.00000000e-300	1.00000000e-300	
4.9	2.44173964e-09	1.57167796e-05	5.05490347e-03	2.17004990e-01	7.59453427e-01	1.84590089e-02	1.19517526e-05	4.03401012e-11	2.38557520e-18	2.94557691e-29	7.54571409e-46	2.10380784e-64	1.91217015e-84	2.19766685e-105	2.16501837e-126	3.13629418e-147	1.08174559e-167	1.88236063e-187	2.06582669e-207	1.45391675e-227	3.82051675e-248	5.20178954e-269	1.40836322e-289	1.00000000e-300	1.00000000e-300	1.00000000e-300	1.00000000e-300	1.00000000e-300	
5	1.40752586e-10	1.48623610e-06	8.50592778e-04	7.43616504e-02	7.82662770e-01	1.40300065e-01	1.82307108e-03	3.64283102e-07	2.94347161e-12	1.17956826e-20	7.53851249e-34	1.39442385e-48	2.49761151e-65	4.63560525e-85	5.30544410e-106	8.02630547e-127	2.68769103e-147	5.49711006e-167	6.83367423e-187	5.40087587e-207	1.59719763e-227	2.64027539e-248	7.66165534e-269	1.95702508e-289	1.00000000e-300	1.00000000e-300	1.00000000e-300	1.00000000e-300	
5.1	7.72476435e-12	1.28958535e-07	1.27682360e-04	2.12773857e-02	5.39537497e-01	3.99970419e-01	3.89381523e-02	1.48685173e-04	4.93078635e-08	1.93507090e-14	6.39708031e-25	1.28719064e-36	5.14534661e-50	1.07650390e-65	5.59041781e-83	1.85103427e-101	5.88979908e-122	1.41874324e-141	2.01544065e-161	1.79351153e-181	6.03906437e-202	1.21851386e-222	3.85176595e-243	1.07515246e-263	3.32675028e-284	1.00000000e-300	1.00000000e-300	1.00000000e-300	
5.2	3.38228388e-13	8.67023284e-09	1.45169972e-05	4.39571198e-03	2.37384329e-01	5.38598444e-01	2.13420774e-01	6.15862480e-03	2.75896039e-05	4.03635921e-10	2.05340747e-18	1.12596105e-27	2.20734106e-38	7.88474030e-51	1.26718610e-64	2.26476137e-79	2.22515665e-96	6.55909279e-114	1.07576549e-133	1.08626752e-153	4.21566601e-174	1.04236450e-194	3.63888015e-215	1.12432571e-235	3.95017236e-256	3.96709599e-276	3.25457244e-296	1.00000000e-300	
5.3	1.14004620e-14	4.38980972e-10	1.22022789e-06	6.46719644e-04	6.84667392e-02	3.98390876e-01	4.71181317e-01	5.96527993e-02	1.65991121e-03	4.17030880e-07	1.25984874e-13	6.38137219e-21	1.87386640e-29	2.54617214e-39	2.52139023e-50	4.32521161e-62	1.05775310e-75	1.54963431e-89	2.95306813e-109	3.40125880e-129	1.53176737e-149	4.64343595e-170	1.80664382e-190	6.23128890e-211	2.49063264e-231	2.92372386e-251	2.78710021e-271	2.24066840e-291	
5.4	3.08804412e-16	1.75732434e-11	7.98626245e-08	7.19632520e-05	1.40451505e-02	1.85759686e-01	5.49039839e-01	2.26061140e-01	2.49634908e-02	5.86504151e-05	4.94872745e-10	9.85489416e-16	1.69872906e-22	2.69002708e-30	4.59912974e-39	1.93056336e-48	2.51161808e-59	3.36664236e-70	7.42881495e-90	9.71565719e-110	5.07347672e-130	1.87970595e-150	8.19108229e-171	3.16841530e-191	1.44520758e-211	1.98640311e-231	2.20257482e-251	2.04875434e-271	
5.5	6.72534805e-18	5.58859492e-13	4.09493203e-09	6.12604040e-06	2.10110465e-03	5.77581014e-02	3.78612012e-01	4.19889822e-01	1.39696231e-01	1.93634821e-03	2.50207364e-07	9.92931603e-12	4.77328734e-17	3.48939421e-23	3.79924392e-30	1.33001682e-37	2.72021972e-46	8.69651717e-55	2.18947753e-74	3.20500148e-94	1.93128222e-114	8.70868813e-135	4.26720769e-155	1.85909863e-175	9.74886410e-196	1.57162430e-215	2.02916171e-235	2.18544507e-255	
5.6	1.18907410e-19	1.42917724e-14	1.66430565e-10	4.05223844e-07	2.35078043e-04	1.25374228e-02	1.66945443e-01	4.36755662e-01	3.62409322e-01	2.10908623e-02	2.57926971e-05	1.18401139e-08	8.75859434e-13	1.43111677e-17	4.53986496e-23	5.68788764e-29	6.96556893e-36	1.82711868e-42	5.92452491e-60	3.47489127e-79	2.41034035e-99	1.31964257e-119	7.31634910e-140	3.61763891e-160	2.20795070e-180	4.18212085e-200	6.29409024e-220	7.85524079e-240	
5.7	1.85172338e-21	3.19380002e-16	5.82687545e-12	2.27310216e-08	2.16247034e-05	2.11880547e-03	5.35747551e-02	2.99581009e-01	5.40859833e-01	1.03031980e-01	8.09193111e-04	2.77548195e-06	1.95985274e-09	4.04829061e-13	2.02228334e-17	4.66418967e-22	1.59513503e-27	1.47969786e-32	2.58183620e-46	1.53446198e-61	3.72950169e-78	2.56647633e-96	9.21468741e-116	5.23407142e-136	3.77695857e-156	8.42035481e-176	1.47879889e-195	2.14041666e-215	
5.8	2.70109480e-23	6.63988436e-18	1.87091404e-13	1.15310932e-09	1.75334992e-06	3.02037011e-04	1.37506370e-02	1.52418777e-01	5.41663926e-01	2.81293462e-01	1.03811695e-02	1.87376067e-04	8.59340958e-07	1.43226571e-09	6.93424594e-13	1.74801678e-16	9.21631735e-21	1.57391338e-24	2.61589046e-35	2.46637627e-47	1.62063801e-60	5.86038611e-75	1.79254237e-90	3.70263543e-107	3.20499423e-125	6.15815891e-144	1.26345830e-163	2.12272083e-183	
5.9	3.69492794e-25	1.28602779e-19	5.51119442e-15	5.28663792e-11	1.25678079e-07	3.67140141e-05	2.88342828e-03	5.97260979e-02	3.88158794e-01	4.79654495e-01	6.47789784e-02	4.65861560e-03	1.01786598e-04	9.61470045e-07	3.07849187e-09	5.65190661e-12	2.92950004e-15	5.55824326e-18	2.21166319e-26	7.59657518e-36	2.82771318e-46	9.77539175e-58	4.22570634e-70	1.93098843e-83	6.90778210e-98	7.75566931e-113	1.86109115e-132	3.63285050e-152	
6	4.46083782e-27	2.18341364e-21	1.40201388e-16	2.06339008e-12	7.52157479e-09	3.61425704e-06	4.72848861e-04	1.74588302e-02	1.96504651e-01	5.21482015e-01	2.11299352e-01	4.86616149e-02	3.95375033e-03	1.60762177e-04	2.52889112e-06	2.47722942e-08	9.01768528e-11	1.23760834e-12	3.86196795e-19	1.49171015e-26	9.02653001e-35	7.66902339e-44	1.12535390e-53	2.50545826e-64	7.19531655e-76	8.40565014e-88	2.36204667e-107	5.36230404e-127	
6.1	4.03197570e-29	2.75594261e-23	2.61533649e-18	5.82883952e-14	3.20155431e-10	2.46441593e-07	5.21616081e-05	3.30308774e-03	6.18107770e-02	3.25507315e-01	3.38555484e-01	2.10627455e-01	5.22709047e-02	7.39849699e-03	4.54920962e-04	1.87586930e-05	3.67567432e-07	2.39496499e-08	2.35375955e-13	3.96307248e-19	1.42742852e-25	1.00929358e-32	1.61416269e-40	5.26521083e-49	3.29324818e-58	1.01623974e-67	3.34842317e-87	8.85023160e-107	
6.2	2.16346635e-31	2.05040535e-25	2.83770460e-20	9.44785007e-16	7.69588394e-12	9.27050291e-09	3.09619679e-06	3.25556602e-04	9.81683664e-03	9.63850825e-02	2.27750167e-01	3.35535282e-01	2.17840050e-01	9.11067056e-02	1.83350397e-02	2.63717895e-03	2.19282141e-04	4.57064717e-05	6.72203975e-09	2.27998233e-13	2.16474226e-18	5.35929592e-24	3.75852237e-30	6.90626100e-37	3.32380257e-44	9.11480929e-52	3.52622939e-71	1.08638758e-90	
6.3	5.33867757e-34	6.96367491e-28	1.38667529e-22	6.80736769e-18	8.10765116e-14	1.49645261e-10	7.71667645e-08	1.31013791e-05	6.21021798e-04	1.08113943e-02	5.27334555e-02	1.66031845e-01	2.49678347e-01	2.71218449e-01	1.54922715e-01	6.61915465e-02	1.85910348e-02	9.17584518e-03	1.11643520e-05	4.06096176e-09	5.23321128e-13	2.25409660e-17	3.32206269e-22	1.60151522e-27	2.57936406e-33	2.64449264e-39	1.20297168e-58	4.32555583e-78	
6.4	3.98918144e-37	7.10220488e-31	2.00940021e-25	1.43697855e-20	2.47096670e-16	6.85404129e-13	5.35179496e-10	1.43111759e-07	1.04464483e-05	3.09422560e-04	2.88979019e-03	1.79404676e-02	5.67596219e-02	1.44094018e-01	2.07259146e-01	2.27474386e-01	1.74263807e-01	1.67920317e-01	1.07589441e-03	2.53734692e-06	2.59269800e-09	1.09855386e-12	1.87182894e-16	1.27859075e-20	3.52633454e-25	6.79050293e-30	3.63782139e-49	1.52875974e-68	
6.5	1.20015593e-40	2.88978679e-34	1.14894645e-28	1.18191199e-23	2.90073936e-19	1.18790709e-15	1.37971454e-12	5.68096833e-10	6.27183776e-08	3.05219637e-06	5.14269047e-05	5.90677077e-04	3.64223149e-03	1.97655037e-02	6.45576557e-02	1.59631326e-01	2.76928167e-01	4.63463608e-01	1.12484145e-02	1.17250618e-04	6.22370101e-07	1.63808849e-09	1.99177242e-12	1.16980323e-15	3.21543050e-19	6.72811129e-23	2.25301057e-39	4.86018021e-57	
6.6	3.99625390e-44	1.28872650e-37	7.13340746e-32	1.04085744e-26	3.60777092e-22	2.14604435e-18	3.64726351e-15	2.26456760e-12	3.71978244e-10	2.88511672e-08	8.35412778e-07	1.68577701e-05	1.90476883e-04	2.04751642e-03	1.38892288e-02	6.90974471e-02	2.34044608e-01	6.33074500e-01	4.60038706e-02	1.60217387e-03	3.20869881e-05	3.66728340e-07	2.17358908e-09	7.33814937e-12	1.30036067e-14	1.91289310e-17	1.13898385e-30	6.17064777e-45	
6.7	1.99757545e-47	8.53906111e-41	6.52840759e-35	1.33275341e-29	6.46102180e-25	5.50011838e-21	1.34718761e-17	1.23725751e-14	2.97782987e-12	3.58332515e-10	1.71206978e-08	5.81186596e-07	1.14326325e-05	2.28043146e-04	2.97664375e-03	2.71590101e-02	1.60982630e-01	6.72544035e-01	1.23605023e-01	1.17624416e-02	7.02892537e-04	2.66658645e-05	5.75105934e-07	8.11547236e-09	6.56618997e-11	4.80234774e-13	1.15659330e-23	3.32857638e-35	
6.8	1.41136427e-50	7.90824267e-44	8.29467882e-38	2.34092358e-32	1.57309351e-27	1.89058491e-23	6.58133886e-20	8.78460293e-17	3.05349835e-14	5.56514194e-12	4.23739795e-10	2.33163084e-08	7.64610208e-07	2.67571837e-05	6.29803981e-04	9.79719440e-03	9.40979890e-02	5.89753935e-01	2.42206133e-01	5.44107475e-02	8.17603724e-03	8.44854374e-04	5.32355500e-05	2.45346181e-06	6.93349529e-08	1.91363054e-09	5.74988940e-18	2.55915980e-27	
6.9	1.19183432e-53	8.65123551e-47	1.23726351e-40	4.77891146e-35	4.41447150e-30	7.39713129e-26	3.61313611e-22	6.89842508e-19	3.41680950e-16	9.23178074e-14	1.08684838e-11	9.38534405e-10	4.94288824e-08	2.89274507e-06	1.16232063e-04	2.91430807e-03	4.30162250e-02	3.96897342e-01	3.31711227e-01	1.57762123e-01	5.25356520e-02	1.27768643e-02	1.99655224e-03	2.48861633e-04	1.99988383e-05	1.67048539e-06	2.45935840e-13	6.35239811e-21	
7	9.31887011e-57	8.65804997e-50	1.67803203e-43	8.79643346e-38	1.10817478e-32	2.55929083e-28	1.73359388e-24	4.66676969e-21	3.25315735e-18	1.27866116e-15	2.26736407e-13	2.98686650e-11	2.44584024e-09	2.29799622e-07	1.50532132e-05	5.82854962e-04	1.27496642e-02	1.71020580e-01	2.70508020e-01	2.50587578e-01	1.68112199e-01	8.62285552e-02	2.95375452e-02	8.61998181e-03	1.68214150e-03	3.55592857e-04	1.21966159e-09	8.39386227e-16	
7.1	4.69949622e-60	5.52112721e-53	1.44133094e-46	1.01824074e-40	1.73632752e-35	5.46738305e-31	5.08105596e-27	1.90361048e-23	1.84652643e-20	1.03850416e-17	2.71193803e-15	5.31750362e-13	6.58281573e-11	9.59050241e-09	9.85488223e-07	5.70321097e-05	1.80298879e-03	3.48486999e-02	9.84687337e-02	1.66424130e-01	2.08942416e-01	2.07746835e-01	1.41941668e-01	8.67086230e-02	3.63171884e-02	1.67399486e-02	7.39745199e-07	7.31356855e-12	
7.2	1.11411609e-63	1.63509182e-56	5.71643974e-50	5.40708054e-44	1.23890847e-38	5.26475109e-34	6.64664919e-30	3.42518805e-26	4.57563235e-23	3.62931563e-20	1.36885320e-17	3.91131148e-15	7.14529721e-13	1.56755939e-10	2.44719990e-08	2.06488884e-06	9.27178142e-05	2.56403624e-03	1.23419657e-02	3.60997380e-02	8.00034867e-02	1.44319253e-01	1.82735024e-01	2.13787785e-01	1.74045414e-01	1.53953882e-01	5.46030093e-05	4.75205812e-09	
7.3	1.57659871e-67	2.85562634e-60	1.32976362e-53	1.67230695e-47	5.11153764e-42	2.90266814e-37	4.93239249e-33	3.45911683e-29	6.30431808e-26	6.96402700e-23	3.73032846e-20	1.52514634e-17	4.02688953e-15	1.29827297e-12	2.99941296e-10	3.62113871e-08	2.28137637e-06	8.97040029e-05	7.06731208e-04	3.42351591e-03	1.27654885e-02	3.95979893e-02	8.76337257e-02	1.82680485e-01	2.66544133e-01	4.05764247e-01	7.91250852e-04	4.11104510e-07	
7.4	2.32496633e-71	5.13507243e-64	3.16885323e-57	5.25993434e-51	2.12942658e-45	1.60027981e-40	3.62790436e-36	3.42855548e-32	8.45227941e-29	1.28625957e-25	9.64293580e-23	5.55230943e-20	2.08120180e-17	9.66504294e-15	3.23381375e-12	5.50571212e-10	4.82373223e-08	2.68079054e-06	3.34178811e-05	2.58484990e-04	1.55872532e-03	7.95503964e-03	2.93374892e-02	1.02644398e-01	2.51089898e-01	6.02324594e-01	4.78430534e-03	1.09178057e-05	
7.5	4.59024937e-75	1.22152800e-67	9.94187728e-61	2.16238883e-54	1.15125045e-48	1.13389245e-43	3.40003219e-39	4.28985256e-35	1.41919590e-31	2.94767290e-28	3.05397949e-25	2.44238842e-22	1.27966138e-19	8.41955405e-17	4.00770583e-14	9.51353454e-12	1.15117384e-09	8.98862969e-08	1.72062499e-06	2.06185078e-05	1.94617333e-04	1.57576091e-03	9.31244224e-03	5.20661989e-02	2.02252979e-01	7.16132835e-01	1.82988863e-02	1.43849892e-04	
7.6	1.24823191e-78	3.95469610e-71	4.22595266e-64	1.19585205e-57	8.31315169e-52	1.06258091e-46	4.17820706e-42	6.97484073e-38	3.07323217e-34	8.64130438e-31	1.22373420e-27	1.34298420e-24	9.70390052e-22	8.92221544e-19	5.95295076e-16	1.95217153e-13	3.24394963e-11	3.53666901e-09	1.01238220e-07	1.83237100e-06	2.63463635e-05	3.28394041e-04	3.01143602e-03	2.58637814e-02	1.52835094e-01	7.64481321e-01	5.22841186e-02	1.16757198e-03	
7.7	4.47986197e-82	1.67023903e-74	2.33322281e-67	8.52987276e-61	7.68693550e-55	1.26236494e-49	6.45289535e-45	1.41255527e-40	8.22917380e-37	3.11008969e-33	5.96086932e-30	8.88032814e-27	8.74479499e-24	1.11080664e-20	1.02611392e-17	4.61317889e-15	1.04747291e-12	1.58422555e-10	6.62779949e-09	1.77240134e-07	3.79232661e-06	7.09335967e-05	9.82437471e-04	1.25606613e-02	1.09229009e-01	7.51405465e-01	1.19257560e-01	6.48995831e-03	
7.8	1.99707900e-85	8.66500331e-78	1.57574743e-70	7.39077522e-64	8.57132959e-58	1.79005105e-52	1.17905478e-47	3.35425885e-43	2.56507361e-39	1.29469686e-35	3.32826167e-32	6.66446286e-29	8.84854577e-26	1.53783635e-22	1.94655314e-19	1.19193590e-16	3.68132301e-14	7.67345074e-12	4.60084353e-10	1.78325551e-08	5.56418677e-07	1.52772038e-05	3.12265116e-04	5.79595732e-03	7.23172540e-02	6.73702678e-01	2.21851568e-01	2.60044256e-02	
7.9	1.04294911e-88	5.21121058e-81	1.22859127e-73	7.34192647e-67	1.08761981e-60	2.85857201e-55	2.40442640e-50	8.80969326e-46	8.77945598e-42	5.88370303e-38	2.01147191e-34	5.36371845e-31	9.50718484e-28	2.24186961e-24	3.85413661e-21	3.19565976e-18	1.33669167e-15	3.81516973e-13	3.21971276e-11	1.77896564e-09	7.95422008e-08	3.14550629e-06	9.30221839e-05	2.45694189e-03	4.31453089e-02	5.39628173e-01	3.37543209e-01	7.71301184e-02	
8	6.11165262e-92	3.48262479e-84	1.06008453e-76	8.01498377e-70	1.50505892e-63	4.92575578e-58	5.24271349e-53	2.45160996e-48	3.16089095e-44	2.79766312e-40	1.26150706e-36	4.44001476e-33	1.04078919e-29	3.30584617e-26	7.66052427e-23	8.55526618e-20	4.82612015e-17	1.87437928e-14	2.19079219e-12	1.70105911e-10	1.07346056e-08	6.01468542e-07	2.53018600e-05	9.35905644e-04	2.27945020e-02	3.80882411e-01	4.21922021e-01	1.73439247e-01	
