4	1.70969566e-01	8.29018714e-01	1.17199522e-05	1.92072052e-18	8.57464519e-38	9.05357955e-57	1.91797278e-76	4.28212596e-96	8.02646286e-116	1.22747559e-135	2.73480972e-157	1.75818866e-178	5.72030969e-199	1.73173742e-219	1.19513414e-239	5.43494776e-260	1.35242113e-280	1.00000000e-300	1.00000000e-300	1.00000000e-300	1.00000000e-300	1.00000000e-300	1.00000000e-300	1.00000000e-300	1.00000000e-300	
4.1	2.85015060e-02	9.70609998e-01	8.88496292e-04	3.09802080e-13	2.14938354e-30	2.71880452e-49	6.29575873e-69	1.68492123e-88	3.81490448e-108	7.03006044e-128	1.99008658e-149	1.40304043e-170	4.89640521e-191	1.43163045e-211	1.14440715e-231	6.00842743e-252	1.49697970e-272	1.64210032e-293	1.00000000e-300	1.00000000e-300	1.00000000e-300	1.00000000e-300	1.00000000e-300	1.00000000e-300	1.00000000e-300	
4.2	5.61885482e-03	9.72273942e-01	2.21071997e-02	3.58430043e-09	4.90303816e-22	9.15074539e-41	2.24868847e-60	7.16937392e-80	1.95718761e-99	4.34451717e-119	1.57718622e-140	1.24010176e-161	4.78957257e-182	1.39794597e-202	1.29690416e-222	7.87840818e-243	1.96988768e-263	2.30864700e-284	1.00000000e-300	1.00000000e-300	1.00000000e-300	1.00000000e-300	1.00000000e-300	1.00000000e-300	1.00000000e-300	
4.3	1.23717517e-03	8.27583932e-01	1.71175039e-01	3.85312665e-06	1.46273726e-15	1.05730602e-29	2.65928056e-49	9.43766990e-69	3.03777554e-88	8.06891098e-108	3.76967361e-129	3.30905338e-150	1.44147019e-170	4.30379539e-191	4.64299897e-211	3.27654757e-231	8.40599499e-252	1.06780217e-272	1.26036741e-293	1.00000000e-300	1.00000000e-300	1.00000000e-300	1.00000000e-300	1.00000000e-300	1.00000000e-300	
4.4	2.83104006e-04	5.38720824e-01	4.60450687e-01	5.45384657e-04	1.18032345e-10	3.92050919e-21	5.61322759e-38	1.61217645e-57	5.34807247e-77	1.59998339e-96	9.61337828e-118	9.35982074e-139	4.60007605e-159	1.41724826e-179	1.78149214e-199	1.46653836e-219	3.98116661e-240	5.52909857e-261	7.31873395e-282	1.00000000e-300	1.00000000e-300	1.00000000e-300	1.00000000e-300	1.00000000e-300	1.00000000e-300	
4.5	8.21800062e-05	2.91254818e-01	6.90178037e-01	1.84843311e-02	6.34146011e-07	1.75852464e-14	1.84696725e-27	2.68268938e-47	6.49660693e-67	1.69632617e-86	1.30845952e-107	1.40940839e-128	7.69777322e-149	2.44398581e-169	3.58664920e-189	3.45384872e-209	1.02290493e-229	1.57032249e-250	2.35482556e-271	1.96811136e-292	1.00000000e-300	1.00000000e-300	1.00000000e-300	1.00000000e-300	1.00000000e-300	
4.6	2.84759494e-05	1.28261133e-01	6.96808488e-01	1.74584594e-01	3.17307629e-04	1.60113364e-09	2.02853079e-19	9.86601869e-39	1.31253259e-58	2.02715562e-78	2.00575422e-99	2.40803299e-120	1.43593423e-140	4.69048022e-161	8.05221597e-181	9.08072627e-201	3.01267887e-221	5.19909652e-242	8.91899549e-263	8.07075874e-284	1.00000000e-300	1.00000000e-300	1.00000000e-300	1.00000000e-300	1.00000000e-300	
4.7	8.34995177e-06	4.10639380e-02	4.59482395e-01	4.83322566e-01	1.61196893e-02	3.06115369e-06	1.08833428e-13	4.57688701e-29	8.61749512e-47	6.84422489e-67	8.67687669e-88	1.17725675e-108	7.59221693e-129	2.54820266e-149	5.12731276e-169	6.77398794e-189	2.57418286e-209	5.10364756e-230	1.00813190e-250	1.03145305e-271	2.74663758e-292	1.00000000e-300	1.00000000e-300	1.00000000e-300	1.00000000e-300	
4.8	1.89216413e-06	1.01493914e-02	2.18123731e-01	6.20529846e-01	1.50852410e-01	3.42728545e-04	1.06592790e-09	6.41585790e-22	5.90464936e-36	2.87198666e-52	4.38802131e-72	6.78849382e-93	4.70224762e-113	1.60643072e-133	3.79590483e-153	5.88064718e-173	2.60983960e-193	6.08574101e-214	1.39126820e-234	1.66459464e-255	4.80173839e-276	1.46462336e-296	1.00000000e-300	1.00000000e-300	1.00000000e-300	
4.9	2.99230432e-07	1.82347195e-03	7.16013470e-02	4.59204997e-01	4.60349962e-01	7.01916887e-03	7.53986961e-07	1.58227489e-16	1.33212583e-27	1.31106553e-40	2.88139086e-56	6.63568296e-74	1.37430193e-92	4.68568463e-113	1.30272619e-132	2.37174101e-152	1.25116902e-172	3.50387031e-193	9.33300209e-214	1.33408646e-234	4.16653330e-255	1.40756505e-275	1.20149640e-295	1.00000000e-300	1.00000000e-300	
5	3.47329457e-08	2.50868892e-04	1.73621520e-02	2.30084387e-01	7.01200182e-01	5.10130721e-02	8.93030954e-05	2.13570733e-12	4.38122706e-21	1.98211932e-31	8.98949056e-44	8.75362360e-58	1.53785331e-72	6.82923809e-91	4.08628135e-110	8.76508227e-130	5.58328169e-150	1.90183760e-170	5.95589878e-191	1.02616432e-211	3.47628417e-232	1.30409397e-252	1.29698648e-272	1.04503822e-292	1.00000000e-300	
5.1	3.36678981e-09	2.98800003e-05	3.55445561e-03	9.19538889e-02	7.09432454e-01	1.92067110e-01	2.96220535e-03	3.32019542e-09	5.80895094e-16	3.75277032e-24	7.42003140e-34	5.58042717e-45	1.22143813e-56	2.83698767e-71	2.15153029e-86	5.43371987e-106	4.22755590e-126	1.74965686e-146	6.49642760e-167	1.34870196e-187	4.98741577e-208	2.07845363e-228	2.41259293e-248	2.25653123e-268	1.77212175e-288	
5.2	2.73252349e-10	3.06555182e-06	6.15310650e-04	2.96837659e-02	5.11122382e-01	4.23452458e-01	3.51221111e-02	9.07527276e-07	5.87230652e-12	2.14664476e-18	5.40293639e-26	8.22097343e-35	5.00020137e-44	1.08633826e-55	1.58453686e-67	4.66399655e-87	4.44240918e-107	2.19885325e-127	9.70976184e-148	2.41983009e-168	9.83786745e-189	4.55944434e-209	6.18748230e-229	6.72497601e-249	6.10584348e-269	
5.3	1.79759419e-11	2.59518251e-07	8.56367133e-05	7.40049702e-03	2.58963122e-01	5.61232751e-01	1.72259807e-01	5.79195899e-05	7.08682545e-09	7.02446070e-14	8.58205340e-20	9.29461180e-27	4.98371328e-34	2.62758812e-43	1.64749778e-52	5.51929253e-72	6.36121894e-92	3.68015351e-112	1.92431358e-132	5.73918286e-153	2.57602736e-173	1.33343031e-193	2.11922022e-213	2.67933864e-233	2.81445795e-253	
5.4	9.81255605e-13	1.84464213e-08	9.75391988e-06	1.45697169e-03	9.63827241e-02	4.81818551e-01	4.19180523e-01	1.14992360e-03	1.53397434e-06	2.28913915e-10	6.40200385e-15	2.18833190e-20	4.29787059e-26	1.90487321e-33	1.56040533e-40	5.76414280e-60	7.84424951e-80	5.20980661e-100	3.19790723e-120	1.13924534e-140	5.65834407e-161	3.30146280e-181	6.15555236e-201	9.06259825e-221	1.10219613e-240	
5.5	4.96204475e-14	1.22337808e-09	1.02020758e-06	2.55249574e-04	3.01541609e-02	3.14502182e-01	6.45156269e-01	9.84116037e-03	8.98314158e-05	1.25486346e-07	4.47176114e-11	2.55407035e-15	9.31061091e-20	1.50390271e-25	6.25143091e-31	1.79196285e-46	5.98942293e-64	3.29207950e-83	2.35668690e-103	1.00089056e-123	5.52743065e-144	3.68743664e-164	8.07976844e-184	1.38670619e-203	1.95420277e-223	
5.6	2.54001481e-15	8.23156067e-11	1.08390763e-07	4.41730534e-05	8.90509238e-03	1.78939091e-01	7.62658029e-01	4.74389879e-02	1.99675724e-03	1.77100269e-05	5.09007985e-08	2.94616056e-11	1.17144417e-14	3.56636514e-19	3.56572255e-23	2.50943830e-35	4.19094358e-49	2.28214357e-64	3.07737261e-81	1.04586093e-99	1.42985882e-119	1.11036297e-139	2.86433667e-159	5.73700347e-179	9.37576662e-199	
5.7	1.32594367e-16	5.63967113e-12	1.16641589e-08	7.55110223e-06	2.50423358e-03	9.10203979e-02	7.38131450e-01	1.46727266e-01	2.07447016e-02	8.50546025e-04	1.37882277e-05	5.44936618e-08	1.55596679e-10	5.33604492e-14	7.18289248e-17	2.58056737e-26	3.89380302e-37	3.37722174e-49	1.44744354e-62	2.83035158e-77	3.90541855e-93	1.66890233e-110	1.43514531e-128	3.35832983e-148	6.37033029e-168	
5.8	6.36390274e-18	3.55086559e-13	1.13435634e-09	1.14047321e-06	6.03753297e-04	3.77625798e-02	5.47407981e-01	2.88767808e-01	1.08433014e-01	1.59013441e-02	1.10029232e-03	2.17643315e-05	3.21753102e-07	8.39728694e-10	9.65326124e-12	5.04201553e-19	1.77345425e-27	5.72661484e-37	1.58135735e-47	3.19184848e-59	7.15781324e-72	9.92397497e-86	4.09472498e-100	1.12079843e-119	2.46995398e-139	
5.9	2.27443756e-19	1.66826509e-14	8.05235478e-11	1.23223500e-07	1.01535503e-04	1.05033782e-02	2.60027452e-01	3.16808724e-01	2.68221211e-01	1.14783647e-01	2.73031801e-02	2.12244969e-03	1.26305787e-04	1.87156220e-06	1.22606294e-07	3.35019390e-13	9.29735885e-20	3.48899705e-27	1.73830559e-35	9.28148183e-45	7.95391976e-55	7.32523592e-66	2.68907201e-77	8.62009146e-97	2.20918660e-116	
6	4.44359432e-21	4.29713477e-16	3.08577419e-12	7.06042228e-09	8.86233827e-06	1.46857380e-03	5.99765240e-02	1.52063247e-01	2.59467116e-01	2.76724727e-01	1.91398325e-01	4.85035651e-02	9.58750760e-03	6.42081557e-04	1.59453931e-04	9.82941144e-09	8.92610524e-14	1.52237570e-19	4.92713458e-26	2.35905233e-33	2.44727995e-41	4.23629198e-50	3.62733776e-59	1.36352241e-78	4.06828523e-98	
6.1	3.36403850e-23	4.29936064e-18	4.55157650e-14	1.53286460e-10	2.87633583e-07	7.43792447e-05	4.87530838e-03	2.37654165e-02	7.55534638e-02	1.77925333e-01	3.14297521e-01	2.24534250e-01	1.26877216e-01	3.14450439e-02	2.06373370e-02	1.44414823e-05	2.07930672e-09	7.52355457e-14	6.93209095e-19	1.25178611e-24	6.29290913e-31	7.46913819e-38	5.14848821e-45	2.27254149e-64	7.90311770e-84	
6.2	7.14814191e-26	1.20842421e-20	1.87600830e-16	9.17088094e-13	2.52993116e-09	9.98616332e-07	1.02677086e-04	9.05607636e-04	5.06812498e-03	2.40205097e-02	9.77619863e-02	1.75225509e-01	2.49915621e-01	1.89387109e-01	2.56424376e-01	1.18597865e-03	1.49868102e-06	6.17911632e-10	8.29281292e-14	2.80194662e-18	3.27921838e-23	1.18789521e-28	2.82981629e-34	1.46885935e-53	5.96157016e-73	
6.3	6.45750487e-29	1.44206429e-23	3.26667433e-19	2.28929426e-15	9.14885494e-12	5.40785040e-09	8.54822214e-07	1.30023762e-05	1.22764072e-04	1.09050643e-03	9.39830764e-03	3.83326533e-02	1.23631433e-01	2.38942217e-01	5.76604968e-01	1.17808849e-02	8.21696642e-05	2.33428714e-07	2.64939466e-10	9.45626227e-14	1.42554118e-17	8.20092651e-22	3.44706638e-26	2.10734370e-45	9.99565374e-65	
6.4	6.50809809e-32	1.91252550e-26	6.26595289e-22	6.22423235e-18	3.55662414e-14	3.09503817e-11	7.38400687e-09	1.86191968e-07	2.86772890e-06	4.51565074e-05	7.67622836e-04	6.55196173e-03	4.33016322e-02	1.81666666e-01	7.17699799e-01	4.86219473e-02	1.32456533e-03	1.74788949e-05	1.08884499e-07	2.58321465e-10	3.10285630e-13	1.67059515e-16	7.25971544e-20	6.35575384e-36	2.90030796e-53	
6.5	9.47854450e-35	3.64785886e-29	1.70601034e-24	2.37731486e-20	1.91963562e-16	2.42160223e-13	8.57107807e-11	3.46535791e-09	8.46436927e-08	2.25819764e-06	7.12419126e-05	1.18364652e-03	1.47077609e-02	1.17500116e-01	7.22379312e-01	1.32644555e-01	1.09971685e-02	5.01413459e-04	1.23042567e-05	1.34514873e-07	8.74009400e-10	2.87734692e-12	8.44851016e-15	1.19655884e-27	1.29751452e-41	
6.6	1.85730599e-37	9.31831182e-32	6.12851632e-27	1.18659368e-22	1.33950160e-18	2.41539086e-15	1.24803420e-12	7.86027462e-11	2.97080378e-09	1.29303012e-07	7.18027540e-06	2.18091703e-04	4.73880098e-03	6.53242755e-02	6.05906741e-01	2.61157131e-01	5.50992602e-02	6.99889302e-03	5.28845682e-04	2.01210423e-05	5.20574158e-07	7.48393698e-09	1.05845730e-10	5.62483532e-21	3.10065518e-32	
6.7	4.12110755e-40	2.68381174e-34	2.44986708e-29	6.53130557e-25	1.02050101e-20	2.59742012e-17	1.93027034e-14	1.84631905e-12	1.05620983e-10	7.26120835e-09	6.77891858e-07	3.56586853e-05	1.27718026e-03	2.83087037e-02	3.88591876e-01	3.53695110e-01	1.66681863e-01	5.04645671e-02	9.80267466e-03	1.05183010e-03	8.54997324e-05	4.13590772e-06	2.15174253e-07	1.34386147e-15	1.10623221e-24	
6.8	8.12478631e-43	6.83963997e-37	8.56795934e-32	3.11809770e-27	6.68023024e-23	2.37300191e-19	2.50235905e-16	3.55556225e-14	3.01789675e-12	3.18628243e-10	4.80589532e-08	4.17994547e-06	2.35494643e-04	7.98844038e-03	1.60290713e-01	2.84303849e-01	2.71507806e-01	1.74693600e-01	7.63594159e-02	1.97569185e-02	4.21126541e-03	5.61693517e-04	8.65751348e-05	2.52596882e-11	1.17354825e-18	
6.9	1.05455582e-45	1.14281412e-39	1.94417294e-34	9.57788928e-30	2.78833406e-25	1.36858687e-21	2.02312833e-18	4.18930362e-16	5.18314793e-14	8.20171136e-12	1.93108783e-09	2.66960159e-07	2.28060506e-05	1.14383728e-03	3.32679902e-02	1.07970299e-01	1.93921626e-01	2.43209178e-01	2.16437160e-01	1.20048983e-01	5.84520531e-02	1.84648068e-02	7.06094546e-03	4.61759469e-08	5.59023370e-14	
7	6.62965609e-49	9.20916782e-43	2.10595884e-37	1.39303368e-32	5.46292666e-28	3.67207404e-24	7.52801029e-21	2.23423114e-18	3.96716297e-16	9.21278553e-14	3.28780830e-11	6.98740666e-09	8.79646602e-07	6.36543302e-05	2.66651580e-03	1.50520660e-02	4.79455789e-02	1.09629813e-01	1.83915107e-01	1.99887947e-01	1.99768896e-01	1.32782577e-01	1.08278128e-01	8.83127236e-06	1.50878725e-10	
7.1	2.06961073e-52	3.66809670e-46	1.11581359e-40	9.83024037e-36	5.14899121e-31	4.70274848e-27	1.32440861e-23	5.55279944e-21	1.39592846e-18	4.67177062e-16	2.46450458e-13	7.83158090e-11	1.42129197e-08	1.45831407e-06	8.75082062e-05	8.23587951e-04	4.43457032e-03	1.75243198e-02	5.21620890e-02	1.03588184e-01	1.95188565e-01	2.48238858e-01	3.77710643e-01	2.40165683e-04	3.56046468e-08	
7.2	5.72649670e-56	1.28846431e-49	5.15830090e-44	6.00393335e-39	4.16490558e-34	5.13258439e-30	1.96935742e-26	1.15195409e-23	4.05161471e-21	1.92355482e-18	1.46862844e-15	6.82003307e-13	1.75463148e-10	2.52129480e-08	2.15632974e-06	3.26504502e-05	2.85560498e-04	1.86612053e-03	9.38105221e-03	3.21915124e-02	1.06697637e-01	2.40080616e-01	6.07395356e-01	2.06550585e-03	1.80693651e-06	
7.3	2.05866419e-59	5.84775584e-53	3.04784464e-47	4.64893535e-42	4.23491333e-37	6.99716852e-33	3.63149572e-29	2.93230381e-26	1.42817099e-23	9.48820756e-21	1.03020930e-17	6.86003910e-15	2.46991619e-12	4.92536116e-10	5.97356725e-08	1.41108816e-06	1.93970785e-05	2.02148744e-04	1.64803377e-03	9.33761889e-03	5.13824684e-02	1.91636705e-01	7.35813892e-01	9.92050739e-03	3.77571301e-05	
7.4	1.03145661e-62	3.67648915e-56	2.46720040e-50	4.89119660e-45	5.80085824e-40	1.27756524e-35	8.91064429e-32	9.84113012e-29	6.57871886e-26	6.04481702e-23	9.19871433e-20	8.64591289e-17	4.31202022e-14	1.18494635e-11	2.02700586e-09	7.26860624e-08	1.52839663e-06	2.46539641e-05	3.15261899e-04	2.84161855e-03	2.47557403e-02	1.45065349e-01	7.93044106e-01	3.35157116e-02	4.35956035e-04	
7.5	6.90707936e-66	3.06892858e-59	2.62170193e-53	6.69855017e-48	1.02527104e-42	2.99337779e-38	2.78944628e-34	4.17945786e-31	3.80481308e-28	4.78627811e-25	1.00855339e-21	1.32062581e-18	9.04805486e-16	3.40658220e-13	8.17001125e-11	4.34149813e-09	1.36463006e-07	3.32275538e-06	6.48245735e-05	9.01514837e-04	1.19680520e-02	1.05630135e-01	7.90852590e-01	8.73724117e-02	3.20700866e-03	
7.6	5.75969267e-69	3.16750661e-62	3.40417235e-56	1.11130124e-50	2.17562428e-45	8.37676950e-41	1.03736992e-36	2.09317142e-33	2.57669544e-30	4.39764462e-27	1.27016523e-23	2.29181788e-20	2.14211729e-17	1.09945430e-14	3.67303797e-12	2.83324487e-10	1.30469402e-08	4.69254030e-07	1.36402729e-05	2.85239818e-04	5.59812899e-03	7.20644468e-02	7.23970469e-01	1.81890528e-01	1.61770637e-02	
7.7	5.55480612e-72	3.75257334e-65	5.01303322e-59	2.07237517e-53	5.14219260e-48	2.59813358e-43	4.25471008e-39	1.14821683e-35	1.89890552e-32	4.36099574e-29	1.71149949e-25	4.21584804e-22	5.34332050e-19	3.72174187e-16	1.72050040e-13	1.89172005e-11	1.25404365e-09	6.53822263e-08	2.77441569e-06	8.53357112e-05	2.41717161e-03	4.43104538e-02	5.91829992e-01	3.03499850e-01	5.78543555e-02	
7.8	5.83143572e-75	4.80106826e-68	7.87657711e-62	4.08555708e-56	1.27297408e-50	8.40084911e-46	1.81099752e-41	6.49393903e-38	1.43400095e-34	4.39769309e-31	2.32744049e-27	7.76410637e-24	1.32721197e-20	1.24913342e-17	7.93758053e-15	1.22352613e-12	1.14997482e-10	8.55029073e-09	5.20404292e-07	2.31031852e-05	9.26755137e-04	2.37712210e-02	4.20731172e-01	4.04766477e-01	1.49780743e-01	
7.9	6.47779019e-78	6.44658641e-71	1.28331839e-64	8.27313612e-59	3.20637524e-53	2.75164100e-48	7.77708201e-44	3.68248484e-40	1.07945031e-36	4.38812016e-33	3.11081733e-29	1.39554227e-25	3.20159835e-22	4.05471587e-19	3.51898287e-16	7.49523303e-14	9.85784880e-12	1.03045841e-09	8.85943766e-08	5.58537781e-06	3.12568291e-04	1.10740356e-02	2.59575246e-01	4.38314213e-01	2.90718262e-01	
8	7.69862528e-81	9.18391613e-74	2.19228581e-67	1.73947040e-61	8.30553999e-56	9.22997317e-51	3.40814159e-46	2.11865497e-42	8.19872662e-39	4.38671645e-35	4.14053001e-31	2.48237409e-27	7.60814067e-24	1.29133925e-20	1.52148901e-17	4.42262140e-15	8.04973137e-13	1.16864329e-10	1.40076512e-08	1.23669288e-06	9.53875370e-05	4.62252754e-03	1.43505415e-01	4.02908277e-01	4.48867143e-01	
