4	7.77821416e-01	2.22178435e-01	1.49289284e-07	1.75330292e-22	7.79231888e-41	2.02924971e-59	3.77886352e-78	3.89573559e-97	2.08328106e-116	6.39043271e-136	5.60564272e-156	4.57951157e-177	2.41026925e-197	1.02130053e-217	3.63452145e-238	4.51814950e-260	6.20388877e-282	1.00000000e-300	1.00000000e-300	1.00000000e-300	1.00000000e-300	1.00000000e-300	1.00000000e-300	1.00000000e-300	1.00000000e-300	1.00000000e-300	1.00000000e-300	1.00000000e-300	1.00000000e-300	1.00000000e-300	
4.1	4.12609512e-01	5.87369183e-01	2.13050757e-05	2.04278038e-16	1.06590227e-34	3.26126561e-53	7.21126470e-72	8.69840488e-91	5.46385648e-110	1.98189855e-129	2.07146021e-149	1.68275957e-170	1.06676614e-190	5.46961384e-211	2.35423333e-231	3.43511691e-253	5.73695562e-275	2.98844910e-296	1.00000000e-300	1.00000000e-300	1.00000000e-300	1.00000000e-300	1.00000000e-300	1.00000000e-300	1.00000000e-300	1.00000000e-300	1.00000000e-300	1.00000000e-300	1.00000000e-300	1.00000000e-300	
4.2	1.51375838e-01	8.47867309e-01	7.56853149e-04	7.21545135e-12	9.22866432e-27	3.31728882e-45	8.70981237e-64	1.22924110e-82	9.06974808e-102	3.89024156e-121	4.84474920e-141	3.98050250e-162	3.03936357e-182	1.88569523e-202	9.81667663e-223	1.69604243e-244	3.44612002e-266	1.74178419e-287	1.00000000e-300	1.00000000e-300	1.00000000e-300	1.00000000e-300	1.00000000e-300	1.00000000e-300	1.00000000e-300	1.00000000e-300	1.00000000e-300	1.00000000e-300	1.00000000e-300	1.00000000e-300	
4.3	5.13003547e-02	9.37202910e-01	1.14967192e-02	1.58912107e-08	1.35319235e-19	8.67001725e-37	2.70296928e-55	4.46343883e-74	3.86836781e-93	1.96205489e-112	2.91143216e-132	2.46505923e-153	2.26711723e-173	1.70201441e-193	1.07166251e-213	2.22333854e-235	5.53158729e-257	2.78453356e-278	3.16209389e-299	1.00000000e-300	1.00000000e-300	1.00000000e-300	1.00000000e-300	1.00000000e-300	1.00000000e-300	1.00000000e-300	1.00000000e-300	1.00000000e-300	1.00000000e-300	1.00000000e-300	
4.4	1.73051655e-02	8.87664055e-01	9.50255349e-02	5.24425703e-06	3.55825718e-14	4.13257801e-27	7.05383710e-45	1.36286016e-63	1.38742592e-82	8.32134350e-102	1.47125739e-121	1.31023011e-142	1.45142309e-162	1.31850464e-182	1.00409300e-202	2.53489065e-224	7.78223133e-246	4.05937684e-267	5.10431738e-288	1.00000000e-300	1.00000000e-300	1.00000000e-300	1.00000000e-300	1.00000000e-300	1.00000000e-300	1.00000000e-300	1.00000000e-300	1.00000000e-300	1.00000000e-300	1.00000000e-300	
4.5	4.71444005e-03	6.01959451e-01	3.92926411e-01	3.99697442e-04	3.61439838e-10	9.36084013e-20	3.83214073e-33	8.66110541e-52	1.03567671e-70	7.34522490e-90	1.54739256e-109	1.48159493e-130	1.97685952e-150	2.17302023e-170	2.00141860e-190	6.19586286e-212	2.35153174e-233	1.32078844e-254	1.84674257e-275	1.32911769e-295	1.00000000e-300	1.00000000e-300	1.00000000e-300	1.00000000e-300	1.00000000e-300	1.00000000e-300	1.00000000e-300	1.00000000e-300	1.00000000e-300	1.00000000e-300	
4.6	8.60372566e-04	2.48101956e-01	7.42868818e-01	8.16854788e-03	3.05652802e-07	2.61643100e-14	3.27254838e-24	3.68533472e-39	6.72744559e-58	5.64188961e-77	1.41618316e-96	1.48879778e-117	2.39266543e-137	3.18251042e-157	3.54311443e-177	1.34635736e-198	6.25956522e-220	3.88800116e-241	6.02516242e-262	5.04463643e-282	1.00000000e-300	1.00000000e-300	1.00000000e-300	1.00000000e-300	1.00000000e-300	1.00000000e-300	1.00000000e-300	1.00000000e-300	1.00000000e-300	1.00000000e-300	
4.7	1.29545528e-04	7.79602688e-02	8.54110245e-01	6.77506111e-02	4.93288939e-05	2.99658151e-10	1.79243202e-17	1.11432619e-28	6.41023350e-43	5.54749704e-61	1.65911415e-80	1.94813567e-101	3.77091116e-121	6.06896860e-141	8.13256676e-161	3.78304667e-182	2.11531286e-203	1.46956938e-224	2.49122202e-245	2.43157548e-265	1.11039463e-285	1.00000000e-300	1.00000000e-300	1.00000000e-300	1.00000000e-300	1.00000000e-300	1.00000000e-300	1.00000000e-300	1.00000000e-300	1.00000000e-300	
4.8	1.75471391e-05	2.06586736e-02	6.90055196e-01	2.86920192e-01	2.34802236e-03	3.68600906e-07	1.88717438e-12	9.16757611e-21	1.84704563e-31	3.20503146e-45	6.36284849e-62	8.44888719e-83	1.96739222e-102	3.82694868e-122	6.04884771e-142	3.43831048e-163	2.26853857e-184	1.76431499e-205	3.21450237e-226	3.66531818e-246	1.87415284e-266	8.00683916e-287	1.00000000e-300	1.00000000e-300	1.00000000e-300	1.00000000e-300	1.00000000e-300	1.00000000e-300	1.00000000e-300	1.00000000e-300	
4.9	1.87937107e-06	4.10507496e-03	3.58642198e-01	6.01356779e-01	3.58214867e-02	7.25728691e-05	9.24960178e-09	5.36667266e-15	4.61494794e-23	1.98724027e-33	3.35318308e-46	6.65758542e-63	1.83709221e-82	4.25994372e-102	7.41353583e-122	5.15688357e-143	3.96860413e-164	3.45333240e-185	6.66486355e-206	8.89660313e-226	5.20439626e-246	2.40159306e-266	4.65487257e-287	1.00000000e-300	1.00000000e-300	1.00000000e-300	1.00000000e-300	1.00000000e-300	1.00000000e-300	1.00000000e-300	
5	1.60706566e-07	6.23570601e-04	1.24383973e-01	6.70269311e-01	2.01633689e-01	3.08470671e-03	4.58882221e-06	8.28495777e-11	5.42600988e-17	7.92525268e-25	1.69400659e-34	1.32861231e-47	4.57748160e-65	3.18843409e-84	5.18101694e-104	4.41964474e-125	3.95309989e-146	3.86199542e-167	7.82455199e-188	1.22528187e-207	8.35417557e-228	4.16671267e-248	9.39464437e-269	1.51670119e-289	1.00000000e-300	1.00000000e-300	1.00000000e-300	1.00000000e-300	1.00000000e-300	1.00000000e-300	
5.1	1.16884524e-08	7.77230730e-05	3.12661013e-02	4.41830220e-01	4.89338326e-01	3.70963879e-02	3.91129174e-04	1.00221869e-07	1.76848767e-12	1.64010559e-18	7.87368942e-26	4.52377367e-36	9.44627171e-50	8.78085633e-65	8.02959388e-82	4.27781679e-102	4.43566434e-123	4.89345703e-144	1.03581012e-164	1.90679673e-184	1.53930343e-204	8.39049498e-225	2.19843865e-245	4.17986696e-266	9.24575458e-287	1.00000000e-300	1.00000000e-300	1.00000000e-300	1.00000000e-300	1.00000000e-300	
5.2	7.88308618e-10	8.72198593e-06	6.34853404e-03	1.97182961e-01	6.18168650e-01	1.69404871e-01	8.86700498e-03	1.92517742e-05	4.73264224e-09	9.93028136e-14	2.47453556e-19	2.68721734e-27	4.12055507e-38	5.28989492e-50	1.34992260e-63	9.50300513e-80	2.71542524e-97	5.65233162e-116	1.25077043e-136	2.71235601e-156	2.62583476e-176	1.59408147e-196	4.87371924e-217	1.10322299e-237	2.80766185e-258	6.26430577e-279	1.96585213e-299	1.00000000e-300	1.00000000e-300	1.00000000e-300	
5.3	5.10520876e-11	9.17016561e-07	1.10868313e-03	6.58315035e-02	4.78399018e-01	3.78323392e-01	7.53841487e-02	9.50325066e-04	2.01208359e-06	5.02725324e-10	2.44549430e-14	1.69063735e-20	4.25415725e-29	1.45621719e-38	1.93324596e-49	2.67417051e-62	2.51618722e-76	2.91589964e-91	3.12720296e-108	1.70627503e-125	1.99783977e-145	1.37903789e-165	4.94466675e-186	1.34491665e-206	3.94470804e-227	1.02064416e-247	3.65145649e-268	3.57334320e-288	1.00000000e-300	1.00000000e-300	
5.4	2.85261102e-12	8.15034537e-08	1.54082447e-04	1.58772889e-02	2.33144715e-01	4.53955338e-01	2.81241383e-01	1.54325361e-02	1.94208234e-04	3.65739171e-07	1.86179778e-10	3.43993066e-15	5.00255986e-22	1.43365165e-29	2.82724771e-38	1.68444487e-48	1.03791641e-59	1.18970812e-71	2.97652657e-85	6.55001871e-99	9.28592004e-119	7.40197051e-139	3.11739359e-159	1.02413109e-179	3.46641356e-200	1.04193187e-220	4.25808403e-241	4.87323212e-261	4.54020787e-281	1.00000000e-300	
5.5	1.24778370e-13	5.57854804e-09	1.58539157e-05	2.66949997e-03	7.25064038e-02	3.10294369e-01	5.11207815e-01	9.77835445e-02	5.46744060e-03	5.48785517e-05	1.88536155e-07	4.70900240e-11	1.82442530e-16	1.85381234e-22	2.07921805e-29	1.60638153e-37	1.80740412e-46	5.21542234e-56	6.57652351e-67	1.12180104e-77	1.90769512e-97	1.76553430e-117	8.71124570e-138	3.45651434e-158	1.34928382e-178	4.71258517e-199	2.20963885e-219	2.96252246e-239	3.21157357e-259	2.94286094e-279	
5.6	4.17990696e-15	2.88329484e-10	1.20200683e-06	3.19064996e-04	1.51596028e-02	1.31169934e-01	5.08860682e-01	2.85697290e-01	5.64434701e-02	2.31019109e-03	3.84865468e-05	7.69282245e-08	4.35934840e-12	8.09350821e-17	2.43723340e-22	9.49505394e-29	7.13250580e-36	1.76013101e-43	3.33948821e-52	1.19139491e-60	2.38560005e-80	2.55256048e-100	1.47080951e-120	7.02523157e-141	3.16185536e-161	1.28367898e-181	6.96829813e-202	1.09636320e-221	1.38442982e-241	1.46916073e-261	
5.7	9.97106810e-17	1.04750617e-11	6.30856386e-08	2.59046625e-05	2.07657601e-03	3.41076076e-02	2.83302730e-01	4.08274016e-01	2.37922670e-01	3.22519706e-02	2.01673847e-03	2.17123587e-05	1.12178060e-08	2.25977326e-12	1.00807558e-16	9.42090812e-22	2.13940207e-27	1.92993875e-33	2.12245533e-40	5.60861415e-47	5.79640559e-64	1.65181001e-82	1.72927604e-102	9.91648337e-123	5.16400132e-143	2.44507638e-163	1.55735365e-183	2.88045702e-203	4.24139269e-223	5.21674060e-243	
5.8	1.55289866e-18	2.45405013e-13	2.11319040e-09	1.32950686e-06	1.75493485e-04	5.21391951e-03	8.60061150e-02	2.86281812e-01	4.26771738e-01	1.62897297e-01	3.12983446e-02	1.34957590e-03	4.36710703e-06	6.31494835e-09	2.59655599e-12	3.24159047e-16	1.19160871e-20	2.01440322e-25	6.06886433e-31	5.26400530e-36	2.17056201e-49	4.26481124e-64	5.39010768e-80	2.93877230e-97	1.11962910e-115	2.39280337e-135	1.81658318e-155	3.95686136e-175	6.80160577e-195	9.70422758e-215	
5.9	1.56784370e-20	3.68670824e-15	4.50471585e-11	4.30994624e-08	9.20913117e-06	4.76254282e-04	1.46895474e-02	1.03798660e-01	3.53718327e-01	3.34677102e-01	1.68907308e-01	2.33696353e-02	3.51283147e-04	2.62465777e-06	6.80247800e-09	7.14941518e-12	2.60081661e-15	4.88589000e-19	2.25983552e-23	3.44039652e-27	1.07039631e-37	2.47776392e-49	5.83729348e-62	1.04475733e-75	2.02392960e-90	3.57571485e-106	4.28731440e-123	1.34480467e-140	2.70166416e-160	4.47535459e-180	
6	1.05460087e-22	3.65169477e-17	6.29250433e-13	9.08525612e-10	3.10061080e-07	2.70644796e-05	1.48653864e-03	2.08181621e-02	1.48299452e-01	3.14431623e-01	3.68641032e-01	1.38438204e-01	7.62800622e-03	2.26853958e-04	2.73583327e-06	1.68418233e-08	4.12392260e-11	5.74823210e-14	2.63578295e-17	4.31454478e-20	2.67110879e-28	1.78608612e-37	1.77298194e-47	2.10072979e-58	3.82576189e-70	9.38811205e-83	2.64453120e-96	2.61127861e-110	6.13840764e-130	1.18171972e-149	
6.1	5.15662632e-25	2.60106450e-19	6.28747925e-15	1.36188638e-11	7.32912862e-09	1.05340399e-06	9.89575411e-05	2.59521940e-03	3.59722642e-02	1.57597518e-01	3.89781684e-01	3.49555610e-01	5.85091561e-02	5.63322711e-03	2.48457513e-04	6.76197762e-06	8.27558604e-08	6.29117909e-10	2.04603671e-12	2.33355718e-14	9.72509132e-21	6.07223482e-28	7.70939174e-36	1.68415425e-44	7.51988377e-54	6.21957547e-64	8.96811093e-75	5.63690486e-86	1.55244723e-105	3.47684763e-125	
6.2	2.00535964e-27	1.45783889e-21	4.91944593e-17	1.58849084e-13	1.33082334e-10	3.08245487e-08	4.78651686e-06	2.24168171e-04	5.70513222e-03	4.83420314e-02	2.33742203e-01	4.53150728e-01	1.98546218e-01	5.25622116e-02	7.00905575e-03	6.79272834e-04	3.30602521e-05	1.08132948e-06	1.88843675e-08	9.81661221e-10	1.13162553e-14	2.63521551e-20	1.63325187e-26	2.35794272e-33	8.82449938e-41	7.97440675e-49	1.74836739e-57	1.96450130e-66	6.34711302e-86	1.65553252e-105	
6.3	5.86534631e-30	6.08200443e-24	2.85186938e-19	1.36308453e-15	1.75570520e-12	6.42191780e-10	1.60087566e-07	1.28563746e-05	5.72874257e-04	8.89049220e-03	7.90872692e-02	3.06274787e-01	3.12120926e-01	1.99756661e-01	6.93502916e-02	2.02464793e-02	3.27572428e-03	3.79417600e-04	2.75868743e-05	4.47303505e-06	6.93948688e-10	2.84872811e-14	3.94338334e-19	1.64584654e-24	2.18342344e-30	8.77713690e-37	1.11033115e-43	8.12947498e-51	3.08563473e-70	9.38479074e-90	
6.4	9.55309835e-33	1.39823630e-26	9.07019224e-22	6.36871530e-18	1.24392845e-14	7.05810559e-12	2.75322319e-09	3.66039724e-07	2.74444717e-05	7.45328861e-04	1.16146652e-02	8.42988900e-02	1.81755795e-01	2.53903163e-01	2.04026125e-01	1.57118360e-01	7.29952558e-02	2.52097657e-02	6.00878489e-03	2.29332769e-03	2.72446576e-06	1.07709847e-09	1.76620066e-13	1.09284689e-17	2.56694482e-22	2.23412886e-27	7.50012532e-33	1.60418017e-38	7.16375731e-58	2.54395694e-77	
6.5	4.47092857e-36	9.13710893e-30	8.16411198e-25	8.35170476e-21	2.43949515e-17	2.11253032e-14	1.26063290e-11	2.69026687e-09	3.28085932e-07	1.49975300e-05	3.93207010e-04	5.07722128e-03	2.14637662e-02	6.03143568e-02	1.02159028e-01	1.85921607e-01	2.18978751e-01	1.92865486e-01	1.21415747e-01	9.08530736e-02	5.41142401e-04	1.28472830e-06	1.50296156e-09	8.05434633e-13	1.90911209e-16	2.01370154e-20	9.59798747e-25	3.16923588e-29	2.50758768e-48	1.04120135e-67	
6.6	6.19980719e-40	1.75105291e-33	2.14578433e-28	3.16534509e-24	1.36475740e-20	1.77581217e-17	1.58893384e-14	5.29619603e-12	1.02000735e-09	7.58737256e-08	3.23423581e-06	7.11386925e-05	5.54493562e-04	2.93490346e-03	9.71985325e-03	3.80791887e-02	1.02083656e-01	1.99632907e-01	2.76683727e-01	3.62212694e-01	7.94426514e-03	7.94139445e-05	4.47208264e-07	1.35603858e-09	2.06450441e-12	1.65195805e-15	6.75205826e-19	2.07284798e-22	9.16653114e-38	3.37463553e-54	
6.7	8.15130031e-44	3.15171197e-37	5.27413535e-32	1.10952391e-27	6.97430286e-24	1.34424691e-20	1.77169175e-17	9.00232178e-15	2.66750698e-12	3.13425002e-10	2.10858064e-08	7.61263175e-07	1.03975146e-05	9.82181911e-05	5.98237870e-04	4.65910711e-03	2.59162693e-02	1.00165453e-01	2.65278978e-01	5.65515437e-01	3.65470584e-02	1.18584167e-03	2.39218978e-05	2.95515654e-07	2.02703948e-09	8.45568516e-12	1.98027429e-14	3.77534464e-17	1.67721050e-29	8.32948128e-43	
6.8	1.60796058e-47	8.43715082e-41	1.91981119e-35	5.70102210e-31	5.15777589e-27	1.45357206e-23	2.77765912e-20	2.10586728e-17	9.38091563e-15	1.69562640e-12	1.75376954e-10	1.00636366e-08	2.30671399e-07	3.71542254e-06	3.95414494e-05	5.72040012e-04	6.10373226e-03	4.24847786e-02	1.93990557e-01	6.43084553e-01	1.04104737e-01	9.06769059e-03	5.27200669e-04	2.07173861e-05	4.88379153e-07	7.90551465e-09	7.72752408e-11	6.63714461e-13	7.57834478e-23	1.22033588e-33	
6.9	4.68772790e-51	3.31067608e-44	1.01998637e-38	4.23866399e-34	5.45134914e-30	2.21711156e-26	6.05753945e-23	6.72408903e-20	4.41215716e-17	1.19835071e-14	1.86139370e-12	1.65031702e-10	6.11654551e-09	1.61516804e-07	2.87495017e-06	7.29200634e-05	1.39686520e-03	1.62979516e-02	1.19444143e-01	5.97524332e-01	2.14718673e-01	4.36216726e-02	6.22798423e-03	6.47407232e-04	4.27983061e-05	2.13951636e-06	6.83035439e-08	2.04660298e-09	2.03361527e-17	3.42159868e-26	
7	1.73801732e-54	1.63914986e-47	6.80929398e-42	3.93110839e-37	7.10824574e-33	4.11696046e-29	1.58850573e-25	2.53948456e-22	2.41099128e-19	9.63785557e-17	2.20181757e-14	2.94162454e-12	1.70659105e-10	7.13930143e-09	2.04665737e-07	8.66684626e-06	2.81995742e-04	5.22476733e-03	5.85208816e-02	4.33091028e-01	3.15042586e-01	1.34246866e-01	4.17630325e-02	1.00023142e-02	1.59200721e-03	2.06313973e-04	1.78117388e-05	1.51660507e-06	5.54650789e-13	3.96667487e-20	
7.1	6.41139531e-58	8.01143026e-51	4.46928018e-45	3.56234426e-40	8.97115592e-36	7.30861050e-32	3.93949218e-28	8.94017786e-25	1.20895756e-21	6.98514159e-19	2.30405458e-16	4.53783254e-14	4.00566090e-12	2.57608471e-10	1.15094712e-08	7.80770946e-07	4.12037514e-05	1.16431272e-03	1.92729393e-02	2.08170443e-01	2.85267597e-01	2.34884808e-01	1.45340243e-01	7.22100620e-02	2.46501507e-02	7.23844296e-03	1.46003597e-03	2.98966846e-04	2.02951425e-09	3.02049801e-15	
7.2	1.62177126e-61	2.66281375e-54	1.98703272e-48	2.17468753e-43	7.56597107e-39	8.57856187e-35	6.39816714e-31	2.03539050e-27	3.86668260e-24	3.17825895e-21	1.48904285e-18	4.24158699e-16	5.55895959e-14	5.35452367e-12	3.62351953e-10	3.80311213e-08	3.13307654e-06	1.31020430e-04	3.13108614e-03	4.88782578e-02	1.19140897e-01	1.77685131e-01	2.03689866e-01	1.93553407e-01	1.29608670e-01	7.76324884e-02	3.25863416e-02	1.39586427e-02	1.01965439e-06	1.79234600e-11	
7.3	1.99173596e-65	4.26019923e-58	4.23625239e-52	6.33070543e-47	3.02180398e-42	4.72593656e-38	4.83603176e-34	2.13298357e-30	5.62421301e-27	6.48593076e-24	4.25365795e-21	1.72373782e-18	3.28395509e-16	4.63298801e-14	4.63337138e-12	7.30830328e-10	9.10798216e-08	5.51176156e-06	1.87039500e-04	4.18667819e-03	1.73096908e-02	4.43705439e-02	8.90311107e-02	1.51754116e-01	1.85862142e-01	2.08840740e-01	1.66144798e-01	1.32240258e-01	6.72704032e-05	8.91350403e-09	
7.4	1.47022523e-69	4.06040358e-62	5.36067769e-56	1.08759527e-50	7.07852467e-46	1.51551892e-41	2.11178383e-37	1.27886849e-33	4.63107550e-30	7.40278840e-27	6.70839112e-24	3.81247277e-21	1.03668952e-18	2.10138476e-16	3.04076506e-14	7.03725686e-12	1.29299778e-09	1.11336180e-07	5.30162282e-06	1.68971039e-04	1.13855283e-03	4.80267445e-03	1.60968645e-02	4.67110794e-02	9.89156097e-02	1.94741268e-01	2.72082190e-01	3.64423849e-01	9.12888324e-04	6.38879150e-07	
7.5	1.10932209e-73	3.91987236e-66	6.84666278e-60	1.87511789e-54	1.65377910e-49	4.81599679e-45	9.07572996e-41	7.48036776e-37	3.68523989e-33	8.07915260e-30	9.99988110e-27	7.87287228e-24	3.00729462e-21	8.61414542e-19	1.77104044e-16	5.89658348e-14	1.56378830e-11	1.89124595e-09	1.25262355e-07	5.64676800e-06	5.99407124e-05	4.01402473e-04	2.16221514e-03	1.02333345e-02	3.57821850e-02	1.16659817e-01	2.68965211e-01	5.60458885e-01	5.25656396e-03	1.46712248e-05	
7.6	1.09646631e-77	4.91108197e-70	1.13092813e-63	4.15798671e-58	4.93836618e-53	1.94421738e-48	4.92383064e-44	5.47893256e-40	3.64082384e-36	1.08430203e-32	1.81403600e-29	1.95790292e-26	1.03616852e-23	4.13396438e-21	1.18864729e-18	5.60134288e-16	2.10685639e-13	3.54216138e-11	3.24058970e-09	2.05265101e-07	3.33053678e-06	3.43747853e-05	2.88264760e-04	2.14803134e-03	1.19419817e-02	6.15671463e-02	2.22753477e-01	6.81790902e-01	1.93003446e-02	1.71938766e-04	
7.7	1.47125556e-81	8.27328753e-74	2.50321310e-67	1.22895009e-61	1.95360316e-56	1.03334188e-51	3.49631532e-47	5.21266159e-43	4.63502596e-39	1.85894310e-35	4.16311022e-32	6.10448111e-29	4.42229597e-26	2.42671082e-23	9.62474604e-21	6.33282092e-18	3.32937767e-15	7.71595710e-13	9.69376797e-11	8.56947303e-09	2.06944497e-07	3.21075906e-06	4.08133224e-05	4.65056254e-04	3.98432085e-03	3.12981775e-02	1.70790485e-01	7.38791046e-01	5.33553168e-02	1.27135883e-03	
7.8	2.58762590e-85	1.80903212e-77	7.16714684e-71	4.67455960e-65	9.88789232e-60	6.98360942e-55	3.13956401e-50	6.22619203e-46	7.35163062e-42	3.93840378e-38	1.16989423e-34	2.31226175e-31	2.26823074e-28	1.69287067e-25	9.14959239e-23	8.31108479e-20	6.03334148e-17	1.91378636e-14	3.28471273e-12	4.02464555e-10	1.41390954e-08	3.22692585e-07	6.07610328e-06	1.03269488e-04	1.32787905e-03	1.54277295e-02	1.23122512e-01	7.34755899e-01	1.18687264e-01	6.56903337e-03	
7.9	5.65326057e-89	4.86477843e-81	2.51500357e-74	2.16834465e-68	6.06896850e-63	5.68946309e-58	3.38110192e-53	8.85676557e-49	1.37836987e-44	9.78641339e-41	3.82174925e-37	1.01107739e-33	1.32974211e-30	1.33604524e-27	9.73212762e-25	1.20872648e-21	1.19926802e-18	5.17470909e-16	1.20765427e-13	2.03685801e-11	1.02074652e-09	3.36302511e-08	9.19508074e-07	2.28151297e-05	4.30429174e-04	7.22158954e-03	8.23023363e-02	6.67695384e-01	2.17390853e-01	2.49356390e-02	
8	1.45508410e-92	1.52567980e-84	1.02558977e-77	1.16315656e-71	4.28449582e-66	5.30085925e-61	4.14438409e-56	1.42430950e-51	2.90033352e-47	2.70843789e-43	1.37832478e-39	4.85049986e-36	8.47309277e-33	1.13519448e-29	1.10312461e-26	1.85786601e-23	2.49740035e-20	1.45774503e-17	4.60528574e-15	1.06205500e-12	7.45437817e-11	3.48843741e-09	1.36136296e-07	4.84115084e-06	1.31433943e-04	3.12394200e-03	4.99193188e-02	5.45612702e-01	3.29717307e-01	7.14903156e-02	
