4	9.99977936e-01	2.20635680e-05	3.06248295e-20	2.59251232e-39	9.82157332e-59	1.47574994e-78	8.35073330e-99	2.56613227e-118	5.19715623e-138	7.62186065e-158	
4.1	9.98078898e-01	1.92110208e-03	1.43478797e-14	1.45437255e-33	5.82459622e-53	8.80259248e-73	6.26483366e-93	2.24648269e-112	5.27556358e-132	8.92963115e-152	
4.2	9.33475335e-01	6.65246645e-02	4.84283865e-10	1.87580174e-27	8.10512604e-47	1.25975515e-66	1.14206532e-86	4.78740973e-106	1.30491221e-125	2.55097347e-145	
4.3	4.33350096e-01	5.66648869e-01	1.03528469e-06	6.71138559e-20	3.15800188e-39	5.14591525e-59	5.94082770e-79	2.91637345e-98	9.23572289e-118	2.08665973e-137	
4.4	7.47673727e-02	9.25093448e-01	1.39179003e-04	2.11755723e-14	6.73800307e-30	1.17308539e-49	1.67073338e-69	9.62182318e-89	3.54372772e-108	9.25978170e-128	
4.5	1.80354952e-02	9.77552592e-01	4.41191267e-03	3.12197824e-10	4.66600609e-22	5.02974146e-39	8.16528400e-59	5.52638155e-78	2.36946811e-97	7.16578795e-117	
4.6	7.75684460e-03	9.42022685e-01	5.02200507e-02	4.19855911e-07	5.10447503e-16	3.69037341e-29	2.84225549e-48	2.26470932e-67	1.13152299e-86	3.96348342e-106	
4.7	3.74730713e-03	7.55495758e-01	2.40679214e-01	7.77211727e-05	1.82018303e-11	1.43595339e-21	1.46752889e-36	5.12897873e-54	2.98926374e-73	1.21373184e-92	
4.8	1.41205483e-03	4.37407995e-01	5.58163119e-01	3.01678838e-03	4.25541674e-08	8.39307231e-16	1.61962103e-27	5.06154852e-41	3.44470659e-60	1.62263430e-79	
4.9	4.03401460e-04	1.90825277e-01	7.70392960e-01	3.83649544e-02	1.34075431e-05	2.06241575e-11	1.66175858e-20	7.57518153e-31	6.02654123e-50	3.29636220e-69	
5	8.99423987e-05	6.57420273e-02	7.18708609e-01	2.14493598e-01	9.65775859e-04	4.75234543e-08	4.93757954e-15	7.77424357e-23	7.23811630e-42	4.60161881e-61	
5.1	1.38467082e-05	1.58571008e-02	4.19337635e-01	5.45286091e-01	1.94896861e-02	1.56402849e-05	8.33446875e-11	1.44265055e-16	1.57373479e-35	1.16408251e-54	
5.2	1.48018410e-06	2.68437288e-03	1.57630265e-01	7.01032067e-01	1.37574269e-01	1.07740277e-03	1.42149829e-07	1.08885649e-11	1.39343131e-30	1.20058185e-49	
5.3	1.16658664e-07	3.36818359e-04	4.10735076e-02	5.18263728e-01	4.18775396e-01	2.15109803e-02	3.93881516e-05	6.47556903e-08	9.73446273e-27	9.78151180e-46	
5.4	6.74654148e-09	3.10385218e-05	7.42831749e-03	2.30022133e-01	6.09681140e-01	1.50384009e-01	2.40561028e-03	4.77446836e-05	1.44187026e-23	1.69193286e-42	
5.5	2.86501747e-10	2.09171115e-06	9.36082138e-04	6.35202977e-02	4.61385387e-01	4.26794491e-01	4.11275501e-02	6.23409976e-03	2.14646589e-17	7.98224267e-35	
5.6	7.53234522e-12	8.65098755e-08	6.94932178e-05	9.46043688e-03	1.63423071e-01	4.65395292e-01	2.00469327e-01	1.61182293e-01	9.81805287e-13	1.97744854e-26	
5.7	7.66249855e-14	1.36881470e-09	1.90029585e-06	4.84521056e-04	1.78252026e-02	1.33457574e-01	2.02393617e-01	6.45837182e-01	1.58430776e-09	3.12072786e-20	
5.8	5.58476326e-16	1.53345791e-11	3.55667926e-08	1.60903941e-05	1.15746164e-03	2.00773406e-02	8.86383504e-02	8.90110450e-01	2.71375216e-07	1.34232105e-15	
5.9	5.77383777e-18	2.40585449e-13	9.05680893e-10	6.95870057e-07	9.15312872e-05	3.32472603e-03	3.67460112e-02	9.59822754e-01	1.42803311e-05	6.02312355e-12	
6	9.37539672e-20	5.84546660e-15	3.48253502e-11	4.38618937e-08	1.00018500e-05	7.01544596e-04	1.72099360e-02	9.81740918e-01	3.37550423e-04	5.14783773e-09	
6.1	2.38887478e-21	2.19829878e-16	2.02227187e-12	4.05498525e-09	1.53697875e-06	1.94970800e-04	9.62560346e-03	9.85919527e-01	4.25717003e-03	1.18770040e-06	
6.2	9.33462512e-23	1.25102991e-17	1.73577390e-13	5.40461393e-10	3.28969657e-07	7.15674824e-05	6.54275024e-03	9.62197178e-01	3.10957464e-02	9.24284008e-05	
6.3	4.93431933e-24	9.50593911e-19	1.94736800e-14	9.21740984e-11	8.75616135e-08	3.12615506e-05	4.91049075e-03	8.59361433e-01	1.32954946e-01	2.74178093e-03	
6.4	2.83923101e-25	7.76605708e-20	2.30588950e-15	1.62922209e-11	2.35932240e-08	1.33057830e-05	3.35263153e-03	6.35405296e-01	3.27840932e-01	3.33878112e-02	
6.5	1.45174995e-26	5.57967603e-21	2.36399543e-16	2.45306970e-12	5.30981821e-09	4.57536187e-06	1.74102766e-03	3.51959992e-01	4.66863951e-01	1.79430449e-01	
6.6	5.84715304e-28	3.13057738e-22	1.86836748e-17	2.80424228e-13	8.91219188e-10	1.14115798e-06	6.24760035e-04	1.37967454e-01	3.96676942e-01	4.64729702e-01	
6.7	1.99755315e-29	1.47826550e-23	1.22978035e-18	2.63154227e-14	1.20746544e-10	2.24386411e-07	1.70668733e-04	4.26774692e-02	2.38442730e-01	7.18708908e-01	
6.8	6.85051620e-31	6.95493193e-25	7.99090837e-20	2.40611367e-15	1.56963102e-11	4.15210858e-08	4.28947688e-05	1.25889339e-02	1.27052544e-01	8.60315585e-01	
6.9	2.58302523e-32	3.57157095e-26	5.61967018e-21	2.35374536e-16	2.15364313e-12	7.98654599e-09	1.10608929e-05	3.93112527e-03	6.80553429e-02	9.28002463e-01	
7	1.09309518e-33	2.04408877e-27	4.37042118e-22	2.52081968e-17	3.19757006e-13	1.64206779e-09	3.02789640e-06	1.33697462e-03	3.81922987e-02	9.60467697e-01	
7.1	5.17617114e-35	1.30006224e-28	3.75042276e-23	2.95262558e-18	5.14034572e-14	3.61460827e-10	8.84538219e-07	4.95013657e-04	2.26131553e-02	9.76890946e-01	
7.2	2.71717052e-36	9.10675167e-30	3.52192553e-24	3.75514369e-19	8.89683833e-15	8.47972998e-11	2.75002794e-07	1.97980000e-04	1.40794800e-02	9.85722265e-01	
7.3	1.56405355e-37	6.95487154e-31	3.58504023e-25	5.14044654e-20	1.64518437e-15	2.10730961e-11	9.05184399e-08	8.47342949e-05	9.16164245e-03	9.90753533e-01	
7.4	9.77328429e-39	5.73727984e-32	3.92163041e-26	7.51434455e-21	3.22714354e-16	5.51765539e-12	3.13759937e-08	3.84726129e-05	6.19055452e-03	9.93770941e-01	
7.5	6.57097701e-40	5.07080208e-33	4.57568006e-27	1.16511026e-21	6.67461280e-17	1.51530989e-12	1.13981136e-08	1.83917562e-05	4.31905076e-03	9.95662546e-01	
7.6	4.71294665e-41	4.76389911e-34	5.65322784e-28	1.90349462e-22	1.44691055e-17	4.34430452e-13	4.31755902e-09	9.19101901e-06	3.09541156e-03	9.96895393e-01	
7.7	3.57680548e-42	4.72153330e-35	7.34433023e-29	3.25586310e-23	3.26861603e-18	1.29386952e-13	1.69635639e-09	4.76871888e-06	2.26790895e-03	9.97727321e-01	
7.8	2.85401719e-43	4.90737659e-36	9.97812515e-30	5.80110165e-24	7.65947979e-19	3.98492310e-14	6.87917415e-10	2.55329626e-06	1.69157867e-03	9.98305867e-01	
7.9	2.38071307e-44	5.31985905e-37	1.41059973e-30	1.07168501e-24	1.85396467e-19	1.26359122e-14	2.86631053e-10	1.40327069e-06	1.27984071e-03	9.98718756e-01	
8	2.06382142e-45	5.98095232e-38	2.06401793e-31	2.04269965e-25	4.61450106e-20	4.10749668e-15	1.22182403e-10	7.87882710e-07	9.79241120e-04	9.99019971e-01	
