4	3.17705972e-01	6.82275273e-01	1.87550921e-05	1.34334289e-17	1.46974219e-36	8.80085142e-56	3.35910359e-75	1.15586036e-95	4.37285913e-117	3.09197682e-138	1.06870114e-159	3.03774836e-181	5.04564102e-203	1.57492704e-224	1.32175760e-245	6.23691209e-266	3.18609688e-286	1.00000000e-300	1.00000000e-300	1.00000000e-300	1.00000000e-300	1.00000000e-300	1.00000000e-300	1.00000000e-300	1.00000000e-300	1.00000000e-300	1.00000000e-300	
4.1	9.51126876e-02	9.03515780e-01	1.37153233e-03	1.80148721e-12	2.23501815e-31	1.55203127e-50	7.00485757e-70	2.77242228e-90	1.23165670e-111	9.89918580e-133	3.90648364e-154	1.21761794e-175	2.47458173e-197	8.41396829e-219	7.02944818e-240	3.42433867e-260	2.02112926e-280	1.00000000e-300	1.00000000e-300	1.00000000e-300	1.00000000e-300	1.00000000e-300	1.00000000e-300	1.00000000e-300	1.00000000e-300	1.00000000e-300	1.00000000e-300	
4.2	3.08089274e-02	9.33421174e-01	3.57698790e-02	1.91773758e-08	6.73657842e-23	5.47662588e-42	2.92287807e-61	1.33669835e-81	7.03732862e-103	6.44632916e-124	2.93596817e-145	1.00746623e-166	2.54956633e-188	9.78588800e-210	8.46032437e-231	4.16996869e-251	2.84925399e-271	1.34960898e-291	1.00000000e-300	1.00000000e-300	1.00000000e-300	1.00000000e-300	1.00000000e-300	1.00000000e-300	1.00000000e-300	1.00000000e-300	1.00000000e-300	
4.3	8.18169082e-03	6.55566397e-01	3.36229364e-01	2.25472640e-05	4.89347150e-16	6.30574216e-32	3.97956628e-51	2.09723498e-71	1.31972122e-92	1.37764571e-113	7.35587853e-135	2.81042984e-156	8.95894446e-178	3.99304009e-199	3.70604404e-220	1.81289362e-240	1.43687722e-260	7.84779986e-281	1.00000000e-300	1.00000000e-300	1.00000000e-300	1.00000000e-300	1.00000000e-300	1.00000000e-300	1.00000000e-300	1.00000000e-300	1.00000000e-300	
4.4	1.06084843e-03	1.98112764e-01	7.98217616e-01	2.60877217e-03	6.33798398e-11	6.72221903e-23	1.70310170e-40	1.02042019e-60	7.75306908e-82	9.17920552e-103	5.84428256e-124	2.52788041e-145	1.01901078e-166	5.35563216e-188	5.44521687e-209	2.61990804e-229	2.41354955e-249	1.52586331e-269	5.79922586e-290	1.00000000e-300	1.00000000e-300	1.00000000e-300	1.00000000e-300	1.00000000e-300	1.00000000e-300	1.00000000e-300	1.00000000e-300	
4.5	1.10202326e-04	4.43344841e-02	8.88797572e-01	6.67572922e-02	4.49297487e-07	6.48015341e-16	3.17500162e-29	9.53357125e-48	8.84433243e-69	1.17549059e-89	9.02522623e-111	4.49671722e-132	2.28700906e-153	1.41931242e-174	1.57579868e-195	7.51905618e-216	8.06743179e-236	5.92422494e-256	2.60471898e-276	3.03661348e-297	1.00000000e-300	1.00000000e-300	1.00000000e-300	1.00000000e-300	1.00000000e-300	1.00000000e-300	1.00000000e-300	
4.6	9.30276376e-06	7.45403407e-03	5.15844444e-01	4.76406516e-01	2.85703132e-04	1.32911038e-10	1.75725207e-20	8.03788930e-35	7.33794630e-54	1.08059079e-74	9.98577615e-96	5.81518420e-117	3.71489437e-138	2.70278316e-159	3.21515701e-180	1.55181407e-200	1.94311217e-220	1.65853989e-240	8.49083304e-261	1.18480157e-281	1.00000000e-300	1.00000000e-300	1.00000000e-300	1.00000000e-300	1.00000000e-300	1.00000000e-300	1.00000000e-300	
4.7	4.65116519e-07	7.09155704e-04	1.28762633e-01	8.52834417e-01	1.76924966e-02	8.32627689e-07	6.00006359e-14	6.02222143e-25	8.02614689e-40	1.29595911e-60	1.41753080e-81	9.75414448e-103	7.80468921e-124	6.61089397e-145	8.28570924e-166	4.09273903e-186	5.99292902e-206	5.92772405e-226	3.53139204e-246	5.92052530e-267	6.03775434e-288	1.00000000e-300	1.00000000e-300	1.00000000e-300	1.00000000e-300	1.00000000e-300	1.00000000e-300	
4.8	2.23865095e-08	6.15200466e-05	2.44815846e-02	7.35320993e-01	2.39689870e-01	4.46005313e-04	4.37168295e-09	2.04955364e-17	5.76382016e-29	1.90770154e-47	2.41258272e-68	1.97564834e-89	1.97811109e-110	1.94726639e-131	2.56523715e-152	1.27145520e-172	2.18157597e-192	2.48829006e-212	1.71362758e-232	3.44620931e-253	4.15672195e-274	4.92413920e-295	1.00000000e-300	1.00000000e-300	1.00000000e-300	1.00000000e-300	1.00000000e-300	
4.9	7.49435082e-10	3.58815918e-06	2.77780953e-03	2.65993266e-01	7.07065679e-01	2.41510776e-02	8.57948095e-06	5.40850791e-12	6.69329990e-21	1.85318659e-35	4.59009529e-52	5.82829614e-71	7.26932314e-92	8.31606642e-113	1.16202657e-133	5.48889528e-154	1.10577826e-173	1.44934184e-193	1.14526305e-213	2.75261931e-234	3.97491301e-255	5.79145499e-276	1.41293252e-296	1.00000000e-300	1.00000000e-300	1.00000000e-300	1.00000000e-300	
5	1.98724940e-11	1.60294509e-07	2.23162993e-04	5.39530346e-02	7.05998353e-01	2.38763141e-01	1.06211562e-03	3.28439223e-08	5.06583172e-15	1.88583831e-26	1.58606297e-39	1.63966780e-54	1.17934794e-71	1.27704507e-90	4.55191511e-111	1.95376257e-131	4.63052625e-151	6.97754067e-171	6.30721036e-191	1.80563526e-211	3.15408578e-232	5.58417244e-253	1.49859577e-273	4.76231502e-294	1.00000000e-300	1.00000000e-300	1.00000000e-300	
5.1	4.21299594e-13	5.56037327e-09	1.32446741e-05	7.02250065e-03	3.16854085e-01	6.56798923e-01	1.92983621e-02	1.28783891e-05	9.03351112e-11	1.04640118e-19	5.77888497e-30	7.95729352e-42	2.05203023e-55	1.57559237e-70	7.84370716e-87	1.05254523e-105	2.94054688e-125	5.11515994e-145	5.30203549e-165	1.80173426e-185	3.84349478e-206	8.20475908e-227	2.43186116e-247	8.61983084e-268	8.16735914e-288	1.00000000e-300	1.00000000e-300	
5.2	8.42877974e-15	1.77699869e-10	6.98990096e-07	7.41719162e-04	9.07450740e-02	8.01207075e-01	1.06520538e-01	7.84781990e-04	1.12116483e-07	1.25396931e-14	1.22631434e-22	5.27270039e-32	9.28984219e-43	8.46220151e-55	8.57250357e-68	6.91497412e-83	1.95693930e-98	3.94576034e-118	4.70424449e-138	1.88888311e-158	4.95650160e-179	1.27020087e-199	4.19010456e-220	1.66456300e-240	1.84157113e-260	1.65414047e-280	1.25445770e-300	
5.3	1.94076608e-16	6.40323459e-12	4.06317129e-08	8.05807628e-05	2.27624822e-02	6.56568746e-01	3.05998753e-01	1.45669343e-02	2.24624656e-05	9.60354822e-11	5.85345520e-17	2.46843467e-24	7.99020755e-33	2.09800663e-42	9.39734216e-53	8.06020948e-65	4.78406011e-77	1.11544114e-96	1.52268260e-116	7.18751668e-137	2.32514668e-157	7.11550159e-178	2.63013018e-198	1.17472640e-218	1.52009110e-238	1.58700892e-258	1.39173463e-278	
5.4	4.70096465e-18	2.37767585e-13	2.38349977e-09	8.42922469e-06	4.88432643e-03	3.77902216e-01	5.11464361e-01	1.04674899e-01	1.06568128e-03	8.44966002e-08	1.40692584e-12	2.33230097e-18	4.94929182e-25	1.23295918e-32	7.32844026e-41	1.71213631e-50	4.68454485e-60	1.24609506e-79	1.91542500e-99	1.05850902e-119	4.20473749e-140	1.52262810e-160	6.32927807e-181	3.19607241e-201	4.84547060e-221	5.88601863e-241	5.97323382e-261	
5.5	1.04084363e-19	7.94638896e-15	1.24145523e-10	7.53204936e-07	8.22588015e-04	1.48364914e-01	5.04732956e-01	3.30722770e-01	1.53430995e-02	1.29165387e-05	3.08786645e-09	9.86588024e-14	6.13261261e-19	6.07035430e-25	1.85961808e-31	4.03459844e-39	1.52716693e-46	4.53511114e-66	7.67014474e-86	4.94876783e-106	2.39515228e-126	1.01532525e-146	4.75903226e-167	2.74572754e-187	4.88551449e-207	6.91236509e-227	8.12365006e-247	
5.6	2.10223754e-21	2.40275267e-16	5.78781963e-12	5.78941847e-08	1.12407172e-04	4.20720560e-02	3.21514565e-01	5.47794460e-01	8.79929349e-02	5.12448524e-04	1.06993997e-06	3.79584684e-10	3.67758134e-14	7.30310152e-19	5.48538066e-24	4.70937217e-30	9.49606158e-36	2.20848325e-51	1.13415786e-68	9.02908902e-88	5.28827151e-108	2.60618964e-128	1.38558566e-148	9.27445923e-169	1.94013761e-188	3.20068103e-208	4.35959114e-228	
5.7	4.13801802e-23	6.93385796e-18	2.52843257e-13	4.07285282e-09	1.32989903e-05	9.52775240e-03	1.49758116e-01	5.72841904e-01	2.60226035e-01	7.53896205e-03	9.36857999e-05	2.40790850e-07	2.21540874e-10	5.15179878e-14	5.29211849e-18	9.16099562e-23	4.64840183e-27	2.54953480e-39	5.56838976e-53	3.87318903e-68	1.36220675e-84	2.01379779e-102	1.52170083e-121	1.20293506e-141	2.96379945e-161	5.70726425e-181	9.01722666e-201	
5.8	7.88603590e-25	1.92909975e-19	1.06257979e-14	2.68344771e-10	1.42245439e-06	1.81060563e-03	5.45718215e-02	4.21910582e-01	4.66655924e-01	5.21433509e-02	2.86776699e-03	3.82997591e-05	2.26613698e-07	4.03496538e-10	3.58691030e-13	7.41997385e-17	5.30442092e-20	1.44271056e-29	2.51557522e-40	2.50208402e-52	2.16498028e-65	1.30895188e-79	6.79390337e-95	1.43695297e-111	8.67967252e-129	1.95318316e-148	3.58273763e-168	
5.9	1.41566211e-26	4.99190577e-21	4.10047811e-16	1.57626356e-11	1.31359985e-07	2.81079100e-04	1.53439247e-02	2.22070144e-01	5.34734029e-01	1.89006841e-01	3.65518733e-02	1.95656357e-03	5.48756525e-05	5.35999780e-07	2.88881620e-09	4.81597780e-12	3.06363772e-14	1.18456183e-21	4.36184650e-30	1.47591734e-39	6.72257360e-50	3.21882108e-61	2.00406698e-73	9.55019790e-87	1.75114637e-100	4.61034244e-120	9.82753519e-140	
6	1.95095675e-28	9.89839542e-23	1.20374847e-17	6.93757274e-13	8.77821605e-09	3.05228936e-05	2.87610098e-03	7.35868746e-02	3.54361756e-01	3.39122593e-01	1.92642891e-01	3.36934419e-02	3.53576668e-03	1.46363730e-04	3.64275212e-06	3.64203898e-08	1.35865875e-09	2.69261250e-15	7.18716819e-22	2.63524221e-29	1.84498088e-37	1.89893795e-46	3.55093995e-56	8.38740676e-67	9.51118654e-78	2.93328806e-97	7.27361289e-117	
6.1	1.64177373e-30	1.18619822e-24	2.11284912e-19	1.78437283e-14	3.37986816e-10	1.83598098e-06	2.86321821e-04	1.23950444e-02	1.11766772e-01	2.56019751e-01	3.70862678e-01	1.80349779e-01	5.89990638e-02	8.48514630e-03	7.90910048e-04	3.73089210e-05	5.38733644e-06	2.35951809e-10	1.91293288e-15	3.02211267e-21	1.20939085e-27	9.43674157e-35	1.76132275e-42	6.17591312e-51	1.22356778e-59	4.42612839e-79	1.27815288e-98	
6.2	7.18228451e-33	7.30685480e-27	1.88460348e-21	2.29160468e-16	6.29638388e-12	5.11737361e-08	1.27244563e-05	9.00363529e-04	1.44300669e-02	7.16592770e-02	2.36586126e-01	2.81441352e-01	2.49154275e-01	1.06589046e-01	3.14331236e-02	5.60549436e-03	2.18702955e-03	1.06970163e-06	1.29338177e-10	4.14004845e-15	4.25692678e-20	1.08789586e-25	8.41267448e-32	1.67304881e-38	2.12080531e-45	9.01105266e-65	3.03402446e-84	
6.3	1.09781772e-35	1.56491927e-29	5.89916519e-24	1.01699221e-18	4.00997212e-14	4.80527674e-10	1.84371759e-07	2.07288195e-05	5.66099980e-04	5.62665847e-03	3.86960823e-02	1.01624824e-01	2.17483476e-01	2.43982313e-01	1.96825799e-01	1.06932817e-01	8.79581541e-02	2.82575048e-04	2.86841016e-07	1.00127536e-10	1.38299899e-14	5.86347215e-19	9.27998855e-24	4.83809752e-29	1.76582612e-34	8.82564448e-54	3.46930897e-73	
6.4	5.64424652e-39	1.11167594e-32	5.94637354e-27	1.43025336e-21	7.85554920e-17	1.34352570e-12	7.73376385e-10	1.34869387e-07	6.05922347e-06	1.12980932e-04	1.50541430e-03	8.03508376e-03	3.78592788e-02	1.00081209e-01	1.93719073e-01	2.62104774e-01	3.90975894e-01	5.56968872e-03	3.03382995e-05	7.02285245e-08	7.72030404e-11	3.12844366e-14	5.73550958e-18	4.20300260e-22	2.34101142e-26	2.39753715e-45	1.10187012e-64	
6.5	2.33648977e-42	6.36746134e-36	4.81352595e-30	1.63813005e-24	1.23644877e-19	2.95427199e-15	2.49186161e-12	6.59914172e-10	4.73165050e-08	1.56865121e-06	3.81716081e-05	3.87118647e-04	3.71015399e-03	2.10725357e-02	8.70487524e-02	2.47123736e-01	6.10880037e-01	2.91215764e-02	6.09880467e-04	6.38383415e-06	3.69335583e-08	9.19489161e-11	1.23235693e-13	7.66238948e-17	3.93144971e-20	2.33911192e-35	9.51093893e-52	
6.6	1.35699387e-45	5.04729713e-39	5.35492581e-33	2.50373727e-27	2.75982285e-22	8.97978964e-18	1.08849597e-14	4.29466930e-12	4.78522681e-10	2.69521164e-08	1.13983811e-06	2.07687106e-05	3.78351097e-04	4.26403401e-03	3.40018146e-02	1.77540203e-01	6.88082579e-01	8.98219792e-02	5.68207537e-03	2.02486769e-04	4.49161437e-06	4.86105495e-08	3.29303687e-10	1.15851794e-12	3.66405618e-15	2.25821747e-27	1.32488384e-40	
6.7	1.25302245e-48	6.32646870e-42	9.32242155e-36	5.90082951e-30	8.79034429e-25	3.82275941e-20	6.55383950e-17	3.78584314e-14	6.40117288e-12	5.89083705e-10	4.15015572e-08	1.29547356e-06	4.23132851e-05	8.83833814e-04	1.25287471e-02	1.09555992e-01	6.42911465e-01	1.98789922e-01	3.19175087e-02	3.14950864e-03	2.11528784e-04	7.64413589e-06	1.95770160e-07	2.83437179e-09	4.01420135e-11	6.51468373e-21	1.30728248e-31	
6.8	1.32590735e-51	9.02386245e-45	1.83501520e-38	1.56869870e-32	3.12201481e-27	1.98313458e-22	4.74581756e-19	3.95069082e-16	9.92326799e-14	1.44230104e-11	1.63167472e-09	8.37588794e-08	4.66454516e-06	1.70369036e-04	4.02167729e-03	5.52379306e-02	4.80050757e-01	3.15679690e-01	1.13213725e-01	2.65928520e-02	4.54211260e-03	4.49641111e-04	3.47935693e-05	1.62217474e-06	7.97396411e-08	1.14799445e-15	2.51117792e-24	
6.9	1.57992390e-54	1.43527775e-47	3.97784323e-41	4.54503259e-35	1.21267297e-29	1.00857114e-24	3.33196456e-21	3.94096012e-18	1.44299025e-15	3.21602256e-13	5.65770438e-11	4.60944797e-09	4.19203789e-07	2.54861362e-05	9.52547494e-04	1.96768787e-02	2.49623183e-01	3.21527176e-01	2.33957289e-01	1.16878867e-01	4.45883932e-02	1.04247748e-02	2.05372808e-03	2.55709070e-04	3.55432012e-05	1.91159807e-11	1.83803714e-18	
7	1.39946939e-57	1.69730726e-50	6.38818020e-44	9.69583510e-38	3.41015842e-32	3.67875520e-27	1.66184607e-23	2.75760160e-20	1.44761861e-17	4.82322584e-15	1.28323548e-12	1.60899862e-10	2.30294566e-08	2.23576212e-06	1.27294114e-04	3.83885202e-03	7.03990315e-02	1.66512239e-01	2.28230646e-01	2.22543049e-01	1.71875658e-01	8.48335695e-02	3.73183211e-02	1.07487871e-02	3.57025819e-03	3.60345255e-08	7.40393702e-14	
7.1	6.10959123e-61	9.87033347e-54	5.04452418e-47	1.01159902e-40	4.73017213e-35	6.66016687e-30	4.07973303e-26	9.39162750e-23	6.96636688e-20	3.39517227e-17	1.33389118e-14	2.50684643e-12	5.47210942e-10	8.19293508e-08	6.89888888e-06	2.97548269e-04	7.83038451e-03	3.22870847e-02	7.86043963e-02	1.39907242e-01	2.02749613e-01	1.93791010e-01	1.71872525e-01	1.02291609e-01	7.03539124e-02	7.69330541e-06	1.90623899e-10	
7.2	1.27412867e-64	2.73119712e-57	1.89143574e-50	4.96887536e-44	3.10930196e-38	5.60303539e-33	4.61888903e-29	1.46062513e-25	1.51160767e-22	1.05768183e-19	6.01268383e-17	1.65584050e-14	5.36858605e-12	1.20442813e-09	1.46651782e-07	8.91699740e-06	3.34663980e-04	2.30351228e-03	9.49187932e-03	2.92228709e-02	7.48274916e-02	1.29460356e-01	2.13405260e-01	2.39508686e-01	3.01206274e-01	2.29898020e-04	4.36424594e-08	
7.3	2.13150543e-68	6.03808856e-61	5.64623045e-54	1.94164828e-47	1.62575405e-41	3.69472290e-36	4.07021578e-32	1.75299509e-28	2.50359617e-25	2.47512254e-22	2.00097902e-19	7.92104914e-17	3.73206377e-14	1.22523599e-11	2.12049730e-09	1.79909981e-07	9.57468496e-06	1.06068048e-04	7.10655028e-04	3.61999661e-03	1.55936468e-02	4.62562958e-02	1.32593791e-01	2.60210685e-01	5.38876249e-01	2.02080382e-03	2.05170378e-06	
7.4	4.33649787e-72	1.61714254e-64	2.03384235e-57	9.08276012e-51	1.01461881e-44	2.91069878e-39	4.25620479e-35	2.47783473e-31	4.83791514e-28	6.66703539e-25	7.55280465e-22	4.22816865e-19	2.84327254e-16	1.33954321e-13	3.25187832e-11	3.82023956e-09	2.86669829e-07	4.95288550e-06	5.21942026e-05	4.24091351e-04	2.95189498e-03	1.43631518e-02	6.77474868e-02	2.18371976e-01	6.86464334e-01	9.58046457e-03	3.91624023e-05	
7.5	1.19704907e-75	5.85554745e-68	9.86429923e-61	5.68856754e-54	8.44437113e-48	3.03728407e-42	5.85600746e-38	4.57748721e-34	1.21187470e-30	2.30167218e-27	3.60873354e-24	2.81796435e-21	2.66443704e-18	1.77244726e-15	5.97243430e-13	9.65565068e-11	1.01568729e-08	2.66131914e-07	4.29170682e-06	5.39688566e-05	5.87217411e-04	4.51993427e-03	3.35287307e-02	1.68703345e-01	7.60415457e-01	3.17693102e-02	4.17468701e-04	
7.6	4.34266726e-79	2.77746881e-71	6.24156816e-64	4.63738389e-57	9.10960403e-51	4.09027444e-45	1.03280208e-40	1.07748313e-36	3.84005417e-33	9.95422402e-30	2.13736232e-26	2.30138976e-23	3.02184041e-20	2.80036362e-17	1.29862311e-14	2.87420598e-12	4.21202848e-10	1.63308471e-08	3.93671070e-07	7.46958248e-06	1.23594124e-04	1.46056619e-03	1.64305663e-02	1.24002336e-01	7.73375276e-01	8.17127673e-02	2.88701388e-03	
7.7	1.95219317e-82	1.62777077e-74	4.86050230e-67	4.62868551e-60	1.19836870e-53	6.68533172e-48	2.19537091e-43	3.04013353e-39	1.44912910e-35	5.08393526e-32	1.48142923e-28	2.17797831e-25	3.93018644e-22	5.01705970e-19	3.17922520e-16	9.58827869e-14	1.94497237e-11	1.09267867e-09	3.85770388e-08	1.08044513e-06	2.65518084e-05	4.69686649e-04	7.78341509e-03	8.54679431e-02	7.22824821e-01	1.69466406e-01	1.39600562e-02	
7.8	1.01020662e-85	1.09534845e-77	4.33024352e-70	5.27218334e-63	1.79232321e-56	1.24007584e-50	5.25805020e-46	9.61658486e-42	6.09487010e-38	2.87251622e-34	1.12697745e-30	2.24320702e-27	5.51343588e-24	9.60301063e-21	8.26417529e-18	3.38165411e-15	9.43379081e-13	7.53855383e-11	3.82927952e-09	1.55327351e-07	5.55507454e-06	1.43935270e-04	3.43308868e-03	5.36087711e-02	6.08293004e-01	2.85621636e-01	4.88938506e-02	
7.9	5.71300932e-89	8.03727351e-81	4.19287381e-73	6.49516568e-66	2.88974749e-59	2.46578242e-53	1.33999156e-48	3.22203048e-44	2.70064904e-40	1.69844600e-36	8.90899830e-33	2.38310096e-29	7.91626344e-26	1.86594704e-22	2.16871447e-19	1.19903172e-16	4.57077824e-14	5.10751211e-12	3.67580883e-10	2.12413274e-08	1.08632517e-06	4.04702953e-05	1.36398330e-03	2.97751468e-02	4.50872401e-01	3.91141463e-01	1.26805427e-01	
8	3.39744346e-92	6.18941950e-84	4.24820210e-76	8.34001614e-69	4.84163332e-62	5.09163361e-56	3.51945304e-51	1.10809779e-46	1.22238331e-42	1.01955909e-38	7.10512835e-35	2.53725220e-31	1.13132688e-27	3.58324455e-24	5.59612393e-21	4.16348341e-18	2.15559506e-15	3.31861394e-13	3.33949012e-11	2.71014579e-09	1.95218747e-07	1.02912322e-05	4.82947174e-04	1.45503126e-02	2.93219750e-01	4.40691871e-01	2.51044631e-01	
