4	1.75448000e-04	9.99824552e-01	1.13285995e-12	3.00812520e-31	4.71197556e-50	2.22548532e-70	5.27278726e-91	2.05683028e-111	1.79951730e-131	3.49582390e-151	3.86800316e-171	1.71156641e-191	6.51821683e-212	6.92093202e-233	1.85548273e-254	3.06708089e-275	1.10314746e-295	1.00000000e-300	1.00000000e-300	1.00000000e-300	
4.1	4.68675785e-05	9.99953130e-01	2.82657879e-09	2.28098104e-24	4.37450576e-43	2.62728345e-63	7.55461465e-84	3.01625975e-104	2.64079195e-124	5.99332749e-144	7.76006046e-164	3.96445326e-184	1.54288299e-204	1.81053639e-225	6.05583225e-247	1.14217239e-267	4.07197388e-288	1.00000000e-300	1.00000000e-300	1.00000000e-300	
4.2	1.56107333e-05	9.99982896e-01	1.49297813e-06	9.44512236e-18	3.94203448e-34	2.99555798e-54	1.03395646e-74	4.18560101e-95	3.71676791e-115	9.87142158e-135	1.50245146e-154	8.82155203e-175	3.57846163e-195	4.74161860e-216	2.00471777e-237	4.29690722e-258	1.51738202e-278	8.27957972e-299	1.00000000e-300	1.00000000e-300	
4.3	6.21398766e-06	9.99764142e-01	2.29644505e-04	1.90847643e-12	1.14115303e-24	1.96466373e-44	7.99462757e-65	3.32153158e-85	3.02612159e-105	9.42118276e-125	1.69230846e-144	1.13259255e-164	4.83233303e-185	7.39951250e-206	4.00701409e-227	9.71281978e-248	3.44745306e-268	2.17433590e-288	1.00000000e-300	1.00000000e-300	
4.4	2.82210934e-06	9.86927782e-01	1.30693614e-02	3.43961875e-08	4.21446319e-17	1.92525116e-32	8.59897127e-52	3.71865095e-72	3.49819472e-92	1.27872015e-111	2.72050174e-131	2.06286149e-151	9.25323860e-172	1.66894320e-192	1.17138549e-213	3.19056029e-234	1.16137779e-254	8.48098634e-275	4.95894514e-295	1.00000000e-300	
4.5	1.12372973e-06	7.44926216e-01	2.55008223e-01	6.44370450e-05	2.72320469e-11	4.15787007e-23	3.16258101e-38	2.31571965e-56	2.20555231e-76	9.48090457e-96	2.39663708e-115	2.06144597e-135	9.71967546e-156	2.09252081e-176	1.91981431e-197	5.81003088e-218	2.21570007e-238	1.87656690e-258	1.26855917e-278	7.12265541e-299	
4.6	2.45416230e-07	1.99081552e-01	7.95438696e-01	5.47937947e-03	1.26981741e-07	1.24250249e-16	2.25310470e-28	1.34126735e-42	1.00048970e-61	5.06543722e-81	1.52549977e-100	1.50251134e-120	7.51319533e-141	1.94826593e-161	2.34269071e-182	7.76275477e-203	3.16860067e-223	3.11775016e-243	2.43928690e-263	1.57911266e-283	
4.7	1.71106794e-07	5.13109669e-02	9.00245929e-01	4.84252104e-02	1.77226616e-05	2.93651083e-12	2.54198122e-21	1.91181161e-32	1.50340473e-47	2.63297443e-64	9.46319966e-84	1.08350838e-103	5.86120588e-124	1.84459085e-144	2.89298574e-165	1.03860996e-185	4.62294789e-206	5.29359321e-226	4.79848548e-246	3.58403517e-266	
4.8	2.76172989e-07	2.14564803e-02	8.04586199e-01	1.73422329e-01	5.34710862e-04	4.98758764e-09	5.46374261e-16	1.17558695e-24	1.38356342e-36	1.38467551e-49	5.93346749e-69	8.02923408e-89	4.82613096e-109	1.85703274e-129	3.75662807e-150	1.46094988e-170	7.16647230e-191	9.56607417e-211	1.00572396e-230	8.67280045e-251	
4.9	3.64545508e-07	9.56336463e-03	5.95564628e-01	3.88043901e-01	6.82629598e-03	1.44643607e-06	6.95650892e-12	1.33099560e-18	5.22959226e-28	5.34251207e-38	2.70697456e-57	4.38070685e-77	3.00472368e-97	1.42117038e-117	3.65811504e-138	1.55407221e-158	8.39480893e-179	1.30850147e-198	1.59719824e-218	1.59129454e-238	
5	3.10435967e-07	3.67074086e-03	3.55011204e-01	5.96195286e-01	4.50146355e-02	1.07812779e-04	1.02460452e-08	7.04819676e-14	2.92156704e-21	7.74992969e-29	4.54589322e-48	8.78255277e-68	6.99392610e-88	4.05910907e-108	1.31316431e-128	6.14607533e-149	3.62690185e-169	6.61261782e-189	9.38093038e-209	1.08057682e-228	
5.1	1.70139581e-07	1.15304879e-03	1.69623121e-01	6.55761193e-01	1.70655872e-01	2.80366687e-03	2.92725199e-06	3.60665616e-10	6.45544046e-16	1.49733093e-21	1.41351056e-40	3.18824264e-60	2.94365439e-80	2.06948376e-100	8.32053618e-121	4.29500231e-141	2.75352433e-161	5.88222898e-181	9.70847483e-201	1.29387330e-220	
5.2	6.08166788e-08	2.85514446e-04	6.32669638e-02	5.15697499e-01	3.89650417e-01	3.08703495e-02	2.28900334e-04	2.95369034e-07	1.13369612e-11	9.67546717e-16	1.55906115e-30	8.56141250e-48	1.07739011e-67	8.97802644e-88	4.42502733e-108	2.50452925e-128	1.75205617e-148	4.39301195e-168	8.44421880e-188	1.30303372e-207	
5.3	1.40185803e-08	5.28227885e-05	1.75018910e-02	2.80368147e-01	5.37028193e-01	1.58986667e-01	6.00867112e-03	5.35693210e-05	2.53941099e-08	4.00845348e-11	1.50373745e-22	4.94159005e-36	1.00620378e-51	9.31492054e-70	5.52587993e-90	3.41280660e-110	2.64458198e-130	7.79625125e-150	1.74714915e-169	3.12407649e-189	
5.4	2.01370627e-09	6.83799753e-06	3.36640377e-03	1.00075236e-01	4.36083623e-01	3.98422230e-01	5.93915771e-02	2.64390577e-03	1.00142545e-05	1.69711923e-07	3.03592620e-16	1.01227757e-26	4.65464509e-39	2.85566663e-53	2.48017517e-69	3.89853741e-87	3.41928976e-107	1.18724927e-126	3.10528354e-146	6.43941086e-166	
5.5	1.74336278e-10	5.84790059e-07	4.25258986e-04	2.23653550e-02	2.03222525e-01	4.94221514e-01	2.37777886e-01	4.10002680e-02	8.82551953e-04	1.04056287e-04	2.48759059e-11	2.07164466e-19	4.57314066e-29	3.19262319e-40	6.38511095e-53	4.47116491e-67	4.73728938e-83	7.93046122e-100	2.42357214e-119	5.83355110e-139	
5.6	8.68805743e-12	3.08197937e-08	3.29029967e-05	2.94206664e-03	5.19182798e-02	2.99170284e-01	3.96724577e-01	2.17220966e-01	2.04952219e-02	1.14955380e-02	1.32135459e-07	9.06102657e-14	2.85189439e-21	5.60831304e-30	5.53552584e-40	3.27584859e-51	6.86532065e-64	3.74137782e-77	1.33748653e-96	3.74028991e-116	
5.7	2.00837090e-13	7.90480470e-10	1.23101392e-06	1.81051539e-04	5.85339146e-03	7.28240445e-02	2.35105430e-01	3.50213471e-01	1.19203721e-01	2.16564689e-01	5.29686180e-05	1.23795946e-09	2.13228922e-15	3.89246972e-22	5.62789485e-30	7.55837640e-39	7.09432898e-49	2.52755348e-59	1.05823120e-78	3.44167091e-98	
5.8	1.70211869e-15	7.69617169e-12	1.73797088e-08	4.08716386e-06	2.30770320e-04	5.75147856e-03	4.09875597e-02	1.47319475e-01	1.55585280e-01	6.48359205e-01	1.76143561e-03	6.90867670e-07	3.02214813e-11	2.10964876e-16	1.70933218e-22	1.83760404e-29	2.37367061e-37	1.54420072e-45	7.58157836e-65	2.87072259e-84	
5.9	1.15994703e-17	6.18339511e-14	2.01350446e-10	7.38683360e-08	7.00067464e-06	3.28988140e-04	4.78724919e-03	3.77601199e-02	1.08882263e-01	8.33226246e-01	1.49528195e-02	5.52072125e-05	3.26526843e-08	4.26025966e-12	8.96552246e-17	3.36996449e-22	2.34050315e-28	1.00898962e-34	5.81707793e-54	2.56737354e-73	
6	1.00261123e-19	6.42804454e-16	3.00218794e-12	1.68096755e-09	2.58581757e-07	2.17998099e-05	6.08180588e-04	9.74085076e-03	6.81382990e-02	8.52567689e-01	6.74520431e-02	1.46394107e-03	6.92747951e-06	9.39957730e-09	2.74507386e-12	1.86176196e-16	3.27147632e-21	4.17534044e-26	2.83070090e-45	1.45808698e-64	
6.1	1.07519969e-21	8.42635780e-18	5.61548601e-14	4.70444685e-11	1.14123602e-08	1.65431897e-06	8.39571224e-05	2.55560541e-03	3.88369774e-02	7.47414933e-01	1.93585813e-01	1.70954971e-02	4.21858223e-04	3.68405480e-06	8.90580359e-09	6.39770637e-12	1.54334773e-15	3.07310553e-19	2.45375359e-38	1.47716817e-57	
6.2	1.23973251e-23	1.20543721e-19	1.14014454e-15	1.40368558e-12	5.23568170e-10	1.25753943e-07	1.10932824e-05	6.05519853e-04	1.81150556e-02	5.18033604e-01	3.56225938e-01	9.76483595e-02	9.00949577e-03	3.46233259e-04	4.55189986e-06	2.24906223e-08	4.51976224e-11	8.43638286e-14	4.49161296e-29	7.47046446e-46	
6.3	1.27319858e-25	1.55536492e-21	2.07610372e-17	3.69640934e-14	2.07295855e-11	7.98357091e-09	1.17602151e-06	1.09374826e-04	5.92567758e-03	2.46934719e-01	3.89532818e-01	2.73734716e-01	7.38869255e-02	9.38017850e-03	4.82708891e-04	1.15667950e-05	1.29180872e-07	1.50686095e-09	1.09976378e-21	4.04803654e-35	
6.4	9.76356578e-28	1.51187770e-23	2.82926473e-19	7.18161756e-16	5.93725397e-13	3.56056551e-10	8.45169449e-08	1.28131278e-05	1.17470429e-03	7.05757498e-02	2.30149742e-01	3.62410133e-01	2.39943711e-01	8.16975956e-02	1.28515290e-02	1.13028474e-03	5.09632693e-05	2.69047974e-06	6.45863578e-16	1.14199791e-26	
6.5	4.96381700e-30	9.79810245e-26	2.55187056e-21	9.11862777e-18	1.09235959e-14	9.93921958e-12	3.68352928e-09	8.76513958e-07	1.28915318e-04	1.11040300e-02	6.93137489e-02	2.22027714e-01	3.17579631e-01	2.49477340e-01	1.00012542e-01	2.59729207e-02	3.69909166e-03	6.83187271e-04	1.73565882e-11	4.38111471e-20	
6.6	1.47330682e-32	3.71857435e-28	1.33806020e-23	6.65550838e-20	1.13804073e-16	1.53579447e-13	8.64433275e-11	3.12731853e-08	7.07932747e-06	8.71533500e-04	9.81439127e-03	5.94995549e-02	1.67511410e-01	2.71891765e-01	2.42976840e-01	1.57626442e-01	5.88981565e-02	3.09027617e-02	3.37271645e-08	4.63552206e-15	
6.7	2.03777443e-35	6.58445748e-31	3.25068348e-26	2.22864749e-22	5.36842105e-19	1.05342884e-15	8.79284534e-13	4.70975426e-10	1.58911438e-07	2.78951773e-05	5.40481690e-04	5.86654152e-03	3.02991338e-02	9.35360517e-02	1.68601977e-01	2.40394504e-01	2.04631715e-01	2.56095690e-01	5.85044715e-06	2.03619596e-11	
6.8	1.64704087e-38	6.81291737e-34	4.58178549e-29	4.29293977e-25	1.44022504e-21	4.03894850e-18	4.89812254e-15	3.79989110e-12	1.86401948e-09	4.65228137e-07	1.49142436e-05	2.77156953e-04	2.48495518e-03	1.36855450e-02	4.60994547e-02	1.30821301e-01	2.27079881e-01	5.79380702e-01	1.55614236e-04	7.47002535e-09	
6.9	1.47277281e-41	7.79592534e-37	7.08917001e-32	9.00894593e-28	4.16830349e-24	1.64582124e-20	2.84991925e-17	3.14510022e-14	2.20049351e-11	7.78336793e-09	3.99432444e-07	1.22402954e-05	1.82075253e-04	1.69942780e-03	1.00758694e-02	5.25952236e-02	1.70028680e-01	7.63892671e-01	1.51278743e-03	6.18602098e-07	
7	1.89796875e-44	1.28532886e-39	1.56900683e-34	2.68595515e-30	1.69938159e-26	9.32843956e-23	2.27293362e-19	3.51661335e-16	3.45830796e-13	1.72755004e-10	1.37918555e-08	6.75296598e-07	1.60603519e-05	2.43590155e-04	2.42166301e-03	2.17855976e-02	1.21522494e-01	8.45525249e-01	8.46453777e-03	2.01195942e-05	
7.1	3.52907333e-47	3.05704443e-42	4.97535041e-37	1.14012215e-32	9.79010381e-29	7.39172221e-25	2.50345870e-21	5.36655242e-18	7.33384344e-15	5.15288030e-12	6.23966716e-10	4.75214972e-08	1.75332599e-06	4.17563103e-05	6.69081237e-04	9.82316557e-03	8.86576895e-02	8.67937228e-01	3.25369679e-02	3.32310088e-04	
7.2	8.71644934e-50	9.65684244e-45	2.08208844e-39	6.34857261e-35	7.34923092e-31	7.56206735e-27	3.52348924e-23	1.03648938e-19	1.95043006e-16	1.91805894e-13	3.44485655e-11	3.98549647e-09	2.22522262e-07	8.09074406e-06	2.02309811e-04	4.63450427e-03	6.42296137e-02	8.34850952e-01	9.28664657e-02	3.20783679e-03	
7.3	2.57481919e-52	3.64787046e-47	1.03578175e-41	4.17814428e-37	6.48027001e-33	9.01457208e-29	5.72771156e-25	2.29344375e-21	5.89806432e-18	8.07303535e-15	2.10891897e-12	3.62873622e-10	3.00128851e-08	1.62739348e-06	6.18281179e-05	2.13151287e-03	4.35732772e-02	7.31981094e-01	2.02671438e-01	1.95791925e-02	
7.4	8.19015319e-55	1.48360315e-49	5.51666007e-44	2.92781790e-39	6.04903793e-35	1.12950098e-30	9.71174123e-27	5.25638666e-23	1.83544869e-19	3.47581661e-16	1.29809843e-13	3.26026963e-11	3.92127449e-09	3.10793698e-07	1.75360123e-05	8.84018579e-04	2.58829590e-02	5.57818252e-01	3.37100725e-01	7.82961949e-02	
7.5	2.58442320e-57	5.98473226e-52	2.89795843e-46	2.01320822e-41	5.51097655e-37	1.37230823e-32	1.58592886e-28	1.15316465e-24	5.43567212e-21	1.41529434e-17	7.44110322e-15	2.68287662e-12	4.61714355e-10	5.25776144e-08	4.32038764e-06	3.11361922e-04	1.27877966e-02	3.54438118e-01	4.23214774e-01	2.09243576e-01	
7.6	7.89486983e-60	2.33659631e-54	1.46462558e-48	1.32556848e-43	4.78424236e-39	1.57936835e-34	2.43818310e-30	2.36856244e-26	1.49913058e-22	5.33402246e-19	3.89599694e-16	1.98706571e-13	4.82388500e-11	7.77567221e-09	9.14958367e-07	9.26268981e-05	5.26003080e-03	1.88680186e-01	4.12468310e-01	3.93497923e-01	
7.7	2.42279523e-62	9.16208836e-57	7.38790784e-51	8.67325521e-46	4.10921747e-41	1.78882823e-36	3.66845151e-32	4.73705129e-28	4.00563817e-24	1.93633073e-20	1.94251605e-17	1.38381099e-14	4.68094228e-12	1.05434875e-09	1.75079074e-07	2.45576031e-05	1.90903734e-03	8.92347071e-02	3.36488037e-01	5.72343485e-01	
7.8	7.88686491e-65	3.80964709e-59	3.92637766e-53	5.95498740e-48	3.68914560e-43	2.10784869e-38	5.71388459e-34	9.76257134e-30	1.09767580e-25	7.16982114e-22	9.78223276e-19	9.63007257e-16	4.49201917e-13	1.39836924e-10	3.23590302e-08	6.22059755e-06	6.57181491e-04	4.02630397e-02	2.49518431e-01	7.09555094e-01	
7.9	2.82513749e-67	1.74246341e-61	2.28020797e-55	4.45071374e-50	3.59281088e-45	2.68342167e-40	9.57357331e-36	2.15542138e-31	3.20821262e-27	2.81690690e-23	5.18338520e-20	6.98817612e-17	4.45580785e-14	1.89925866e-11	6.05945960e-09	1.58272465e-06	2.25964609e-04	1.82195741e-02	1.78203062e-01	8.03349811e-01	
8	1.13011132e-69	8.89623271e-64	1.46813205e-57	3.67426231e-52	3.85291099e-47	3.74858206e-42	1.75355269e-37	5.18362198e-33	1.01726488e-28	1.19480026e-24	2.94529865e-21	5.39508937e-18	4.66659492e-15	2.70194725e-12	1.17784126e-09	4.15151634e-07	7.97275299e-05	8.48014217e-03	1.26477892e-01	8.64961822e-01	
