4	5.45516219e-01	4.54393696e-01	9.00852813e-05	2.19971288e-23	1.17226115e-42	2.88362810e-62	2.75731548e-82	1.66774459e-102	1.93727359e-122	2.35912242e-142	3.19359206e-162	3.16541982e-182	2.44064568e-202	
4.1	2.48816790e-01	7.43933684e-01	7.24952657e-03	2.13146142e-21	1.32789752e-40	3.40545920e-60	3.90090092e-80	2.75871157e-100	3.61073723e-120	4.32991436e-140	6.80406171e-160	7.79780636e-180	6.92713478e-200	
4.2	8.33318612e-02	7.45970578e-01	1.70697561e-01	6.03700631e-20	4.41753718e-39	1.19413552e-58	1.63890253e-78	1.35120414e-98	1.88998897e-118	2.24704965e-138	4.10603017e-158	5.44679028e-178	5.57860719e-198	
4.3	1.06493384e-02	2.48285608e-01	7.41065054e-01	2.53692745e-18	2.19394762e-37	6.30384941e-57	1.03777318e-76	9.98146755e-97	1.43292068e-116	1.72634806e-136	3.67466031e-156	5.64813595e-176	6.67406683e-196	
4.4	7.24898295e-04	3.93902948e-02	9.59884807e-01	6.44805088e-14	6.64110789e-33	2.05012962e-52	4.03452870e-72	4.53146756e-92	6.54750251e-112	8.15370999e-132	2.02525323e-151	3.61065630e-171	4.92571342e-191	
4.5	6.26602033e-05	7.25240500e-03	9.92684935e-01	1.81021780e-10	1.39536706e-25	4.69967719e-45	1.09424601e-64	1.43607116e-84	2.07303949e-104	2.67948455e-124	7.77976855e-144	1.61040805e-163	2.53814215e-183	
4.6	7.65132944e-06	1.75169576e-03	9.98240551e-01	1.01762818e-07	4.02981935e-19	1.11675610e-35	3.03087472e-55	4.63988463e-75	6.65878017e-95	8.80008798e-115	2.99189408e-134	7.19814382e-154	1.31160557e-173	
4.7	1.26225605e-06	5.37464872e-04	9.99445474e-01	1.57990956e-05	5.69014188e-14	9.37373968e-27	2.81829075e-44	4.96426163e-64	7.04741369e-84	9.28878924e-104	3.70437294e-123	1.03689303e-142	2.18591014e-162	
4.8	2.73121388e-07	2.05390508e-04	9.98976975e-01	8.17360528e-04	6.22882312e-10	1.02050927e-19	2.78243143e-33	2.07451398e-50	2.89510157e-70	3.73528719e-90	1.75036888e-109	5.70609960e-129	1.39277109e-148	
4.9	8.03266883e-08	1.02101963e-04	9.84255270e-01	1.56418137e-02	7.33729938e-07	2.77382483e-14	1.04101076e-24	4.49442032e-38	1.78353944e-54	2.25168787e-74	1.24198849e-93	4.72027184e-113	1.33502045e-132	
5	3.24130469e-08	6.70674369e-05	8.76077406e-01	1.23718760e-01	1.36734232e-04	3.75972391e-10	4.25293627e-18	1.74151068e-28	2.22111861e-41	1.12970981e-57	1.22746134e-75	5.44449476e-95	1.78574185e-114	
5.1	1.34639417e-08	4.39025742e-05	5.69386985e-01	4.24990305e-01	5.57832845e-03	4.66211579e-07	4.81357733e-13	4.54853257e-21	3.62020052e-31	5.32975570e-44	4.93669349e-58	2.55833622e-77	9.73951263e-97	
5.2	4.19719126e-09	2.09713921e-05	2.43197113e-01	6.90528613e-01	6.61655932e-02	8.77021154e-05	3.30998705e-09	2.42374833e-15	3.33327506e-23	2.95283911e-33	3.84167640e-44	2.32865567e-63	1.02993201e-82	
5.3	9.03187635e-10	6.75049737e-06	7.18295073e-02	6.21152254e-01	3.03126887e-01	3.88193362e-03	2.66622396e-06	6.50369180e-11	5.67532444e-17	8.75573339e-25	3.81909822e-33	2.71094516e-52	1.39439718e-71	
5.4	1.26103747e-10	1.38084053e-06	1.44348517e-02	3.23542080e-01	6.10483196e-01	5.11662761e-02	3.72059200e-04	1.56333852e-07	3.95937719e-12	3.98803885e-18	1.86813155e-24	1.55483275e-43	9.31065452e-63	
5.5	1.19032208e-11	1.87537527e-07	2.07088742e-03	1.06590558e-01	6.27710581e-01	2.51028002e-01	1.25458867e-02	5.38751928e-05	2.14264797e-08	6.46128455e-13	1.31522599e-17	1.28517851e-36	8.97013752e-56	
5.6	7.40928057e-13	1.65356046e-08	2.05579064e-04	2.21561872e-02	3.44614625e-01	5.06812839e-01	1.22653812e-01	3.54333668e-03	1.35977853e-05	6.57776912e-09	2.83376103e-12	3.25552766e-31	2.65185857e-50	
5.7	2.90616781e-14	9.06557480e-10	1.34133270e-05	2.81812455e-03	1.01736841e-01	4.45657065e-01	3.93779303e-01	5.46186061e-02	1.37018935e-03	6.42315327e-06	3.30530031e-08	8.48434216e-26	8.07694124e-45	
5.8	7.52554458e-16	3.24421085e-11	5.98423191e-07	2.31734769e-04	1.75673183e-02	1.94068755e-01	5.01811131e-01	2.54845469e-01	3.05186049e-02	9.20495787e-04	3.58924650e-05	5.35878957e-19	5.78253313e-35	
5.9	1.31505982e-17	7.75824174e-13	1.84567981e-08	1.25978219e-05	1.85449196e-03	4.54383962e-02	2.90500704e-01	4.36254606e-01	1.93437952e-01	2.69574218e-02	5.54381145e-03	8.57994670e-14	2.03637062e-26	
6	1.28713393e-19	1.03028429e-14	3.24753468e-10	3.76689209e-07	1.01257708e-04	4.98719144e-03	6.94726204e-02	2.61414826e-01	3.50097178e-01	1.73170180e-01	1.40756369e-01	5.73817613e-10	6.51046872e-20	
6.1	5.29643714e-22	5.70774916e-17	2.42048123e-12	4.62601819e-09	2.16189540e-06	1.98350700e-04	5.47434578e-03	4.54671635e-02	1.56348133e-01	2.23284275e-01	5.69225359e-01	2.05816952e-07	3.32066614e-15	
6.2	1.72421117e-24	2.48403893e-19	1.41996959e-14	4.35339980e-11	3.39679693e-08	5.46392233e-06	2.77813668e-04	4.62211081e-03	3.59005825e-02	1.26144746e-01	8.33038016e-01	1.12337579e-05	9.83806859e-12	
6.3	8.14913113e-27	1.55941546e-21	1.20065890e-16	5.76699301e-13	7.26145489e-10	1.95027313e-07	1.72506599e-05	5.33309329e-04	8.45454803e-03	6.44872266e-02	9.26274794e-01	2.32670552e-04	5.14671019e-09	
6.4	6.29305128e-29	1.59031156e-23	1.65778198e-18	1.22110362e-14	2.40935237e-11	1.03904268e-08	1.52639674e-06	8.25766054e-05	2.46219999e-03	3.68273996e-02	9.58081200e-01	2.54431269e-03	7.74527186e-07	
6.5	7.82924462e-31	2.59960198e-25	3.67284387e-20	4.06956661e-16	1.22633296e-12	8.22777601e-10	1.93322080e-07	1.74314246e-05	9.12648145e-04	2.45393486e-02	9.57729328e-01	1.67576832e-02	4.33664015e-05	
6.6	1.43093882e-32	6.21545724e-27	1.18010293e-21	1.93274968e-17	8.69800468e-14	8.84494377e-11	3.22282554e-08	4.65748202e-06	4.04080178e-04	1.80822923e-02	9.09668231e-01	7.07781600e-02	1.06254630e-03	
6.7	3.26688910e-34	1.84946616e-28	4.66631346e-23	1.11138708e-18	7.32586208e-15	1.10436774e-11	6.08160889e-09	1.36486835e-06	1.87010351e-04	1.30215931e-02	7.76960758e-01	1.97139821e-01	1.26894465e-02	
6.8	7.76472586e-36	5.71174981e-30	1.90103297e-24	6.48779224e-20	6.15772932e-16	1.35023506e-12	1.09941705e-09	3.73315744e-07	7.76810324e-05	7.96909709e-03	5.50416227e-01	3.62750624e-01	7.87859967e-02	
6.9	1.64580947e-37	1.56922573e-31	6.86226586e-26	3.31191643e-21	4.45891861e-17	1.39895112e-13	1.65295682e-10	8.30603044e-08	2.54299196e-05	3.69170758e-03	2.97668568e-01	4.35033674e-01	2.63580537e-01	
7	2.96885561e-39	3.66201003e-33	2.10024969e-27	1.41654443e-22	2.67030841e-18	1.18179793e-14	1.99391596e-11	1.45486292e-08	6.39044215e-06	1.27783897e-03	1.22874384e-01	3.57083875e-01	5.18757497e-01	
7.1	5.00063088e-41	7.96761122e-35	5.99195718e-29	5.58543109e-24	1.45781703e-19	8.99223940e-16	2.13644463e-12	2.22664196e-09	1.37575699e-06	3.72744097e-04	4.37702539e-02	2.34050714e-01	7.21804910e-01	
7.2	8.77738784e-43	1.80442643e-36	1.77693639e-30	2.26624578e-25	8.11086460e-21	6.90215033e-17	2.28199383e-13	3.34917063e-10	2.86609539e-07	1.04261039e-04	1.52789909e-02	1.41984006e-01	8.42632455e-01	
7.3	1.69713959e-44	4.49753920e-38	5.76704408e-32	9.97345237e-27	4.85371269e-22	5.64834603e-18	2.57266358e-14	5.25332355e-11	6.15259373e-08	2.99093235e-05	5.56923085e-03	8.60681459e-02	9.08332652e-01	
7.4	3.66791301e-46	1.25214480e-39	2.07477984e-33	4.82743249e-28	3.17122222e-23	5.00768775e-19	3.11520831e-15	8.76134457e-12	1.39175867e-08	9.01968457e-06	2.16397946e-03	5.36472688e-02	9.44179718e-01	
7.5	8.82648532e-48	3.87939437e-41	8.25417291e-35	2.56631245e-29	2.26069032e-24	4.81080225e-20	4.05668827e-16	1.55793907e-12	3.33402230e-09	2.87676074e-06	8.98378319e-04	3.46480223e-02	9.64450719e-01	
7.6	2.34334727e-49	1.32543232e-42	3.60497677e-36	1.48893131e-30	1.74837032e-25	4.98296051e-21	5.65751148e-17	2.94442712e-13	8.44275823e-10	9.69015966e-07	3.96666892e-04	2.31711539e-02	9.76431209e-01	
7.7	6.80200919e-51	4.94931094e-44	1.71516353e-37	9.36258451e-32	1.45762713e-26	5.53324082e-22	8.40775576e-18	5.88981819e-14	2.25218780e-10	3.43495290e-07	1.85131476e-04	1.59931349e-02	9.83821390e-01	
7.8	2.14086111e-52	2.00330880e-45	8.82327562e-39	6.33603947e-33	1.30162789e-27	6.54912261e-23	1.32460742e-18	1.24136016e-14	6.30348657e-11	1.27577698e-07	9.07395933e-05	1.13483195e-02	9.88560813e-01	
7.9	7.24349812e-54	8.71445994e-47	4.86799192e-40	4.57944054e-34	1.23616027e-28	8.20873216e-24	2.19922963e-19	2.74200942e-15	1.84184525e-11	4.93837877e-08	4.63853522e-05	8.24312782e-03	9.91710437e-01	
8	2.61199211e-55	4.03912771e-48	2.85709835e-41	3.50806267e-35	1.23976344e-29	1.08247590e-24	3.82498172e-20	6.31341862e-16	5.59006501e-12	1.98153031e-08	2.45690766e-05	6.10412944e-03	9.93871282e-01	
