4	9.00010550e-02	9.09954030e-01	4.49146857e-05	5.60082215e-19	4.00001582e-38	1.64332436e-57	7.57641474e-77	2.90929485e-97	4.76463367e-117	6.10301981e-137	6.39796605e-157	2.67848619e-178	5.51449958e-200	2.12245526e-221	2.23781932e-242	1.32179143e-262	5.75805984e-283	1.00000000e-300	1.00000000e-300	1.00000000e-300	1.00000000e-300	1.00000000e-300	1.00000000e-300	1.00000000e-300	1.00000000e-300	1.00000000e-300	
4.1	1.20154323e-02	9.85304696e-01	2.67987177e-03	1.35227202e-13	2.05480164e-31	9.98232466e-51	5.49291242e-70	1.96995084e-90	3.87987229e-110	6.01051610e-130	7.61072412e-150	3.77936006e-171	9.36862631e-193	4.15998824e-214	4.33143961e-235	2.95917936e-255	1.46734469e-275	3.75326048e-296	1.00000000e-300	1.00000000e-300	1.00000000e-300	1.00000000e-300	1.00000000e-300	1.00000000e-300	1.00000000e-300	1.00000000e-300	
4.2	2.38175134e-03	9.32991372e-01	6.46268742e-02	2.52334982e-09	1.01947768e-22	5.85650913e-42	3.84626088e-61	1.30945456e-81	3.08903563e-101	5.78055412e-121	8.83848397e-141	5.27440815e-162	1.59480177e-183	8.33247178e-205	8.92084619e-226	7.06321947e-246	3.99702310e-266	1.07298025e-286	1.00000000e-300	1.00000000e-300	1.00000000e-300	1.00000000e-300	1.00000000e-300	1.00000000e-300	1.00000000e-300	1.00000000e-300	
4.3	5.52968653e-04	5.22087606e-01	4.77355590e-01	3.83593764e-06	5.55971465e-16	4.51203153e-32	3.53674009e-51	1.16734497e-71	3.16130047e-91	7.04361339e-111	1.29368319e-130	9.30526583e-152	3.45759994e-173	2.15402630e-194	2.45953498e-215	2.26139183e-235	1.46690267e-255	4.16147324e-276	7.62414761e-297	1.00000000e-300	1.00000000e-300	1.00000000e-300	1.00000000e-300	1.00000000e-300	1.00000000e-300	1.00000000e-300	
4.4	1.06009428e-04	1.45159424e-01	8.54277787e-01	4.56780066e-04	4.65985868e-11	3.21234530e-23	2.53138327e-39	8.30122310e-60	2.08939351e-79	5.07686395e-99	1.06844906e-118	9.22731333e-140	4.21161582e-161	3.12863783e-182	3.91638303e-203	4.18989520e-223	3.13281931e-243	9.58198162e-264	1.88070063e-284	1.00000000e-300	1.00000000e-300	1.00000000e-300	1.00000000e-300	1.00000000e-300	1.00000000e-300	1.00000000e-300	
4.5	3.17233385e-05	5.37171404e-02	9.35593898e-01	1.06570460e-02	1.92140431e-07	1.93940475e-16	1.49283477e-28	6.41666580e-47	1.00758528e-66	2.07139229e-86	4.06545955e-106	4.19750465e-127	2.33960273e-148	2.04426741e-169	2.85815588e-190	3.56513231e-210	3.08763029e-230	1.04286115e-250	2.23096241e-271	2.48240524e-292	1.00000000e-300	1.00000000e-300	1.00000000e-300	1.00000000e-300	1.00000000e-300	1.00000000e-300	
4.6	1.31467443e-05	2.73936291e-02	8.94950422e-01	7.75781029e-02	6.46995885e-05	2.30276647e-11	2.71159715e-20	1.35273865e-34	1.08427273e-54	1.42216115e-74	1.82406694e-94	2.25263531e-115	1.52423425e-136	1.53687970e-157	2.43120234e-178	3.54288537e-198	3.56215663e-218	1.35734816e-238	3.22003586e-259	3.94543096e-280	1.00000000e-300	1.00000000e-300	1.00000000e-300	1.00000000e-300	1.00000000e-300	1.00000000e-300	
4.7	5.12697761e-06	1.35636321e-02	7.19146572e-01	2.64239906e-01	3.04464924e-03	1.13444799e-07	4.59390497e-14	4.11200210e-25	5.99263534e-44	4.67626636e-64	3.29108261e-84	4.88683440e-105	4.00550347e-126	4.59647185e-147	8.29378166e-168	1.41483098e-187	1.65023349e-207	7.21303184e-228	1.92085767e-248	2.64720964e-269	2.88086822e-290	1.00000000e-300	1.00000000e-300	1.00000000e-300	1.00000000e-300	1.00000000e-300	
4.8	1.51183776e-06	5.25015337e-03	4.37677448e-01	5.17891317e-01	3.91320450e-02	4.75236516e-05	1.72043231e-09	6.23713398e-18	6.84389779e-33	6.34796759e-50	1.54683229e-69	2.76993656e-90	2.74863464e-111	3.56968783e-132	7.33414112e-153	1.46751208e-172	1.98150175e-192	1.00638507e-212	3.03269619e-233	4.77843546e-254	6.34736427e-275	1.66503965e-295	1.00000000e-300	1.00000000e-300	1.00000000e-300	1.00000000e-300	
4.9	3.03921912e-07	1.42444683e-03	1.86302854e-01	6.08037333e-01	2.01433230e-01	2.79957268e-03	2.26010807e-06	1.00719877e-12	1.42904845e-24	4.97741921e-38	1.09286159e-53	4.31448836e-72	8.64545693e-93	1.26520795e-113	2.90874469e-134	6.84027460e-154	1.06816869e-173	6.37602263e-194	2.19093755e-214	4.00169779e-235	6.46006114e-256	1.84139133e-276	5.18171935e-297	1.00000000e-300	1.00000000e-300	1.00000000e-300	
5	3.97362520e-08	2.56696971e-04	5.29055443e-02	4.26695824e-01	4.80953702e-01	3.89347369e-02	2.53450881e-04	5.29103730e-09	2.41562962e-18	6.24148458e-29	2.05629627e-41	5.68212523e-56	1.91258013e-72	2.71811297e-90	6.79322747e-111	1.88115515e-130	3.40270557e-150	2.41359159e-170	9.54845492e-191	2.04963603e-211	4.00121040e-232	1.23832394e-252	4.00012902e-273	3.59010332e-293	1.00000000e-300	1.00000000e-300	
5.1	3.50015580e-09	3.16383635e-05	1.03191308e-02	1.88057306e-01	6.01133038e-01	1.94326707e-01	6.12946068e-03	2.71536499e-06	1.32462544e-13	7.03589140e-22	8.46016488e-32	2.67798787e-43	2.10974661e-56	1.33523206e-70	2.30575026e-87	1.00065316e-104	2.10216835e-124	1.78836410e-144	8.22191007e-165	2.10369419e-185	4.94875084e-206	1.67211819e-226	6.10549563e-247	6.39120820e-267	5.42547386e-287	1.00000000e-300	
5.2	2.21824063e-10	2.83572953e-06	1.46583766e-03	5.59161608e-02	4.41228422e-01	4.49428310e-01	5.17060610e-02	2.52372689e-04	5.47261765e-10	2.15799692e-16	3.09304933e-24	2.66706048e-33	1.02681479e-43	5.27621391e-55	2.22984831e-68	4.89984903e-82	1.19387087e-101	1.22130630e-121	6.54694445e-142	2.02150416e-162	5.70793225e-183	2.12475934e-203	8.67737477e-224	1.06122021e-243	1.04646505e-263	8.67636492e-284	
5.3	1.08605490e-11	1.97740377e-07	1.61721674e-04	1.20897895e-02	2.11313473e-01	5.72928786e-01	1.97273579e-01	6.23215511e-03	2.97181743e-07	3.85711794e-12	2.71083711e-18	2.06742232e-25	1.13450697e-33	1.23670747e-42	2.69064945e-53	5.48985968e-64	1.53325765e-83	1.86701222e-103	1.15902301e-123	4.34995220e-144	1.46364475e-164	6.04644479e-185	2.76392479e-205	3.95575388e-225	4.53601445e-245	4.34975782e-265	
5.4	4.40439755e-13	1.14661935e-08	1.47620862e-05	2.04485861e-03	7.26671535e-02	4.61475240e-01	4.08318780e-01	5.54464368e-02	3.27504598e-05	7.21868956e-09	1.22420477e-13	3.43942807e-19	1.02707647e-25	8.29358698e-33	2.73386219e-41	1.34572532e-49	4.20971974e-69	5.95827759e-89	4.22327270e-109	1.92737013e-129	7.65066222e-150	3.52062134e-170	1.82247530e-190	3.05763412e-210	4.08143848e-230	4.52994870e-250	
5.5	1.51146088e-14	5.63513435e-10	1.13230974e-06	2.77351988e-04	1.87110547e-02	2.52042559e-01	5.07760113e-01	2.20204607e-01	1.00103142e-03	2.15035691e-06	4.97028613e-10	2.59817016e-14	1.98849874e-19	5.21980599e-25	9.96670997e-32	4.05768063e-38	8.45484268e-56	2.25329775e-75	1.80102448e-95	9.94947702e-116	4.62048586e-136	2.37620642e-156	1.41819042e-176	2.79397942e-196	4.34608300e-216	5.58724471e-236	
5.6	4.52510499e-16	2.41652049e-11	7.49243160e-08	3.12157912e-05	3.78242807e-03	9.99934463e-02	4.16599722e-01	4.68391514e-01	1.10570606e-02	1.44253190e-04	2.85329153e-07	1.62605344e-10	1.76576291e-14	7.89940441e-19	4.09648001e-24	5.90884450e-29	7.79598538e-43	2.65398010e-58	2.65365927e-75	4.23007274e-94	2.29366717e-114	1.32796080e-134	9.31379434e-155	2.15840911e-174	3.91677454e-194	5.83705461e-214	
5.7	1.28316842e-17	9.80737294e-13	4.63005761e-09	3.17518493e-06	6.60513960e-04	3.22281789e-02	2.57367393e-01	6.48482060e-01	5.80940358e-02	3.12832952e-03	3.61615401e-05	1.47671574e-07	1.42746459e-10	6.55565822e-14	5.09945545e-18	1.34157852e-21	1.91816063e-32	1.23993926e-44	4.22471532e-58	4.99855202e-73	3.16184337e-89	1.11619174e-106	1.03120601e-125	2.81606396e-145	5.96818446e-165	1.03190623e-184	
5.8	3.56417095e-19	3.89267073e-14	2.75806874e-10	3.02680342e-07	1.04134122e-04	8.93034426e-03	1.28760777e-01	6.55881799e-01	1.75634922e-01	2.92085577e-02	1.44848492e-03	3.04961717e-05	1.81676387e-07	5.75788179e-10	4.25540874e-13	1.21969856e-15	4.64604498e-24	1.26229726e-33	2.92571392e-44	4.35982681e-56	5.57258635e-69	6.43728584e-83	4.02063804e-98	6.73679850e-114	1.66940453e-133	3.35185447e-153	
5.9	8.92609418e-21	1.38978998e-15	1.45642661e-11	2.49583492e-08	1.37619472e-05	1.99388989e-03	4.95175397e-02	4.73286194e-01	3.17915284e-01	1.33190907e-01	2.21684578e-02	1.86181694e-03	5.12946357e-05	8.24926212e-07	4.10857196e-09	8.37868797e-11	2.73763642e-17	9.39697694e-25	4.11148712e-33	1.88172280e-42	1.08593881e-52	8.36025072e-64	6.18720683e-76	1.68042696e-88	4.87481569e-108	1.13770501e-127	
6	1.67587402e-22	3.70845999e-17	5.66971785e-13	1.48461851e-09	1.27759904e-06	3.02644683e-04	1.24709647e-02	2.11597474e-01	3.13903371e-01	2.88161528e-01	1.33047544e-01	3.65383202e-02	3.72956793e-03	2.40500332e-04	6.21013554e-06	5.96277421e-07	6.59106412e-12	1.08477143e-17	3.20200151e-24	1.46024501e-31	1.15337828e-39	1.67385773e-48	3.67939569e-58	3.75405115e-68	1.27649738e-87	3.46651979e-107	
6.1	1.77423570e-24	5.55797659e-19	1.22424751e-14	4.80456635e-11	6.30978455e-08	2.37688154e-05	1.57668946e-03	4.55068741e-02	1.35701371e-01	2.47701799e-01	2.74353422e-01	2.11300179e-01	6.73273612e-02	1.44835410e-02	1.55455916e-03	4.70289967e-04	8.19858109e-08	2.93580665e-12	2.53777764e-17	4.68004937e-23	1.94753979e-29	1.94880767e-36	4.23383314e-44	5.07834209e-52	2.02675637e-71	6.41167580e-91	
6.2	7.18817418e-27	3.17294981e-21	9.95638009e-17	5.75673957e-13	1.13187807e-09	6.61809168e-07	6.89138391e-05	3.27049464e-03	1.82609605e-02	6.17838144e-02	1.46968651e-01	2.81466879e-01	2.44559959e-01	1.50762748e-01	5.46658975e-02	3.81340136e-02	5.69823362e-05	2.32316336e-08	2.97109076e-12	1.06886416e-16	1.08676889e-21	3.35268265e-27	2.99015603e-33	1.67485696e-39	7.85661258e-59	2.89892648e-78	
6.3	8.13159720e-30	5.03206091e-24	2.22675433e-19	1.86867615e-15	5.40971338e-12	4.80443537e-09	7.68519215e-07	5.83072088e-05	5.77249665e-04	3.43489054e-03	1.61226781e-02	6.96486082e-02	1.47609747e-01	2.28088319e-01	2.28925051e-01	3.03090273e-01	2.43737251e-03	6.72253732e-06	7.28715517e-09	2.82152497e-12	3.75695938e-16	1.86946886e-20	3.37380086e-25	4.23566035e-30	2.33892915e-49	1.00794189e-68	
6.4	5.12329755e-33	4.41901110e-27	2.73278353e-22	3.28478995e-18	1.37957886e-14	1.82490404e-11	4.39928337e-09	5.20747892e-07	8.75227578e-06	8.79416026e-05	7.62796413e-04	6.85102702e-03	3.21985563e-02	1.10548742e-01	2.56129295e-01	5.75453295e-01	1.77357402e-02	2.22015725e-04	1.31075073e-06	3.37441445e-09	3.54395278e-12	1.68472923e-15	3.46452113e-19	5.43917202e-23	1.73091424e-40	2.66512467e-59	
6.5	4.07378342e-36	4.86787389e-30	4.17250348e-25	7.09916494e-21	4.26871779e-17	8.26281871e-14	2.95060335e-11	5.33177990e-09	1.46720893e-07	2.40784326e-06	3.66351630e-05	6.38223592e-04	6.12692482e-03	4.20594985e-02	1.93416546e-01	6.90851072e-01	6.40861239e-02	2.71920716e-03	6.24713777e-05	7.33120890e-07	4.04896116e-09	1.20521167e-11	1.77322277e-14	2.18855539e-17	2.10700114e-31	1.46643875e-46	
6.6	4.66170159e-39	7.67114802e-33	9.04370437e-28	2.15495215e-23	1.83306333e-19	5.10927069e-16	2.66042438e-13	7.19412925e-11	3.14250686e-09	8.18634587e-08	2.09275090e-06	6.66068695e-05	1.21677223e-03	1.52883568e-02	1.24427062e-01	6.79356186e-01	1.59650496e-01	1.86365896e-02	1.30219707e-03	5.24280877e-05	1.11241778e-06	1.48086405e-08	1.07580252e-10	7.21435599e-13	4.28487077e-24	2.52650034e-36	
6.7	6.90497691e-42	1.55563951e-35	2.50395409e-30	8.27474220e-26	9.84903936e-22	3.89579713e-18	2.91584406e-15	1.15852758e-12	7.81764116e-11	3.15234740e-09	1.30551716e-07	7.20719153e-06	2.35714584e-04	5.04820445e-03	6.70232512e-02	5.45971375e-01	2.86712471e-01	7.92304203e-02	1.40855882e-02	1.57919013e-03	1.01663011e-04	4.65335116e-06	1.25114632e-07	3.39781964e-09	3.52075625e-18	4.65131488e-28	
6.8	1.09390548e-44	3.35337050e-38	7.31696804e-33	3.32297222e-28	5.47875088e-24	3.03487535e-20	3.22290091e-17	1.85053376e-14	1.88324281e-12	1.14911133e-10	7.47018684e-09	6.83950906e-07	3.80158448e-05	1.31268965e-03	2.68820995e-02	3.21685920e-01	3.43616168e-01	2.01205449e-01	7.98673291e-02	2.13944406e-02	3.50708144e-03	4.50981720e-04	3.60030522e-05	3.13068352e-06	2.07474797e-13	2.13527385e-21	
6.9	1.41582167e-47	5.86943741e-41	1.72402239e-35	1.06668955e-30	2.41321965e-26	1.84948653e-22	2.75427631e-19	2.25175798e-16	3.38421809e-14	3.06165911e-12	3.03930164e-10	4.43980563e-08	4.01262775e-06	2.14064751e-04	6.50887733e-03	1.13211923e-01	2.28768387e-01	2.60956153e-01	2.09758295e-01	1.19777854e-01	4.38707777e-02	1.35815318e-02	2.72150656e-03	6.26572194e-04	1.19553556e-09	4.14154967e-16	
7	1.06956836e-50	5.96112850e-44	2.34098521e-38	1.95690010e-33	6.02081899e-29	6.31352188e-25	1.30469091e-21	1.49883963e-18	3.26663746e-16	4.30336345e-14	6.36897729e-12	1.43594839e-09	2.03285828e-07	1.62157429e-05	7.13105501e-04	1.78827166e-02	6.45431800e-02	1.34328367e-01	2.02849520e-01	2.26346124e-01	1.67761714e-01	1.11020109e-01	4.90235791e-02	2.55144221e-02	7.41959610e-07	4.44401999e-12	
7.1	3.65765874e-54	2.72556322e-47	1.42149727e-41	1.59228831e-36	6.60626705e-32	9.38112125e-28	2.66497121e-24	4.25222786e-21	1.32268407e-18	2.49745030e-16	5.39786261e-14	1.82606512e-11	3.92485281e-09	4.56535059e-07	2.85062268e-05	1.02335846e-03	6.29408724e-03	2.26744661e-02	6.06376753e-02	1.23541484e-01	1.71627214e-01	2.21155119e-01	1.93929189e-01	1.99035396e-01	5.30404183e-05	3.23864248e-09	
7.2	7.70606719e-58	7.63813662e-51	5.25597634e-45	7.82496554e-40	4.34218774e-35	8.26983996e-31	3.20262187e-27	7.02558552e-24	3.07599898e-21	8.21058148e-19	2.54574629e-16	1.26207182e-13	4.01359084e-11	6.67943605e-09	5.84597945e-07	2.98513583e-05	3.00750400e-04	1.79500042e-03	8.09981618e-03	2.85322536e-02	6.99330937e-02	1.62778263e-01	2.60272992e-01	4.67497790e-01	7.59287981e-04	3.10862364e-07	
7.3	1.75883950e-61	2.30782393e-54	2.08184391e-48	4.08572538e-43	3.00816598e-38	7.61303437e-34	3.98914767e-30	1.19255097e-26	7.26145419e-24	2.70728382e-21	1.18583337e-18	8.44904505e-16	3.89191520e-13	9.13219842e-11	1.11004192e-08	8.01419195e-07	1.27916015e-05	1.21964985e-04	8.92322380e-04	5.19626451e-03	2.13921051e-02	8.45360584e-02	2.29663799e-01	6.53500196e-01	4.67447415e-03	9.21101604e-06	
7.4	5.43505065e-65	9.39815407e-58	1.10427962e-51	2.83322084e-46	2.74572172e-41	9.15038455e-37	6.44307327e-33	2.60470359e-29	2.18321795e-26	1.12516404e-23	6.87064509e-21	6.92274779e-18	4.53829644e-15	1.48428993e-12	2.48838030e-10	2.52517318e-08	6.20034784e-07	9.16459406e-06	1.05196554e-04	9.75967605e-04	6.48243152e-03	4.13190242e-02	1.80006472e-01	7.52613254e-01	1.83539190e-02	1.33925365e-04	
7.5	2.29496087e-68	5.20611638e-61	7.91651075e-55	2.63283150e-49	3.33163973e-44	1.44894045e-39	1.36227735e-35	7.39669742e-32	8.45806897e-29	5.97158756e-26	5.02585679e-23	7.06584749e-20	6.49647214e-17	2.93405440e-14	6.74648432e-12	9.56481758e-10	3.52005671e-08	7.86519787e-07	1.37834296e-05	1.97607860e-04	2.04873305e-03	2.02055641e-02	1.34808542e-01	7.87878156e-01	5.36689561e-02	1.17783512e-03	
7.6	1.25288084e-71	3.71175411e-64	7.25643417e-58	3.10103909e-52	5.08235782e-47	2.85840581e-42	3.56676798e-38	2.58528943e-34	4.00091170e-31	3.83881051e-28	4.40860933e-25	8.55204335e-22	1.08940863e-18	6.74212820e-16	2.11610227e-13	4.16505644e-11	2.24599905e-09	7.42256294e-08	1.94011117e-06	4.18896229e-05	6.59476877e-04	9.73568454e-03	9.60193845e-02	7.62198666e-01	1.24382591e-01	6.96029072e-03	
7.7	8.24343586e-75	3.17524663e-67	7.92686322e-61	4.31384505e-55	9.08095757e-50	6.54450345e-45	1.07755258e-40	1.03686235e-36	2.15586988e-33	2.79081180e-30	4.33407771e-27	1.14905130e-23	2.00731227e-20	1.69109185e-17	7.21392447e-15	1.95867220e-12	1.51792933e-10	7.27963279e-09	2.78108154e-07	8.84479162e-06	2.06521295e-04	4.44467110e-03	6.30923667e-02	6.70483431e-01	2.32679767e-01	2.90841118e-02	
7.8	6.11954756e-78	3.05147800e-70	9.65973121e-64	6.63217257e-58	1.77801352e-52	1.62685839e-47	3.51475087e-43	4.46691623e-39	1.23928386e-35	2.14997117e-32	4.47774097e-29	1.60916554e-25	3.82142127e-22	4.35686238e-19	2.51582761e-16	9.36282264e-14	1.02455726e-11	7.01357801e-10	3.84823125e-08	1.76859891e-06	6.00231211e-05	1.84411205e-03	3.69287999e-02	5.22112333e-01	3.50992324e-01	8.80606005e-02	
7.9	4.89765133e-81	3.14837322e-73	1.25460151e-66	1.07628801e-60	3.64256196e-55	4.19220261e-50	1.18207458e-45	1.97501065e-41	7.26303741e-38	1.67787057e-34	4.64968841e-31	2.24869265e-27	7.20470058e-24	1.10569021e-20	8.60838948e-18	4.36380032e-15	6.63691781e-13	6.39329543e-11	4.96166770e-09	3.24134794e-07	1.57147335e-05	6.77873278e-04	1.88645985e-02	3.54060245e-01	4.28432054e-01	1.97949186e-01	
8	4.18278955e-84	3.45238413e-76	1.71872836e-69	1.82402577e-63	7.72285251e-58	1.10751274e-52	4.05492258e-48	8.86995907e-44	4.29650008e-40	1.31365006e-36	4.80702697e-33	3.10839191e-29	1.33472542e-25	2.74358714e-22	2.86882404e-19	1.96919771e-16	4.10633354e-14	5.49923049e-12	5.95747442e-10	5.45393463e-08	3.72138226e-06	2.22385303e-04	8.50294862e-03	2.11706006e-01	4.34656628e-01	3.44908255e-01	
