4	9.99514525e-01	4.85474824e-04	1.08747167e-15	3.85023409e-35	1.27966621e-54	8.64931535e-74	3.36537450e-93	8.68441161e-113	
4.1	9.79134330e-01	2.08656699e-02	7.01179476e-11	8.87082476e-28	3.15623691e-47	2.50268559e-66	1.13153579e-85	3.37514962e-105	
4.2	6.96520791e-01	3.03478865e-01	3.44189907e-07	4.53048782e-20	1.68258869e-39	1.56799930e-58	8.24581424e-78	2.84501275e-97	
4.3	1.91379209e-01	8.08537010e-01	8.37804030e-05	1.79232218e-14	1.56157884e-32	1.71334336e-51	1.04899430e-70	4.18955878e-90	
4.4	4.72028665e-02	9.49977211e-01	2.81992221e-03	2.13735585e-10	1.93484112e-24	2.13343515e-42	1.52219696e-61	7.04277380e-81	
4.5	1.63344232e-02	9.50024160e-01	3.36411678e-02	2.49205472e-07	3.29031595e-18	5.25719712e-32	4.37560102e-51	2.34712324e-70	
4.6	6.27365851e-03	8.03330395e-01	1.90348440e-01	4.75060948e-05	2.03224138e-13	6.95180671e-24	6.75634563e-43	4.20542122e-62	
4.7	1.96572569e-03	4.80252332e-01	5.15844275e-01	1.93766677e-03	8.51258401e-10	1.36460691e-17	1.55027920e-36	1.12072697e-55	
4.8	4.83146658e-04	2.07959241e-01	7.67041996e-01	2.45151597e-02	4.55949046e-07	1.02426368e-12	1.36169061e-31	1.14442208e-50	
4.9	1.04464341e-04	7.56657329e-02	7.82221493e-01	1.41952292e-01	5.60110337e-05	6.75479744e-09	1.05206720e-27	1.02902728e-46	
5	1.86658194e-05	2.21423557e-02	5.52565933e-01	4.23208830e-01	2.05800274e-03	6.21310918e-06	1.13510057e-24	1.29357075e-43	
5.1	2.61906540e-06	5.00168768e-03	2.69842769e-01	6.96859090e-01	2.71741589e-02	1.11967523e-03	2.40257157e-22	3.19405952e-41	
5.2	2.91478284e-07	8.85434181e-04	9.50869015e-02	6.95796129e-01	1.54579103e-01	5.36521407e-02	2.06880642e-18	3.21279652e-37	
5.3	1.46075809e-08	6.99365685e-05	1.40454151e-02	2.54092831e-01	2.44663848e-01	4.87127955e-01	1.01131529e-13	5.83095234e-30	
5.4	2.85478139e-10	2.13565372e-06	7.64597359e-04	3.07063760e-02	1.02893372e-01	8.65633518e-01	1.75163844e-10	3.86846161e-23	
5.5	6.06659149e-12	7.02957547e-08	4.31889125e-05	3.53331912e-03	3.45299018e-02	9.61893471e-01	4.88133605e-08	8.00702218e-18	
5.6	1.86394774e-13	3.31552360e-09	3.38711426e-06	5.26589411e-04	1.30158144e-02	9.86449936e-01	4.26980933e-06	1.41340781e-13	
5.7	8.19247277e-15	2.21550293e-10	3.66618072e-07	1.02390287e-04	5.70406469e-03	9.94037607e-01	1.55570464e-04	3.69125165e-10	
5.8	5.07533065e-16	2.06398946e-11	5.40751809e-08	2.59067610e-05	2.96162029e-03	9.94191317e-01	2.82089102e-03	2.10829206e-07	
5.9	4.46503324e-17	2.69946722e-12	1.09699529e-08	8.67528481e-06	1.88330562e-03	9.70034985e-01	2.80386639e-02	3.43590302e-05	
6	5.10306700e-18	4.53614075e-13	2.80776155e-09	3.54695060e-06	1.36845135e-03	8.47090999e-01	1.49744693e-01	1.79230701e-03	
6.1	5.91771594e-19	7.64406196e-14	7.09110600e-10	1.39061767e-06	8.99375713e-04	5.72422276e-01	3.95986750e-01	3.06902073e-02	
6.2	5.66411609e-20	1.05079714e-14	1.43876642e-10	4.26958982e-07	4.39290208e-04	2.75952281e-01	5.31123509e-01	1.92484493e-01	
6.3	4.00906458e-21	1.05647182e-15	2.10348446e-11	9.22473969e-08	1.44184141e-04	9.16382903e-02	3.93230456e-01	5.14986978e-01	
6.4	2.32142199e-22	8.60012512e-17	2.45473373e-12	1.55729327e-08	3.55685635e-05	2.39678786e-02	2.00961279e-01	7.75035259e-01	
6.5	1.35482769e-23	6.98146317e-18	2.81995488e-13	2.54121528e-09	8.22695189e-06	6.16842504e-03	9.32953138e-02	9.00528032e-01	
6.6	8.79400513e-25	6.23836589e-19	3.52560682e-14	4.44529009e-10	1.99487431e-06	1.73663485e-03	4.49556436e-02	9.53305726e-01	
6.7	6.44802917e-26	6.23871982e-20	4.88419997e-15	8.50508776e-11	5.20952874e-07	5.45351505e-04	2.32768503e-02	9.76177277e-01	
6.8	5.28340541e-27	6.91611417e-21	7.43431839e-16	1.76830588e-11	1.46324740e-07	1.89368463e-04	1.29478160e-02	9.86862669e-01	
6.9	4.76931986e-28	8.38840247e-22	1.22828534e-16	3.95448125e-12	4.39122675e-08	7.17564370e-05	7.67007677e-03	9.92258123e-01	
7	4.68512402e-29	1.10067234e-22	2.17964875e-17	9.42761524e-13	1.39870076e-08	2.93151340e-05	4.79411838e-03	9.95176553e-01	
7.1	4.95749665e-30	1.54777527e-23	4.11831637e-18	2.37846727e-13	4.69945136e-09	1.27764222e-05	3.13470071e-03	9.96852518e-01	
7.2	5.60665057e-31	2.31516235e-24	8.22891575e-19	6.31411413e-14	1.65696342e-09	5.88870922e-06	2.12851122e-03	9.97865598e-01	
7.3	6.73311411e-32	3.66044648e-25	1.72898086e-19	1.75535123e-14	6.10259595e-10	2.84903294e-06	1.49181752e-03	9.98505333e-01	
7.4	8.53365903e-33	6.08212233e-26	3.80001027e-20	5.08520050e-15	2.33620952e-10	1.43675911e-06	1.07342359e-03	9.98925139e-01	
7.5	1.13489018e-33	1.05641834e-26	8.69297446e-21	1.52771467e-15	9.25092706e-11	7.50349307e-07	7.89090738e-04	9.99210159e-01	
7.6	1.57456807e-34	1.90805025e-27	2.05976216e-21	4.73773516e-16	3.77184465e-11	4.03505986e-07	5.90172310e-04	9.99409424e-01	
7.7	2.26611984e-35	3.56501159e-28	5.03103464e-22	1.51002346e-16	1.57678253e-11	2.22314239e-07	4.47496008e-04	9.99552282e-01	
7.8	3.36437613e-36	6.85531023e-29	1.26085008e-22	4.92516349e-17	6.73077736e-12	1.24928987e-07	3.42972383e-04	9.99656903e-01	
7.9	5.12698805e-37	1.35047124e-29	3.22865904e-23	1.63762147e-17	2.92313901e-12	7.13264660e-08	2.64998304e-04	9.99734930e-01	
8	7.98805706e-38	2.71558284e-30	8.42025663e-24	5.53469441e-18	1.28805999e-12	4.12549631e-08	2.05998988e-04	9.99793960e-01	
