4	6.46653621e-04	9.99353346e-01	7.32234281e-19	1.00932678e-37	3.91204349e-57	2.55535462e-77	2.97636433e-97	2.08920452e-117	5.77822665e-138	9.95924875e-158	1.22184229e-177	1.14362947e-197	
4.1	1.36732068e-04	9.99863268e-01	1.69287396e-16	2.76020309e-35	1.16090522e-54	9.98550843e-75	1.26533383e-94	8.44885171e-115	3.01640207e-135	6.04425196e-155	8.58146509e-175	9.25916164e-195	
4.2	3.73253204e-05	9.99962675e-01	1.80882839e-12	3.52090923e-31	1.63110777e-50	1.82911085e-70	2.55322979e-90	1.66987998e-110	7.73282325e-131	1.80459250e-150	2.96811883e-170	3.69421263e-190	
4.3	1.25044725e-05	9.99987492e-01	3.05852579e-09	1.45722384e-24	7.52830477e-44	1.08479828e-63	1.67540036e-83	1.10323144e-103	6.58268358e-124	1.79223543e-143	3.41843735e-163	4.91124450e-183	
4.4	4.93908092e-06	9.99993865e-01	1.19600390e-06	4.06613953e-18	2.77556598e-36	5.05274901e-56	8.61544037e-76	5.88164962e-96	4.42086365e-116	1.40673563e-135	3.11469324e-155	5.16888611e-175	
4.5	2.23920525e-06	9.99852230e-01	1.45531182e-04	5.99118510e-13	6.26949161e-27	1.41938113e-46	2.66643584e-66	1.94840839e-86	1.77402202e-106	6.60897983e-126	1.70037842e-145	3.26171014e-165	
4.6	1.17571030e-06	9.93287027e-01	6.71178955e-03	7.69304439e-09	1.75980953e-19	1.28992499e-35	2.67176401e-55	2.15390148e-75	2.25661113e-95	9.85957896e-115	2.95063578e-134	6.54700240e-154	
4.7	7.38821024e-07	8.86780613e-01	1.13208637e-01	1.00114954e-05	1.01935590e-13	4.02605287e-26	2.10453716e-42	1.90742397e-62	2.17837704e-82	1.11819449e-101	3.89635168e-121	1.00076069e-140	
4.8	4.46974114e-07	4.98503102e-01	5.00333427e-01	1.16302218e-03	1.40841264e-09	5.14326196e-19	1.17101378e-31	7.12803484e-48	8.50720608e-68	5.13940523e-87	2.08728850e-106	6.21061549e-126	
4.9	2.34387113e-07	1.89638637e-01	7.88385435e-01	2.19745903e-02	1.10317310e-06	8.83178074e-14	1.53194882e-23	3.04447824e-36	1.18715347e-52	5.93763252e-71	2.81361714e-90	9.70614440e-110	
5	1.09608137e-07	6.41323966e-02	7.82370217e-01	1.53351555e-01	1.45720506e-04	8.11622894e-10	2.66456347e-17	3.29830399e-27	4.18189813e-40	2.26394512e-54	1.25303449e-73	5.01588984e-93	
5.1	3.64241349e-08	1.68263220e-02	5.02260891e-01	4.76053461e-01	4.85850844e-03	7.81471386e-07	1.64932804e-12	3.44588033e-20	2.84540366e-30	2.61548574e-41	1.69269574e-60	7.86981889e-80	
5.2	7.98533320e-09	3.21683976e-03	2.10460629e-01	7.33316341e-01	5.28794945e-02	1.26679660e-04	7.55738254e-09	9.66569495e-15	1.46882726e-22	5.26217632e-31	3.98679925e-50	2.15495673e-69	
5.3	1.27317347e-09	4.88801351e-04	6.50113776e-02	6.78543867e-01	2.50562009e-01	5.38909291e-03	4.85001122e-06	1.73389510e-10	1.79071245e-16	7.76517531e-23	6.89557442e-42	4.33784870e-61	
5.4	1.37808377e-10	5.42739995e-05	1.38859338e-02	3.71892784e-01	5.43039416e-01	7.05402581e-02	5.87015268e-04	3.18935215e-07	1.01746461e-11	2.10822337e-16	2.19711880e-35	1.61044851e-54	
5.5	9.51600682e-12	4.08217279e-06	1.92430926e-03	1.17532056e-01	5.49545867e-01	3.14508366e-01	1.64013898e-02	8.38858435e-05	4.41178271e-08	2.08611816e-11	2.55499563e-30	2.18482135e-49	
5.6	4.30600572e-13	2.10938644e-07	1.76839402e-04	2.24812547e-02	2.83551910e-01	5.56499584e-01	1.32891555e-01	4.37559028e-03	2.29185478e-05	1.37417629e-07	7.11635341e-26	7.10896009e-45	
5.7	1.35792956e-14	7.87399419e-09	1.13928097e-05	2.80395915e-03	8.31615129e-02	4.60097111e-01	3.90690513e-01	6.10167145e-02	2.11789550e-03	1.00892717e-04	4.50356380e-19	8.07241394e-36	
5.8	2.92939711e-16	2.06571193e-10	5.02532720e-07	2.25912825e-04	1.41357564e-02	1.89547373e-01	4.68325933e-01	2.71173234e-01	4.48829960e-02	1.17082923e-02	7.40473936e-14	4.47405274e-27	
5.9	3.29291164e-18	2.88866464e-12	1.15393359e-08	9.03785022e-06	1.09550067e-03	3.17092040e-02	1.94861129e-01	3.43194321e-01	2.08091372e-01	2.21039424e-01	4.71952589e-10	1.91347249e-20	
6	1.49867364e-20	1.66563119e-14	1.06884489e-10	1.40221331e-07	3.07736634e-05	1.75859579e-03	2.38070382e-02	1.08802315e-01	1.96168194e-01	6.69432788e-01	1.54411437e-07	1.16542297e-15	
6.1	6.22073154e-23	8.87308350e-17	8.96030800e-13	1.90399331e-09	7.16658004e-07	7.54149417e-05	2.04726610e-03	2.13942209e-02	9.74129024e-02	8.79060628e-01	8.84943734e-06	4.49018179e-12	
6.2	3.93592578e-25	7.26364599e-19	1.13220131e-14	3.78470789e-11	2.33905297e-08	4.28638896e-06	2.16731115e-04	4.68126522e-03	4.73450445e-02	9.47551075e-01	2.01571191e-04	3.06160674e-09	
6.3	4.10841624e-27	9.85265425e-21	2.32763724e-16	1.19302648e-12	1.16850529e-09	3.56329680e-07	3.16065629e-05	1.29954350e-03	2.63218118e-02	9.69930728e-01	2.41537490e-03	5.77708690e-07	
6.4	6.94991348e-29	2.16795814e-22	7.63127264e-18	5.86458837e-14	8.84088776e-11	4.32285206e-08	6.40605739e-06	4.67572664e-04	1.73696863e-02	9.64963676e-01	1.71538022e-02	3.88130450e-05	
6.5	1.72587572e-30	6.98923720e-24	3.60759950e-19	4.07678818e-15	9.23014421e-12	7.01776537e-09	1.67037805e-06	2.04038585e-04	1.28502002e-02	9.09725819e-01	7.61306610e-02	1.08760393e-03	
6.6	5.27512031e-32	2.76692448e-25	2.06291301e-20	3.36984870e-16	1.12232137e-12	1.29285948e-09	4.78773311e-07	9.31752613e-05	9.27038965e-03	7.61458847e-01	2.15089792e-01	1.40873155e-02	
6.7	1.63792417e-33	1.11076850e-26	1.17978517e-21	2.74426140e-17	1.32075824e-13	2.25449663e-10	1.26498758e-07	3.76689317e-05	5.57926989e-03	5.17757687e-01	3.86542154e-01	9.00830935e-02	
6.8	4.41261517e-35	3.86401309e-28	5.77484589e-23	1.88781102e-18	1.29297228e-14	3.20875805e-11	2.66707540e-08	1.17564676e-05	2.47757257e-03	2.62583606e-01	4.37948289e-01	2.96978750e-01	
6.9	9.98762686e-37	1.12837109e-29	2.34628450e-24	1.06566511e-19	1.02516448e-15	3.63820663e-12	4.39391829e-09	2.79155374e-06	8.11598405e-04	1.00729671e-01	3.35052948e-01	5.63402987e-01	
7	2.13076809e-38	3.10409049e-31	8.88670365e-26	5.55203109e-21	7.41849799e-17	3.71155995e-13	6.40498008e-10	5.74270004e-07	2.26021175e-04	3.37652518e-02	2.06958475e-01	7.59049677e-01	
7.1	4.79855230e-40	9.00906789e-33	3.51760140e-27	2.99670916e-22	5.50789490e-18	3.83780708e-14	9.32806705e-11	1.16098457e-07	6.12212514e-05	1.12867104e-02	1.20375353e-01	8.68276599e-01	
7.2	1.19516481e-41	2.88863816e-34	1.52529350e-28	1.75849900e-23	4.40839395e-19	4.23401591e-15	1.43201707e-11	2.44304486e-08	1.71726019e-05	3.98892656e-03	7.08732141e-02	9.25120662e-01	
7.3	3.31875733e-43	1.03114215e-35	7.30878908e-30	1.13264304e-24	3.84404299e-20	5.04422240e-16	2.35005586e-12	5.44427429e-09	5.08943413e-06	1.51385590e-03	4.32571876e-02	9.55223862e-01	
7.4	1.02237038e-44	4.07736647e-37	3.85438122e-31	7.98053980e-26	3.64256444e-21	6.48011041e-17	4.12282588e-13	1.28791894e-09	1.59954187e-06	6.16613859e-04	2.74994402e-02	9.71882345e-01	
7.5	3.46363317e-46	1.77059227e-38	2.21969797e-32	6.10764462e-27	3.72700847e-22	8.92750349e-18	7.69747201e-14	3.22433004e-10	5.31715858e-07	2.67899511e-04	1.81665952e-02	9.81564973e-01	
7.6	1.27942631e-47	8.37268698e-40	1.38517603e-33	5.04117378e-28	4.09143008e-23	1.31149072e-18	1.52199750e-14	8.50755292e-11	1.86162079e-07	1.23277477e-04	1.24174523e-02	9.87459084e-01	
7.7	5.11331062e-49	4.27892701e-41	9.30062563e-35	4.45826754e-29	4.79067680e-24	2.04352909e-19	3.17234930e-15	2.35604246e-11	6.83376646e-08	5.96689705e-05	8.74228418e-03	9.91197978e-01	
7.8	2.19294434e-50	2.34443426e-42	6.66879760e-36	4.19504206e-30	5.94461770e-25	3.35752479e-20	6.93358341e-16	6.81488954e-12	2.61636672e-08	3.01648946e-05	6.31035136e-03	9.93659458e-01	
7.9	1.00094067e-51	1.36606250e-43	5.06789784e-37	4.17037661e-31	7.76609707e-26	5.78199002e-21	1.58049933e-16	2.04850668e-12	1.03907465e-08	1.58202743e-05	4.64936511e-03	9.95334804e-01	
8	4.82410226e-53	8.39986413e-45	4.05251523e-38	4.35063915e-32	1.06145846e-26	1.03769026e-21	3.73817645e-17	6.36853946e-13	4.25895246e-09	8.55595809e-06	3.48303375e-03	9.96508406e-01	
