4	9.99999876e-01	1.23634652e-07	2.58361737e-25	1.42147570e-44	4.63637570e-64	5.51290565e-84	2.42421426e-104	4.37556948e-124	9.87340997e-144	1.53565629e-163	1.77749106e-183	
4.1	9.99970496e-01	2.95044811e-05	1.43190559e-18	9.55610305e-38	3.67884841e-57	5.21612345e-77	2.93489121e-97	5.15397742e-117	1.35439943e-136	2.43996806e-156	3.25734288e-176	
4.2	9.97556621e-01	2.44337851e-03	3.71665004e-13	5.28342060e-31	2.38749033e-50	4.05069253e-70	2.85519418e-90	4.96024116e-110	1.52073003e-129	3.17649939e-149	4.89434649e-169	
4.3	9.19147670e-01	8.08523223e-02	7.86489798e-09	2.10297467e-22	1.10945643e-41	2.23358753e-61	1.91249821e-81	3.37011810e-101	1.20755974e-120	2.92757369e-140	5.20980841e-160	
4.4	3.82667707e-01	6.17321498e-01	1.07953354e-05	7.59762216e-16	2.68260527e-33	6.30228464e-53	6.36860732e-73	1.15586906e-92	4.84899320e-112	1.36581739e-131	2.80917937e-151	
4.5	5.79046677e-02	9.41068839e-01	1.02649315e-03	3.90279779e-11	1.83227870e-24	4.35404035e-43	5.08569367e-63	9.38077557e-83	4.61556940e-102	1.51197289e-121	3.59680966e-141	
4.6	1.20919822e-02	9.63794735e-01	2.41131527e-02	1.30218270e-07	1.18467570e-17	4.85183593e-32	3.66184408e-51	6.58261712e-71	3.80531093e-90	1.45119573e-109	3.99584700e-129	
4.7	4.41338943e-03	8.12455971e-01	1.83086747e-01	4.38927563e-05	1.56695878e-12	1.48930333e-23	1.78210463e-38	2.99701766e-58	2.03913432e-77	9.06237614e-97	2.89047959e-116	
4.8	1.63762454e-03	4.80236966e-01	5.15947790e-01	2.17761094e-03	8.03811333e-09	3.45946252e-17	8.88731358e-29	1.05800138e-44	7.08915515e-63	3.67536545e-82	1.35902170e-101	
4.9	4.85571746e-04	2.09242359e-01	7.60567823e-01	2.97002652e-02	3.98122278e-06	2.08468545e-12	2.33502336e-21	7.52215580e-34	5.64627487e-48	3.41852481e-67	1.46667445e-86	
5	1.16084805e-04	7.41460801e-02	7.49985958e-01	1.75354267e-01	3.97601250e-04	9.17245356e-09	1.28506242e-15	2.33573848e-25	3.05911184e-36	2.16531367e-55	1.07890763e-74	
5.1	1.99080443e-05	1.93400128e-02	4.78763619e-01	4.91045112e-01	1.08262234e-02	5.12459589e-06	3.41956968e-11	1.02419087e-18	5.34212231e-27	4.42573055e-46	2.56353063e-65	
5.2	2.35743774e-06	3.56917187e-03	1.96956825e-01	6.99954661e-01	9.89772992e-02	5.39604486e-04	8.14146598e-08	1.52159637e-13	9.77145646e-20	9.48629833e-39	6.39440950e-58	
5.3	1.99635921e-07	4.79393940e-04	5.49096395e-02	5.61615649e-01	3.68168405e-01	1.47983865e-02	2.83246540e-05	1.52946276e-09	4.75670122e-14	5.41827844e-33	4.25506996e-52	
5.4	1.17700628e-08	4.51684220e-05	1.01470668e-02	2.57489631e-01	6.04414684e-01	1.25955633e-01	1.94615965e-03	1.64362651e-06	1.17884773e-09	1.57766378e-28	1.44523674e-47	
5.5	4.97256194e-10	3.04990872e-06	1.28222231e-03	7.17619681e-02	4.91115395e-01	4.00574294e-01	3.49778081e-02	2.82669802e-04	2.59189002e-06	6.03223198e-25	6.45454650e-44	
5.6	1.53638722e-11	1.49920970e-07	1.13370213e-04	1.27641601e-02	2.16747733e-01	5.53244707e-01	2.05630760e-01	1.07136572e-02	7.85463067e-04	2.00621184e-18	1.08585996e-35	
5.7	3.31349108e-13	5.09085235e-09	6.69382200e-06	1.41094524e-03	5.24488494e-02	3.51109481e-01	4.42977395e-01	1.08340548e-01	4.37060820e-02	1.91606899e-13	4.79126666e-27	
5.8	3.41854751e-15	8.16281470e-11	1.81166018e-07	6.76670462e-05	5.00270208e-03	7.65250638e-02	2.73456464e-01	2.43480539e-01	4.01467382e-01	6.92011556e-10	1.49165341e-20	
5.9	1.75855772e-17	6.43887849e-13	2.34832736e-09	1.48997872e-06	2.03724289e-04	6.40530832e-03	5.60866663e-02	1.48464983e-01	7.88837660e-01	1.65792073e-07	8.11739095e-16	
6	1.06608127e-19	5.90304250e-15	3.45241785e-11	3.59365920e-08	8.59254138e-06	5.11876820e-04	9.78303781e-03	6.55799986e-02	9.24107124e-01	9.33469148e-06	3.59873562e-12	
6.1	1.02236011e-21	8.42699595e-17	7.72880084e-13	1.28166470e-09	5.12294160e-07	5.42406780e-05	2.06374813e-03	3.08495651e-02	9.66808959e-01	2.22970672e-04	2.91752137e-09	
6.2	1.58782361e-23	1.91657178e-18	2.70012088e-14	6.96369982e-11	4.48965030e-08	8.03407304e-06	5.65024237e-04	1.69972582e-02	9.79615184e-01	2.81381419e-03	6.40542974e-07	
6.3	3.89915921e-25	6.78450940e-20	1.44063981e-15	5.65581669e-12	5.71025145e-09	1.65969674e-06	2.03149739e-04	1.12818959e-02	9.67678838e-01	2.07860050e-02	4.84458304e-05	
6.4	1.36140853e-26	3.36629399e-21	1.05898654e-16	6.21095251e-13	9.56952198e-10	4.37181171e-07	8.86628825e-05	8.42054895e-03	8.96788654e-01	9.32408410e-02	1.46085485e-03	
6.5	5.57256026e-28	1.93372564e-22	8.86985117e-18	7.64703556e-14	1.75922118e-10	1.22977955e-07	3.96297058e-05	6.00593064e-03	7.19715839e-01	2.54993385e-01	1.92450925e-02	
6.6	2.18943449e-29	1.05483807e-23	6.95318599e-19	8.68206956e-15	2.92998381e-11	3.06692133e-08	1.51396682e-05	3.44831257e-03	4.54002434e-01	4.24092614e-01	1.18441469e-01	
6.7	7.12929518e-31	4.72534773e-25	4.41854377e-20	7.86908812e-16	3.83308401e-12	5.89795006e-09	4.32792836e-06	1.41285012e-03	2.07669466e-01	4.30257438e-01	3.60655913e-01	
6.8	1.94283173e-32	1.75679050e-26	2.30350890e-21	5.76579051e-17	3.98853154e-13	8.86674789e-10	9.44187630e-07	4.27124720e-04	7.22309179e-02	2.96241095e-01	6.31099918e-01	
6.9	5.13165661e-34	6.28107343e-28	1.14254061e-22	3.96802152e-18	3.83950666e-14	1.21344150e-10	1.83927703e-07	1.12855236e-04	2.26638606e-02	1.70272776e-01	8.06950324e-01	
7	1.46577818e-35	2.41086709e-29	6.02452673e-24	2.87250334e-19	3.83542868e-15	1.69848675e-11	3.61056728e-08	2.96865857e-05	7.28312499e-03	9.48222580e-02	8.97864894e-01	
7.1	4.68709214e-37	1.02905748e-30	3.50185927e-25	2.27306371e-20	4.13920897e-16	2.53635186e-12	7.47587354e-09	8.18626574e-06	2.51162186e-03	5.43485361e-02	9.43131648e-01	
7.2	1.67982243e-38	4.89344189e-32	2.25019237e-26	1.97520918e-21	4.85946066e-17	4.07695124e-13	1.64900776e-09	2.39814108e-06	9.37106647e-04	3.25864050e-02	9.66474089e-01	
7.3	6.68768241e-40	2.57113460e-33	1.58682452e-27	1.87327074e-22	6.18585237e-18	7.04523181e-14	3.87068831e-10	7.46736561e-07	3.76729672e-04	2.04560498e-02	9.79166473e-01	
7.4	2.92644909e-41	1.47797375e-34	1.21701351e-28	1.92168411e-23	8.47650310e-19	1.30153834e-14	9.62428569e-11	2.46181650e-07	1.61908412e-04	1.33875436e-02	9.86450302e-01	
7.5	1.39463302e-42	9.21565791e-36	1.00714643e-29	2.11597189e-24	1.24116561e-19	2.55345840e-15	2.52260592e-11	8.55109261e-08	7.37952278e-05	9.08467505e-03	9.90841444e-01	
7.6	7.19263665e-44	6.19771033e-37	8.93012947e-31	2.48425616e-25	1.92915851e-20	5.28773198e-16	6.93949769e-12	3.11472672e-08	3.54118256e-05	6.35930066e-03	9.93605256e-01	
7.7	4.05244796e-45	4.54072629e-38	8.42242307e-32	3.08886833e-26	3.16154999e-21	1.14853756e-16	1.99394297e-12	1.18356634e-08	1.77634045e-05	4.56949362e-03	9.95412731e-01	
7.8	2.69425292e-46	3.91669708e-39	8.38762966e-33	4.03978288e-27	5.42656796e-22	2.60056818e-17	5.95404884e-13	4.66642003e-09	9.25083955e-06	3.35472541e-03	9.96636019e-01	
7.9	2.48582627e-47	4.67976626e-40	8.76437904e-34	5.52526488e-28	9.70219936e-23	6.10775041e-18	1.83911829e-13	1.89943472e-09	4.97133175e-06	2.50620284e-03	9.97488824e-01	
8	3.18537996e-48	7.75435060e-41	9.55293460e-35	7.86042139e-29	1.79853404e-23	1.48178514e-18	5.85009834e-14	7.94504450e-10	2.74199781e-06	1.89852173e-03	9.98098735e-01	
