4	5.58512810e-02	9.44146242e-01	2.47698421e-06	2.57157918e-20	1.60723698e-38	4.17464152e-57	4.61286356e-76	2.63592203e-95	8.67079616e-115	9.73153329e-135	1.39040178e-155	9.26934520e-176	4.85306031e-196	2.11924031e-216	4.14681933e-238	2.78942792e-259	2.18365906e-280	1.00000000e-300	1.00000000e-300	1.00000000e-300	1.00000000e-300	1.00000000e-300	1.00000000e-300	1.00000000e-300	1.00000000e-300	1.00000000e-300	1.00000000e-300	1.00000000e-300	1.00000000e-300	
4.1	7.21306668e-03	9.92540060e-01	2.46873250e-04	1.49773121e-14	1.09980116e-32	3.39197732e-51	4.38535153e-70	2.94352479e-89	1.14497061e-108	1.53044134e-128	2.25368155e-149	1.81050591e-169	1.14726945e-189	6.06218994e-210	1.32693089e-231	8.54876589e-253	7.21439196e-274	2.00405343e-294	1.00000000e-300	1.00000000e-300	1.00000000e-300	1.00000000e-300	1.00000000e-300	1.00000000e-300	1.00000000e-300	1.00000000e-300	1.00000000e-300	1.00000000e-300	1.00000000e-300	
4.2	1.41716956e-03	9.89512781e-01	9.07004934e-03	5.71203798e-10	7.12028622e-24	2.60757126e-42	3.94445878e-61	3.10991350e-80	1.43045693e-99	2.27717760e-119	3.44193543e-140	3.33204460e-160	2.55550369e-180	1.63395377e-200	4.09279375e-222	2.61630703e-243	2.34263985e-264	6.29153332e-285	1.00000000e-300	1.00000000e-300	1.00000000e-300	1.00000000e-300	1.00000000e-300	1.00000000e-300	1.00000000e-300	1.00000000e-300	1.00000000e-300	1.00000000e-300	1.00000000e-300	
4.3	4.80293955e-04	8.64791692e-01	1.34725783e-01	2.23119598e-06	1.43375350e-16	1.34043208e-32	2.37244616e-51	2.19713663e-70	1.19504424e-89	2.26572294e-109	3.52420103e-130	4.11120746e-150	3.81624953e-170	2.95258801e-190	8.65765109e-212	5.72406683e-233	5.45211532e-254	1.43842761e-274	8.71658088e-295	1.00000000e-300	1.00000000e-300	1.00000000e-300	1.00000000e-300	1.00000000e-300	1.00000000e-300	1.00000000e-300	1.00000000e-300	1.00000000e-300	1.00000000e-300	
4.4	1.73975526e-04	4.13370574e-01	5.85599734e-01	8.55717244e-04	5.17185500e-11	5.79271394e-23	1.19959037e-41	1.30495363e-60	8.39306426e-80	1.89514876e-99	3.05623804e-120	4.29631291e-140	4.82683520e-160	4.51883163e-180	1.57612036e-201	1.11582952e-222	1.13853765e-243	3.03288959e-264	2.13152965e-284	1.00000000e-300	1.00000000e-300	1.00000000e-300	1.00000000e-300	1.00000000e-300	1.00000000e-300	1.00000000e-300	1.00000000e-300	1.00000000e-300	1.00000000e-300	
4.5	4.33906091e-05	1.07053221e-01	8.47684039e-01	4.52186851e-02	6.64902828e-07	1.37829038e-15	7.15440351e-30	1.28238486e-48	9.75316283e-68	2.62281915e-87	4.42583996e-108	7.49729380e-128	1.01946158e-147	1.15487534e-167	4.82494762e-189	3.72879404e-210	4.05686014e-231	1.11468738e-251	9.10446843e-272	4.41024634e-292	1.00000000e-300	1.00000000e-300	1.00000000e-300	1.00000000e-300	1.00000000e-300	1.00000000e-300	1.00000000e-300	1.00000000e-300	1.00000000e-300	
4.6	6.75348316e-06	1.73471698e-02	5.32713990e-01	4.49391133e-01	5.40953575e-04	4.70551436e-10	1.25138000e-20	7.02587545e-35	2.29932268e-53	7.36414806e-73	1.31356041e-93	2.68135936e-113	4.41283048e-133	6.04866875e-153	3.02893836e-174	2.56509266e-195	2.91865901e-216	8.30072383e-237	7.89545036e-257	4.28639310e-277	1.82812786e-297	1.00000000e-300	1.00000000e-300	1.00000000e-300	1.00000000e-300	1.00000000e-300	1.00000000e-300	1.00000000e-300	1.00000000e-300	
4.7	6.69522543e-07	1.89435157e-03	1.72487430e-01	7.96336624e-01	2.92777092e-02	3.21591554e-06	7.79081997e-14	1.71248383e-24	1.53660160e-38	7.01987041e-56	1.34043735e-76	3.29604935e-96	6.56271089e-116	1.08709048e-135	6.52382156e-157	6.03839499e-178	7.04190932e-199	2.04723925e-219	2.27243784e-239	1.38140438e-259	6.65307408e-280	1.16466007e-300	1.00000000e-300	1.00000000e-300	1.00000000e-300	1.00000000e-300	1.00000000e-300	1.00000000e-300	1.00000000e-300	
4.8	8.68005268e-08	2.86396436e-04	6.36951470e-02	6.82810361e-01	2.52061190e-01	1.14681273e-03	5.64471757e-09	9.01794900e-17	2.88608730e-27	1.61084619e-40	4.90626436e-58	1.44376629e-77	3.45506088e-97	6.81466197e-117	4.91685448e-138	4.98126220e-159	5.92517872e-180	1.73058047e-200	2.24634309e-220	1.53058181e-240	8.25463034e-261	1.63095664e-281	1.00000000e-300	1.00000000e-300	1.00000000e-300	1.00000000e-300	1.00000000e-300	1.00000000e-300	1.00000000e-300	
4.9	1.08998333e-08	4.39619222e-05	2.07937719e-02	3.82833283e-01	5.65211226e-01	3.11108109e-02	6.93556534e-06	1.79781605e-11	3.77707073e-19	3.90072780e-29	7.68310182e-43	5.76662683e-62	1.56989773e-81	3.36895154e-101	2.94046673e-122	3.28838069e-143	4.04353514e-164	1.16904709e-184	1.77817524e-204	1.36500261e-224	8.15818241e-245	1.82864357e-265	3.14884881e-286	1.00000000e-300	1.00000000e-300	1.00000000e-300	1.00000000e-300	1.00000000e-300	1.00000000e-300	
5	1.22187826e-09	6.24835101e-06	5.70489079e-03	1.67351942e-01	6.52226590e-01	1.74192429e-01	5.17846472e-04	5.26024835e-08	1.54899984e-13	6.54937783e-21	1.40313693e-31	1.61136085e-46	3.81029987e-63	6.45666265e-82	6.83925755e-103	8.52084664e-124	1.10725343e-144	3.13519429e-165	5.59961115e-185	4.89121630e-205	3.22545983e-225	8.26269796e-246	1.64073288e-266	4.09938281e-287	1.00000000e-300	1.00000000e-300	1.00000000e-300	1.00000000e-300	1.00000000e-300	
5.1	1.15088168e-10	7.66774086e-07	1.25835643e-03	5.75939818e-02	5.00935430e-01	4.31515290e-01	8.68391114e-03	1.22618750e-05	1.25620064e-09	6.21550061e-15	3.46670358e-23	5.74247053e-35	4.35433326e-48	5.04431019e-63	5.75077512e-81	1.94311739e-100	2.91160684e-121	8.04938332e-142	1.69157998e-161	1.70410687e-181	1.24660341e-201	3.68683412e-222	8.57010654e-243	2.39443295e-263	5.58893282e-284	1.00000000e-300	1.00000000e-300	1.00000000e-300	1.00000000e-300	
5.2	8.96228436e-12	7.93149047e-08	2.23215786e-04	1.58375538e-02	2.80859301e-01	6.42583241e-01	5.98516575e-02	6.44071929e-04	8.79616186e-07	1.64370914e-10	7.56109592e-17	3.22838098e-26	1.18289422e-36	1.33148271e-48	7.03952516e-63	1.96092832e-78	4.54383603e-95	4.20573870e-114	1.04207018e-133	1.22810181e-153	1.00932962e-173	3.48121523e-194	9.59464439e-215	2.96132828e-235	7.79206691e-256	2.46707750e-276	2.26121636e-296	1.00000000e-300	1.00000000e-300	
5.3	5.79129905e-13	6.89874660e-09	3.22727550e-05	3.54412262e-03	1.20503991e-01	6.47479860e-01	2.16165633e-01	1.21492428e-02	1.24549307e-04	3.21312543e-07	4.84141954e-12	1.65728556e-19	7.88848311e-28	2.11613055e-37	9.47972851e-49	3.55129772e-61	1.83034910e-74	1.03989697e-89	3.18207949e-105	4.43602359e-125	4.14965584e-145	1.67827638e-165	5.53125364e-186	1.87633693e-206	5.61103863e-227	2.03550727e-247	2.17939764e-267	1.90157721e-287	1.00000000e-300	
5.4	2.89574763e-14	4.68317747e-10	3.55050026e-06	6.03569717e-04	3.75535642e-02	4.32430631e-01	4.28392284e-01	9.58770209e-02	5.05276122e-03	8.65966721e-05	2.04816582e-08	2.40732025e-14	5.70241340e-21	1.26551392e-28	1.24849513e-37	1.50010878e-47	3.69416847e-58	2.27194971e-70	1.31098116e-82	2.16833746e-102	2.32156542e-122	1.09955404e-142	4.34312794e-163	1.63005853e-183	5.56946038e-204	2.32073420e-224	2.90756517e-244	2.94984530e-264	2.53051385e-284	
5.5	9.70053922e-16	2.14020119e-11	2.58431706e-07	6.80081671e-05	7.45978135e-03	1.71287798e-01	4.35844551e-01	3.15744813e-01	6.49079461e-02	4.67706190e-03	9.78169619e-06	2.05972120e-10	1.16457502e-15	9.39902097e-22	7.07654039e-29	8.83777321e-37	3.08681587e-45	5.23438348e-55	1.27978436e-64	2.49070569e-84	3.03619815e-104	1.67505139e-124	7.90409392e-145	3.33111118e-165	1.30395055e-185	6.27980151e-206	9.22213193e-226	1.08905024e-245	1.08134029e-265	
5.6	1.90004383e-17	5.73106275e-13	1.08793941e-08	4.43066110e-06	8.31551936e-04	3.59296777e-02	2.09987285e-01	4.18794556e-01	2.72080880e-01	6.16344065e-02	7.37034090e-04	1.66881058e-07	1.26742112e-11	1.94479040e-16	4.86709847e-22	2.60879835e-28	4.96625586e-35	7.88623288e-43	2.49640442e-50	8.07682663e-70	1.10805088e-89	7.09524921e-110	3.98177774e-130	1.91440826e-150	8.60891854e-171	4.83804753e-191	8.34230988e-211	1.14791477e-230	1.32024655e-250	
5.7	2.24260925e-19	9.25095298e-15	2.72248573e-10	1.71452202e-07	5.37136412e-05	4.16528549e-03	5.12430050e-02	2.47619088e-01	4.31892324e-01	2.52527011e-01	1.24791081e-02	2.02796687e-05	1.31416847e-08	2.28898797e-12	9.90889638e-17	1.13631196e-21	5.55415167e-27	3.51841478e-33	5.64652542e-39	2.40289725e-54	3.78086436e-71	2.09980714e-89	2.99753123e-109	1.66340993e-129	8.64472807e-150	5.73969582e-170	1.16411572e-189	1.86851657e-209	2.49127238e-229	
5.8	2.00346762e-21	1.12918739e-16	5.10020627e-12	4.95625878e-09	2.53786624e-06	3.39701339e-04	8.20978685e-03	8.68843794e-02	3.58302062e-01	4.70104897e-01	7.55157857e-02	6.38378805e-04	2.46294149e-06	3.22457876e-09	1.44315329e-12	2.04420095e-16	1.41979963e-20	1.83576771e-25	7.18985360e-30	5.93778539e-42	2.98577602e-55	9.31514651e-70	1.47118491e-85	1.61800409e-102	1.14781656e-120	3.04589273e-140	7.27930162e-160	1.36442988e-179	2.11068294e-199	
5.9	1.62860207e-23	1.25143145e-18	8.62734478e-14	1.28737001e-10	1.05885426e-07	2.36838783e-05	1.06346622e-03	2.27420979e-02	2.00815348e-01	5.33955876e-01	2.33318792e-01	7.94256435e-03	1.37093502e-04	9.69463092e-07	2.98924080e-09	3.39157631e-12	2.10771005e-15	3.32351698e-19	1.81155306e-22	6.32905692e-32	2.03118546e-42	6.41885764e-54	1.76130312e-66	5.09911909e-80	1.52429458e-94	3.24353917e-110	2.03524302e-126	4.46004414e-146	8.01218008e-166	
6	1.27753945e-25	1.33457706e-20	1.38582318e-15	3.15342306e-12	4.10278957e-09	1.49175492e-06	1.18893817e-04	4.81599093e-03	8.42366229e-02	4.20977625e-01	4.37802255e-01	4.89440481e-02	3.01332410e-03	8.83687277e-05	1.36613973e-06	8.84891917e-09	3.44226842e-11	4.49460329e-14	2.16437084e-16	9.40574764e-24	5.32881805e-32	4.34832740e-41	4.74912953e-51	7.61456983e-62	1.85560150e-73	5.37581161e-86	6.03111665e-99	1.54705105e-118	3.23056775e-138	
6.1	9.45793376e-28	1.33912374e-22	2.06846541e-17	7.11851815e-14	1.44287767e-10	8.32540872e-08	1.13350450e-05	8.25322617e-04	2.68827591e-02	2.38610332e-01	5.33485259e-01	1.66455160e-01	3.05352131e-02	3.00701235e-03	1.82235514e-04	5.19129265e-06	9.62842875e-08	7.72184670e-10	2.14574470e-11	4.29024839e-17	1.52101720e-23	1.06980687e-30	1.43129273e-38	3.69541626e-47	1.99219566e-56	1.91894592e-66	8.74304073e-77	2.62847407e-96	6.38698454e-116	
6.2	5.91789047e-30	1.13201687e-24	2.55948371e-19	1.31815429e-15	4.10193684e-12	3.67697927e-09	8.27522247e-07	1.03737807e-04	5.98779680e-03	9.03809303e-02	4.01440208e-01	3.07043994e-01	1.45501782e-01	4.06722156e-02	7.98915533e-03	8.18304311e-04	5.85711848e-05	2.23685510e-06	2.37071424e-07	9.68886342e-12	9.23556301e-17	2.30929939e-22	1.46915859e-28	2.28714506e-35	9.64352982e-43	1.00320912e-50	5.71690662e-59	2.01705070e-78	5.70980294e-98	
6.3	2.23315349e-32	5.75189827e-27	1.93609408e-21	1.47537187e-17	6.95562107e-14	9.50262178e-11	3.43509843e-08	7.15010394e-06	7.02188880e-04	1.74210360e-02	1.44367330e-01	2.43873444e-01	2.66475555e-01	1.85033508e-01	1.01503789e-01	3.18626238e-02	7.39086326e-03	1.05893454e-03	3.03410750e-04	1.31712835e-07	1.69695268e-11	7.35023740e-16	1.03684135e-20	4.41940308e-26	6.33512519e-32	2.89033214e-38	8.08006383e-45	3.35047140e-64	1.10626998e-83	
6.4	2.95858149e-35	1.02275923e-29	4.94215391e-24	5.51164876e-20	3.88442899e-16	7.94894131e-13	4.49975909e-10	1.50751016e-07	2.43411228e-05	9.65530905e-04	1.41887863e-02	4.86643591e-02	1.11921558e-01	1.73538817e-01	2.35631247e-01	1.98576729e-01	1.27983024e-01	5.48783840e-02	3.35342039e-02	9.27750116e-05	9.32077730e-08	3.90066037e-11	6.58144963e-15	4.03871373e-19	1.00676410e-23	9.75302027e-29	6.35538877e-34	3.10189947e-53	1.19623589e-72	
6.5	8.86143476e-39	4.09898753e-33	2.81817957e-27	4.54969150e-23	4.73246892e-19	1.42803673e-15	1.23745156e-12	6.49272285e-10	1.67333857e-07	1.03659941e-05	2.59021019e-04	1.68535565e-03	7.57978945e-03	2.40877529e-02	7.31498018e-02	1.47714242e-01	2.30137468e-01	2.41146197e-01	2.70947876e-01	3.26518617e-03	1.67344850e-05	4.24856342e-08	5.21969087e-11	2.73074735e-14	6.89832394e-18	7.91331378e-22	6.65271196e-26	1.13730868e-43	1.18091657e-62	
6.6	1.60530594e-42	9.90523469e-37	9.61607549e-31	2.22115263e-26	3.36972353e-22	1.47821659e-18	1.92103817e-15	1.54053566e-12	6.17385314e-10	5.84966920e-08	2.39820702e-06	2.80053201e-05	2.31966489e-04	1.40935542e-03	8.78058166e-03	3.85052596e-02	1.28213648e-01	2.77832476e-01	5.23693226e-01	2.09000886e-02	3.98615820e-04	4.29407154e-06	2.60017328e-08	7.62917806e-11	1.26633064e-13	1.07701517e-16	7.29763277e-20	3.88983814e-34	1.80382229e-49	
6.7	3.98498730e-46	3.26913180e-40	4.42831303e-34	1.44697037e-29	3.16470278e-25	1.99223156e-21	3.81196180e-18	4.57086514e-15	2.78239332e-12	3.95617131e-10	2.57977435e-08	5.16007708e-07	7.48656659e-06	8.21040613e-05	9.75040169e-04	8.53472503e-03	5.47317996e-02	2.16205951e-01	6.45272330e-01	7.00934680e-02	3.95478002e-03	1.38664133e-04	3.07300643e-06	3.65651624e-08	2.82662898e-10	1.22880060e-12	4.61484589e-15	1.55436924e-26	6.04856552e-39	
6.8	1.49740116e-49	1.62749108e-43	3.05042290e-37	1.39581547e-32	4.34720741e-28	3.88130488e-24	1.07555598e-20	1.89096416e-17	1.71168746e-14	3.58819401e-12	3.62103483e-10	1.19208115e-08	2.90228259e-07	5.47200052e-06	1.16353760e-04	1.89239970e-03	2.14844145e-02	1.41477518e-01	6.44196571e-01	1.65161475e-01	2.33241798e-02	2.19328238e-03	1.42497295e-04	5.38316556e-06	1.48014954e-07	2.45725481e-09	3.79764905e-11	2.27464057e-20	1.96831728e-30	
6.9	7.60027375e-53	1.09037814e-46	2.81127832e-40	1.78580287e-35	7.82562645e-31	9.80468189e-27	3.87749988e-23	9.82247260e-20	1.29711896e-16	3.94385505e-14	6.01068651e-12	3.14581136e-10	1.23825073e-08	3.84936418e-07	1.38991100e-05	3.95381180e-04	7.43965085e-03	7.67993035e-02	5.20767847e-01	2.83293868e-01	8.84730944e-02	1.93518474e-02	3.12642016e-03	3.12187993e-04	2.47862490e-05	1.25338320e-06	6.28475907e-08	2.44465044e-15	1.63812903e-23	
7	4.26401037e-56	8.04349666e-50	2.83146506e-43	2.47829366e-38	1.51177992e-33	2.63269843e-29	1.46644473e-25	5.26993579e-22	9.98051274e-19	4.33626191e-16	9.76717427e-14	7.88440659e-12	4.85652100e-10	2.40072534e-08	1.40771801e-06	6.65797640e-05	1.97439508e-03	3.06366502e-02	3.04436906e-01	3.23804053e-01	2.03598203e-01	9.31110888e-02	3.30653082e-02	7.60263699e-03	1.48482966e-03	1.92113489e-04	2.58035020e-05	2.92659653e-11	6.57026557e-18	
7.1	1.92984574e-59	4.76746412e-53	2.28729411e-46	2.74074314e-41	2.30589963e-36	5.53358007e-32	4.29049539e-28	2.15717053e-24	5.76989406e-21	3.53423608e-18	1.15444421e-15	1.40023660e-13	1.31184593e-11	9.99187966e-10	9.16427056e-08	6.90819449e-06	3.10779256e-04	7.04193819e-03	1.01408450e-01	1.97745653e-01	2.32735093e-01	2.05052947e-01	1.45680585e-01	6.94119083e-02	2.94654263e-02	8.52177337e-03	2.61840140e-03	4.57782521e-08	1.77060065e-13	
7.2	4.74179407e-63	1.52788645e-56	9.96683804e-50	1.62540078e-44	1.87112906e-39	6.13959720e-35	6.55660575e-31	4.55512568e-27	1.69726956e-23	1.44782345e-20	6.74579655e-18	1.20213879e-15	1.67163460e-13	1.90907572e-11	2.65430038e-09	3.07940687e-07	2.04205190e-05	6.62241874e-04	1.37050124e-02	4.65085933e-02	9.66956134e-02	1.53920599e-01	2.03316628e-01	1.84958791e-01	1.54880477e-01	8.99905854e-02	5.53317573e-02	8.96968901e-06	3.52736003e-10	
7.3	5.67079763e-67	2.37337194e-60	2.09683104e-53	4.62614465e-48	7.23614568e-43	3.22356943e-38	4.69618971e-34	4.45803739e-30	2.28557360e-26	2.68502316e-23	1.75895419e-20	4.51706393e-18	9.12916840e-16	1.52705819e-13	3.13611929e-11	5.44100496e-09	5.20480544e-07	2.38189314e-05	7.03429200e-04	3.97685698e-03	1.39259268e-02	3.80178174e-02	8.80674256e-02	1.43386387e-01	2.19197940e-01	2.34757983e-01	2.57683788e-01	2.58033530e-04	6.79137926e-08	
7.4	5.36386808e-71	2.90298430e-64	3.45803218e-57	1.02586088e-51	2.16636193e-46	1.30160528e-41	2.56394975e-37	3.29170865e-33	2.29620436e-29	3.67741954e-26	3.34519159e-23	1.21735114e-20	3.51188924e-18	8.43279430e-16	2.50368380e-13	6.34427007e-11	8.61211042e-09	5.50477668e-07	2.30525674e-05	2.09289419e-04	1.18645825e-03	5.32105380e-03	2.06037427e-02	5.69740156e-02	1.49238241e-01	2.74515254e-01	4.89732288e-01	2.19326885e-03	2.77524843e-06	
7.5	6.12049640e-75	4.26312518e-68	6.81633452e-61	2.70292226e-55	7.65516199e-50	6.16466232e-45	1.62827810e-40	2.79997059e-36	2.63019744e-32	5.68936539e-29	7.11017071e-26	3.61361786e-23	1.46495256e-20	4.96262313e-18	2.09276949e-15	7.59590559e-13	1.44472362e-10	1.27977997e-08	7.55310941e-07	1.06666486e-05	9.47429627e-05	6.73690992e-04	4.19190512e-03	1.88611844e-02	8.03443641e-02	2.39487237e-01	6.46257015e-01	1.00314435e-02	4.69821199e-05	
7.6	9.48093239e-79	8.45496652e-72	1.80688168e-64	9.52252669e-59	3.59255057e-53	3.85461653e-48	1.35423542e-43	3.09020044e-39	3.87113365e-35	1.12115225e-31	1.90740339e-28	1.33696649e-25	7.51408230e-23	3.53717786e-20	2.08834986e-17	1.06829447e-14	2.81806282e-12	3.43781661e-10	2.84171680e-08	6.06768425e-07	8.21820152e-06	8.99699782e-05	8.70885540e-04	6.15554410e-03	4.08671680e-02	1.88330954e-01	7.31014547e-01	3.22083460e-02	4.53731714e-04	
7.7	1.96800713e-82	2.23430142e-75	6.35709714e-68	4.42820266e-62	2.21040788e-56	3.14200171e-51	1.45672627e-46	4.37071271e-42	7.23352270e-38	2.78164903e-34	6.39115714e-31	6.11058579e-28	4.70517426e-25	3.03755481e-22	2.48143762e-19	1.76509477e-16	6.40374739e-14	1.07000800e-11	1.23074972e-09	3.87574987e-08	7.82043456e-07	1.28565734e-05	1.88414718e-04	2.03185789e-03	2.03190877e-02	1.39522704e-01	7.54256047e-01	8.07656031e-02	2.90260702e-03	
7.8	5.20360294e-86	7.47445731e-79	2.82137935e-71	2.58380365e-65	1.69507624e-59	3.17470603e-54	1.92717641e-49	7.53323847e-45	1.63199347e-40	8.26520488e-37	2.54677584e-33	3.28857174e-30	3.43253418e-27	3.00338068e-24	3.36210485e-21	3.28826454e-18	1.62917157e-15	3.71043704e-13	5.89942755e-11	2.68278768e-09	7.90251990e-08	1.90918179e-06	4.13834974e-05	6.64189854e-04	9.73405021e-03	9.68029493e-02	7.14804196e-01	1.64717456e-01	1.32337842e-02	
7.9	1.65507531e-89	2.98757969e-82	1.49134405e-74	1.78621871e-68	1.52985522e-62	3.75534484e-57	2.96146097e-52	1.49425284e-47	4.19846646e-43	2.77755155e-39	1.14061448e-35	1.97113787e-32	2.76190372e-29	3.24010060e-26	4.92949660e-23	6.56601711e-20	4.41500992e-17	1.36435413e-14	2.97878567e-12	1.91968515e-10	8.11096070e-09	2.82634714e-07	8.88098293e-06	2.07668787e-04	4.36301127e-03	6.14916077e-02	6.13128120e-01	2.76213965e-01	4.45864550e-02	
8	6.02618956e-93	1.35705021e-85	8.93274001e-78	1.39200950e-71	1.54608062e-65	4.94870886e-60	5.02997805e-55	3.24548380e-50	1.17178806e-45	1.00434641e-41	5.46538881e-38	1.25312899e-34	2.33564846e-31	3.63685867e-28	7.46668924e-25	1.34346274e-21	1.21910387e-18	5.08967904e-16	1.51606619e-13	1.36073751e-11	8.12250321e-10	4.01683043e-08	1.79826501e-06	6.01620016e-05	1.78031005e-03	3.49797760e-02	4.67754501e-01	3.81804066e-01	1.13619346e-01	
