4	9.98169134e-01	1.83086555e-03	4.17306646e-18	3.06793494e-37	5.76915905e-57	2.43866891e-76	1.07447389e-95	2.94574943e-115	5.61809965e-135	
4.1	9.41193789e-01	5.88062114e-02	7.63501970e-13	6.13126552e-32	1.28338961e-51	5.38167519e-71	2.77380201e-90	8.82631542e-110	1.94406239e-129	
4.2	4.81783137e-01	5.18216856e-01	6.82602251e-09	6.90923905e-24	1.61402913e-43	6.70899183e-63	4.05235134e-82	1.49811877e-101	3.81346256e-121	
4.3	9.54038648e-02	9.04593104e-01	3.03100212e-06	1.55102276e-17	2.11749567e-35	8.45939154e-55	5.99863251e-74	2.57902538e-93	7.59253702e-113	
4.4	2.50021310e-02	9.74741204e-01	2.56665306e-04	1.17524073e-12	2.06247095e-26	7.32416761e-46	6.10800311e-65	3.05701271e-84	1.04161776e-103	
4.5	1.09984253e-02	9.82126297e-01	6.87527095e-03	6.38123602e-09	2.07354353e-19	2.46295527e-36	2.41983383e-55	1.41127807e-74	5.56978649e-94	
4.6	5.78034236e-03	9.24622461e-01	6.95935196e-02	3.67738356e-06	4.59138453e-14	2.66299074e-27	2.51616400e-43	1.71172277e-62	7.83117591e-82	
4.7	2.58736409e-03	6.89062434e-01	3.07995783e-01	3.54418168e-04	4.73395322e-10	2.37895205e-20	1.17354216e-32	9.32211301e-52	4.94820058e-71	
4.8	7.97152228e-04	3.47064160e-01	6.43813383e-01	8.32487171e-03	4.33269834e-07	4.95755025e-15	2.32649146e-24	2.16023944e-43	1.33159060e-62	
4.9	1.84373392e-04	1.30840913e-01	7.96278083e-01	7.26281385e-02	6.84925750e-05	6.28967404e-11	7.25834753e-18	7.88696206e-37	5.65114361e-56	
5	3.37479261e-05	3.90512533e-02	6.58666133e-01	2.99356411e-01	2.89236127e-03	9.38631376e-08	9.08951941e-13	1.15715468e-31	9.64794040e-51	
5.1	4.49719099e-06	8.48284150e-03	3.48969063e-01	6.03582433e-01	3.89378260e-02	2.33308020e-05	8.06482760e-09	1.20437251e-27	1.16979342e-46	
5.2	4.48393016e-07	1.37490366e-03	1.24916796e-01	6.65549657e-01	2.06784663e-01	1.36499664e-03	8.53511953e-06	1.49713462e-24	1.69610081e-43	
5.3	3.40949124e-08	1.68972829e-04	3.13539804e-02	4.36094979e-01	5.06392156e-01	2.43835785e-02	1.60629978e-03	2.42882294e-21	3.21372773e-40	
5.4	1.88077263e-09	1.49446686e-05	5.31609833e-03	1.69658248e-01	6.03721606e-01	1.52472386e-01	6.88167151e-02	9.52053266e-16	7.12666935e-33	
5.5	4.54103330e-11	5.72578222e-07	3.70634913e-04	2.45672703e-02	2.29360981e-01	2.33356864e-01	5.12343677e-01	1.05285467e-11	4.07758951e-25	
5.6	5.17394581e-13	1.02260832e-08	1.15458268e-05	1.47193711e-03	3.18960507e-02	1.05850290e-01	8.60770160e-01	6.19980368e-09	2.26449436e-19	
5.7	7.05040144e-15	2.15559489e-10	4.09987376e-07	9.46501097e-05	4.31879942e-03	3.94801561e-02	9.56105218e-01	7.66408652e-07	6.82937485e-15	
5.8	1.44330386e-16	6.73128366e-12	2.09304498e-08	8.33992661e-06	7.41833004e-04	1.63110683e-02	9.82903522e-01	3.52158898e-05	2.61525724e-11	
5.9	4.40849146e-18	3.09115351e-13	1.53279118e-09	1.01459847e-06	1.65450603e-04	7.84087646e-03	9.91228078e-01	7.64558906e-04	2.01595341e-08	
6	2.01034028e-19	2.08807852e-14	1.61641807e-10	1.72221691e-07	4.89844754e-05	4.57203460e-03	9.86385420e-01	8.98911483e-03	4.27371840e-06	
6.1	1.33331545e-20	2.02077907e-15	2.39492842e-11	4.00031432e-08	1.90589383e-05	3.24368999e-03	9.36328453e-01	6.01077667e-02	3.00990863e-04	
6.2	1.08338792e-21	2.36204349e-16	4.20805879e-12	1.07768092e-08	8.31072380e-06	2.40682507e-03	7.68701299e-01	2.21266318e-01	7.61723654e-03	
6.3	8.44864092e-23	2.61577786e-17	6.89941583e-13	2.65785783e-09	3.21405906e-06	1.48709803e-03	4.86721055e-01	4.37879129e-01	7.39095015e-02	
6.4	5.28000844e-24	2.29423815e-18	8.83919662e-14	5.03401093e-10	9.27311367e-07	6.48419244e-04	2.18460630e-01	4.78096225e-01	3.02793798e-01	
6.5	2.53552404e-25	1.52905454e-19	8.49680634e-15	7.03724945e-11	1.92488643e-07	1.94378855e-04	6.99962340e-02	3.18237815e-01	6.11571380e-01	
6.6	1.10154727e-26	9.12612140e-21	7.23007257e-16	8.57730900e-12	3.40648721e-08	4.80294680e-05	1.93248431e-02	1.65476350e-01	8.15150743e-01	
6.7	5.07898915e-28	5.72812585e-22	6.40137289e-17	1.07326146e-12	6.06560262e-09	1.16731354e-05	5.46690338e-03	8.26480380e-02	9.11873379e-01	
6.8	2.63023841e-29	4.00554336e-23	6.24542391e-18	1.46262086e-13	1.15630960e-09	2.99538523e-06	1.69003039e-03	4.30976503e-02	9.55209323e-01	
6.9	1.53546870e-30	3.13507043e-24	6.74345252e-19	2.18268139e-14	2.38075361e-10	8.23600544e-07	5.75396549e-04	2.39139273e-02	9.75509852e-01	
7	9.98799600e-32	2.71723410e-25	7.98037012e-20	3.53654542e-15	5.26460936e-11	2.42186669e-07	2.13967492e-04	1.40901126e-02	9.85695678e-01	
7.1	7.14672726e-33	2.57647487e-26	1.02414410e-20	6.16217549e-16	1.24133579e-11	7.57732902e-08	8.59836277e-05	8.75464888e-03	9.91159292e-01	
7.2	5.55953178e-34	2.64271355e-27	1.41139934e-21	1.14452966e-16	3.09936923e-12	2.50743614e-08	3.69547159e-05	5.69227773e-03	9.94270742e-01	
7.3	4.65706708e-35	2.90568417e-28	2.07251670e-22	2.25038052e-17	8.14841004e-13	8.72816550e-09	1.68350990e-05	3.84569025e-03	9.96137466e-01	
7.4	4.16969511e-36	3.40117217e-29	3.22380793e-23	4.66067729e-18	2.24530300e-13	3.18062614e-09	8.06772961e-06	2.68347812e-03	9.97308451e-01	
7.5	3.96307698e-37	4.21173606e-30	5.28140864e-24	1.01162325e-18	6.45361229e-14	1.20726235e-09	4.03800356e-06	1.92373624e-03	9.98072225e-01	
7.6	3.97373209e-38	5.48644983e-31	9.06178447e-25	2.28941084e-19	1.92553747e-14	4.74841041e-10	2.09667669e-06	1.40986343e-03	9.98588039e-01	
7.7	4.17860128e-39	7.47772059e-32	1.61998110e-25	5.37573706e-20	5.93693555e-15	1.92613194e-10	1.12270553e-06	1.05187231e-03	9.98947005e-01	
7.8	4.58092709e-40	1.06049113e-32	3.00198780e-26	1.30346722e-20	1.88341113e-15	8.02217863e-11	6.16730392e-07	7.96024950e-04	9.99203358e-01	
7.9	5.20446434e-41	1.55622178e-33	5.73705866e-27	3.24859930e-21	6.12131244e-16	3.41615697e-11	3.45941945e-07	6.09179687e-04	9.99390474e-01	
8	6.09290335e-42	2.35028859e-34	1.12516361e-27	8.28503447e-22	2.02998296e-16	1.48151574e-11	1.97325039e-07	4.70155419e-04	9.99529647e-01	
