4	7.64200176e-01	2.35799734e-01	9.06139299e-08	1.59727778e-20	1.06885650e-39	9.03307359e-59	2.40342314e-78	3.74819780e-98	2.92013509e-118	1.59524023e-138	2.12629805e-159	3.43955982e-180	1.52745771e-200	1.14193054e-220	6.60064011e-241	3.09642075e-261	
4.1	1.66287155e-01	8.33668698e-01	4.41468391e-05	1.45328740e-14	3.61233838e-33	3.60728818e-52	1.19698709e-71	2.12737571e-91	1.84767472e-111	1.14742450e-131	1.72338231e-152	3.09926844e-173	1.38682139e-193	1.19884283e-213	7.99543043e-234	4.31553261e-254	
4.2	2.23400029e-02	9.75256105e-01	2.40389216e-03	3.15606780e-10	1.29376634e-24	1.81863968e-43	7.50740851e-63	1.53510668e-82	1.46714837e-102	1.03530284e-122	1.80840504e-143	3.71828964e-164	1.70668651e-184	1.70888585e-204	1.31644148e-224	8.18122852e-245	
4.3	5.13430902e-03	9.53082642e-01	4.17824425e-02	6.06790591e-07	4.71329172e-18	1.57296435e-32	8.05285595e-52	1.91608295e-71	2.00307238e-91	1.61298749e-111	3.35805395e-132	8.02268187e-153	3.86849670e-173	4.49434816e-193	4.00348132e-213	2.86671439e-233	
4.4	1.79485379e-03	7.42390570e-01	2.55678731e-01	1.35845362e-04	3.55831712e-13	3.76307470e-24	2.38069838e-43	6.65040416e-63	7.63714638e-83	7.08849674e-103	1.79358896e-123	5.00481052e-144	2.60473216e-164	3.51724188e-184	3.62673295e-204	2.99425621e-224	
4.5	5.91768216e-04	3.97454169e-01	5.97288739e-01	4.66532181e-03	1.15548637e-09	7.81673489e-18	6.08576169e-37	1.99692269e-56	2.54133189e-76	2.75301389e-96	8.60201250e-117	2.80265228e-137	1.61174789e-157	2.53396769e-177	3.02769370e-197	2.88409463e-217	
4.6	1.72904789e-04	1.71012793e-01	7.82234622e-01	4.65792465e-02	4.33799082e-07	5.26186378e-13	5.01335192e-32	1.91051066e-51	2.70827698e-71	3.44989813e-91	1.34653292e-111	5.12478799e-132	3.29231717e-152	6.03697229e-172	8.36712440e-192	9.20234790e-212	
4.7	4.51926732e-05	6.43838457e-02	7.23603585e-01	2.11930147e-01	3.72274895e-05	2.94516269e-09	3.40332905e-28	1.47702395e-47	2.32745877e-67	3.46130154e-87	1.69313099e-107	7.54790515e-128	5.37895082e-148	1.15233271e-167	1.85449732e-187	2.35653015e-207	
4.8	9.59653604e-06	1.96595509e-02	4.73521794e-01	5.05821511e-01	9.85274100e-04	2.27404916e-06	5.11320761e-22	2.47730526e-41	4.30594565e-61	7.28624624e-81	4.42247351e-101	2.30793942e-121	1.78824086e-141	4.48350343e-161	8.38685458e-181	1.23218677e-200	
4.9	1.70961493e-06	5.05996519e-03	2.37465877e-01	7.46454928e-01	1.06398449e-02	3.77675815e-04	4.63023016e-16	2.44252495e-31	3.02321272e-50	5.61745416e-70	4.12944864e-90	2.49104109e-110	2.05741938e-130	6.04746271e-150	1.31622525e-169	2.23745091e-189	
5	2.81993703e-07	1.21276110e-03	1.03329137e-01	8.14255606e-01	6.11524711e-02	2.00497426e-02	2.27313356e-11	3.93120904e-23	6.37917522e-38	5.51102469e-56	4.74801817e-76	3.22428539e-96	2.81582222e-116	9.72002159e-136	2.46402746e-155	4.84999903e-175	
5.1	3.15138158e-08	1.97648289e-04	2.89431248e-02	5.05763705e-01	1.54328723e-01	3.10766692e-01	7.57831270e-08	7.99434716e-17	2.43041404e-28	1.76621738e-42	2.95035645e-59	1.28587921e-78	1.19536609e-98	4.85433766e-118	1.43477254e-137	3.27259828e-157	
5.2	1.17328379e-09	1.07345655e-05	2.58693810e-03	9.11339164e-02	9.19923765e-02	8.14262897e-01	1.31358618e-05	2.19294892e-12	2.66245780e-21	2.58047697e-32	1.66776110e-45	7.77886935e-61	6.82919120e-79	3.26838442e-98	1.12751511e-117	2.98267061e-137	
5.3	3.48931173e-11	4.65562844e-07	1.78249504e-04	1.17463610e-02	3.33669600e-02	9.54297553e-01	4.10407243e-04	3.77790761e-09	5.45828527e-16	1.64027447e-24	7.71205128e-35	5.94746067e-47	3.02456847e-61	1.71899085e-76	6.92912365e-96	2.12773674e-115	
5.4	1.57532143e-12	3.06318556e-08	1.81179458e-05	2.10493004e-03	1.48374849e-02	9.77382949e-01	5.65520705e-03	1.28015357e-06	8.61043669e-12	2.54168608e-18	2.32879776e-26	6.83449707e-36	3.64178383e-47	4.12625805e-59	1.94567816e-78	6.94183437e-98	
5.5	1.10827782e-13	3.13656736e-09	2.80441100e-06	5.48004551e-04	8.68794346e-03	9.47039170e-01	4.35919009e-02	1.30153416e-04	1.96671664e-08	2.31540498e-13	1.47004081e-19	5.16406785e-27	7.44863844e-36	3.73707528e-45	2.06383869e-64	8.56407246e-84	
5.6	9.47464693e-15	3.89477859e-10	5.17182576e-07	1.63652923e-04	5.39163344e-03	7.97081383e-01	1.92721909e-01	4.63206425e-03	8.83761881e-06	2.03891550e-09	3.98075450e-14	6.71911634e-20	8.97018137e-27	6.02946476e-34	3.90481556e-53	1.88659395e-72	
5.7	7.05191564e-16	4.19574502e-11	8.14827676e-08	4.04757211e-05	2.59269201e-03	4.89523826e-01	4.48709755e-01	5.82529733e-02	8.77954387e-04	2.24153658e-06	7.06097594e-10	2.78111418e-14	1.46226642e-19	5.09221123e-25	3.87243343e-44	2.18096456e-63	
5.8	3.68634402e-17	3.15801957e-12	8.85929534e-09	6.73119395e-06	7.90626690e-04	1.91792714e-01	5.20679263e-01	2.64971603e-01	2.13797896e-02	3.78121804e-04	1.14054837e-06	5.90088099e-10	6.15271841e-14	5.21569152e-18	4.66407175e-37	3.06600738e-56	
5.9	1.26515316e-18	1.54897855e-13	6.21204792e-10	7.05947305e-07	1.44228198e-04	4.60439944e-02	3.09242842e-01	4.80851983e-01	1.50857544e-01	1.26199358e-02	2.37744744e-04	1.01929675e-06	1.20745567e-09	1.36662206e-12	9.44629409e-31	7.25806121e-50	
6	2.87561637e-20	4.98466712e-15	2.83056105e-11	4.71776531e-08	1.59956953e-05	6.88229300e-03	1.00530617e-01	3.96432845e-01	3.76332798e-01	1.10398281e-01	9.18025976e-03	2.24924975e-04	1.92099111e-06	1.80037097e-08	7.79582102e-23	5.60880452e-39	
6.1	4.39552413e-22	1.06815135e-16	8.51601212e-13	2.04618324e-09	1.10502967e-06	6.52868335e-04	1.89023221e-02	1.64874094e-01	3.92660573e-01	3.22926041e-01	9.02091053e-02	9.35393768e-03	3.98794862e-04	2.11578278e-05	1.00747083e-16	1.44657675e-29	
6.2	4.46128237e-24	1.50529310e-18	1.67208369e-14	5.70402404e-11	4.73716835e-08	3.89312138e-05	2.08495957e-03	3.63884723e-02	1.89674704e-01	3.71524360e-01	2.83422086e-01	9.78342900e-02	1.55759286e-02	3.45622113e-03	4.54359175e-12	2.88697931e-22	
6.3	2.57140160e-26	1.19309931e-20	1.83057719e-16	8.74577037e-13	1.08458447e-09	1.24958553e-06	1.17357526e-04	3.80275286e-03	3.92852173e-02	1.62773060e-01	2.90652546e-01	2.76398424e-01	1.31313090e-01	9.56562897e-02	1.15787714e-08	9.84000579e-17	
6.4	6.60654062e-29	4.17365239e-23	8.75864969e-19	5.78981918e-15	1.04642406e-11	1.69627686e-08	2.67743503e-06	1.52046909e-04	2.89138807e-03	2.32099707e-02	8.65184387e-02	1.95563496e-01	2.33516980e-01	4.58142853e-01	2.13153351e-06	9.36544041e-13	
6.5	1.24405099e-31	1.06007263e-25	3.01366912e-21	2.72746777e-17	7.04415303e-14	1.60714684e-10	4.11712085e-08	3.91081287e-06	1.29257372e-04	1.88007963e-03	1.34227108e-02	6.43081377e-02	1.69002458e-01	7.51186594e-01	6.68097260e-05	7.13358986e-10	
6.6	3.15583937e-34	3.59672039e-28	1.37379140e-23	1.68698741e-19	6.12824078e-16	1.96440311e-12	7.92781359e-10	1.21270257e-07	6.64848098e-06	1.66193934e-04	2.12635880e-03	1.97320093e-02	1.02658808e-01	8.74464449e-01	8.45290629e-04	1.20472672e-07	
6.7	1.26030378e-36	1.90722783e-30	9.72193837e-26	1.60724222e-21	8.10791858e-18	3.63962059e-14	2.25468417e-11	5.38516292e-09	4.71635843e-07	1.94038376e-05	4.21783983e-04	7.04611348e-03	6.64692696e-02	9.19952667e-01	6.08309068e-03	7.19465800e-06	
6.8	7.64418353e-39	1.52663122e-32	1.03307703e-27	2.28365371e-23	1.58328370e-19	9.90903826e-16	9.20901117e-13	3.34802153e-10	4.54434031e-08	2.97032934e-06	1.05059023e-04	2.97080789e-03	4.71380380e-02	9.21066794e-01	2.85242474e-02	1.92038059e-04	
6.9	6.30149854e-41	1.65231988e-34	1.47835903e-29	4.34327889e-25	4.10278330e-21	3.56135344e-17	4.86544889e-14	2.63466132e-11	5.40632718e-09	5.45352313e-07	3.03111201e-05	1.37800712e-03	3.44970113e-02	8.68197220e-01	9.32447233e-02	2.65217625e-03	
7	6.14900021e-43	2.10750249e-36	2.48385484e-31	9.64490661e-27	1.23210361e-22	1.47493301e-18	2.90948012e-15	2.30273040e-12	6.99403213e-10	1.06263364e-07	9.02301562e-06	6.32126298e-04	2.37039172e-02	7.36495715e-01	2.18434597e-01	2.07245145e-02	
7.1	6.18677811e-45	2.75986277e-38	4.26739219e-33	2.17891920e-28	3.73947037e-24	6.13658690e-20	1.72045185e-16	1.95762972e-13	8.64132662e-11	1.93651893e-08	2.45362710e-06	2.55984199e-04	1.38266410e-02	5.25615907e-01	3.64638876e-01	9.56601190e-02	
7.2	5.76060135e-47	3.33145215e-40	6.73092808e-35	4.49805837e-30	1.03082594e-25	2.30504559e-21	9.06085004e-18	1.46074078e-14	9.22246050e-12	2.99374003e-09	5.54760133e-07	8.38682680e-05	6.34844166e-03	2.97577830e-01	4.28366202e-01	2.67623100e-01	
7.3	4.87614202e-49	3.64309411e-42	9.58171020e-37	8.34522458e-32	2.53940254e-27	7.69196287e-23	4.19035336e-19	9.45011184e-16	8.41401963e-13	3.89461562e-10	1.03748626e-07	2.22483414e-05	2.31789392e-03	1.35853750e-01	3.71585767e-01	4.90220236e-01	
7.4	4.02897394e-51	3.87748477e-44	1.32302044e-38	1.49623990e-33	6.01372315e-29	2.45346761e-24	1.83383634e-20	5.72277254e-17	7.09895550e-14	4.62159122e-11	1.74357345e-08	5.21682137e-06	7.39671708e-04	5.50100231e-02	2.67603992e-01	6.76641079e-01	
7.5	3.50867840e-53	4.33966797e-46	1.91511624e-40	2.80331866e-35	1.48109389e-30	8.09426073e-26	8.22861485e-22	3.52076105e-18	6.02273236e-15	5.45026782e-12	2.87467284e-09	1.18467691e-06	2.27016646e-04	2.17033514e-02	1.78395293e-01	7.99673152e-01	
7.6	3.35296653e-55	5.32017896e-48	3.02856273e-42	5.72207592e-37	3.95703926e-32	2.88191804e-27	3.95506620e-23	2.30184674e-19	5.38323932e-16	6.70457849e-13	4.88985637e-10	2.74805818e-07	7.08543737e-05	8.79757391e-03	1.17189957e-01	8.73941340e-01	
7.7	3.55919065e-57	7.23505950e-50	5.30070435e-44	1.28963002e-38	1.16290875e-33	1.12323525e-28	2.06764397e-24	1.62538301e-20	5.15761344e-17	8.76620410e-14	8.75935049e-11	6.66172091e-08	2.30366241e-05	3.74257194e-03	7.79984377e-02	9.18235887e-01	
7.8	4.19121464e-59	1.09038080e-51	1.02614751e-45	3.20832265e-40	3.76000629e-35	4.79476182e-30	1.17714043e-25	1.24204817e-21	5.31162344e-18	1.22292098e-14	1.66082840e-11	1.69902941e-08	7.85991572e-06	1.67901513e-03	5.31139864e-02	9.45199122e-01	
7.9	5.44390763e-61	1.81115819e-53	2.18591966e-47	8.76776026e-42	1.33164754e-36	2.23259564e-31	7.27253732e-27	1.02413743e-22	5.86685330e-19	1.81761538e-15	3.33118548e-12	4.56025565e-09	2.81562154e-06	7.93076225e-04	3.70808567e-02	9.62123247e-01	
8	7.74045015e-63	3.29123080e-55	5.08787937e-49	2.61427558e-43	5.13306591e-38	1.12719575e-32	4.84898196e-28	9.06694925e-24	6.91962450e-20	2.86751677e-16	7.04681496e-13	1.28492898e-09	1.05624856e-06	3.92698731e-04	2.65099670e-02	9.73096277e-01	
