4	6.55245186e-01	3.44754814e-01	8.41459830e-10	6.28661069e-25	7.08861680e-45	2.97461092e-64	1.56930146e-83	4.13755849e-103	1.78597848e-123	9.59280307e-144	3.21742033e-164	1.64740777e-184	3.79982787e-205	8.70785180e-226	5.51115908e-246	2.73002649e-266	1.11190480e-286	
4.1	1.11109386e-01	8.88889764e-01	8.50191642e-07	3.11433166e-18	1.86638236e-35	7.79908054e-55	4.84186380e-74	1.51172661e-93	7.87046069e-114	4.01855509e-134	1.61823834e-154	9.69800579e-175	2.49854585e-195	6.18274419e-216	4.51971504e-236	2.58095401e-256	1.20913261e-276	
4.2	1.39813194e-02	9.85904310e-01	1.14370867e-04	3.72797622e-13	2.29157460e-26	9.17664964e-46	6.71509666e-65	2.49122488e-84	1.58656533e-104	7.97188890e-125	3.82210972e-145	2.67394463e-165	7.85108074e-186	2.15915030e-206	1.82621335e-226	1.20355445e-246	6.49015844e-267	
4.3	2.99786521e-03	9.91953922e-01	5.04820923e-03	3.66544823e-09	3.63551161e-19	5.93859723e-36	5.13018300e-55	2.26725371e-74	1.78429782e-94	9.16274417e-115	5.14347696e-135	4.11688942e-155	1.38351679e-175	4.31139114e-196	4.22639827e-216	3.21820044e-236	1.99893192e-256	
4.4	1.27667667e-03	9.19332608e-01	7.93867390e-02	3.97649914e-06	1.36496610e-13	1.10014526e-26	9.18297202e-43	4.84134798e-62	4.74627999e-82	2.57885528e-102	1.66696096e-122	1.47615337e-142	5.59182895e-163	2.00193646e-183	2.27844904e-203	2.00675454e-223	1.43670051e-243	
4.5	6.16361976e-04	6.12449603e-01	3.86451545e-01	4.82488299e-04	1.55405769e-09	9.40168738e-20	4.47152520e-32	2.80991190e-51	3.45625595e-71	2.04818809e-91	1.51199079e-111	1.43620239e-131	5.97523868e-152	2.48308192e-172	3.28674758e-192	3.35199757e-212	2.76793550e-232	
4.6	2.22838272e-04	2.75647965e-01	7.14360343e-01	9.76782223e-03	1.03134486e-06	1.14316454e-14	5.54332421e-24	4.13058241e-43	6.41700689e-63	4.26189463e-83	3.59869173e-103	3.61421478e-123	1.61904699e-143	7.84220616e-164	1.20934732e-183	1.42967275e-203	1.36256636e-223	
4.7	6.92231363e-05	1.08274250e-01	8.22576154e-01	6.89707400e-02	1.09632452e-04	7.77726112e-11	9.79577598e-18	8.55982312e-37	1.68921429e-56	1.28867974e-76	1.25067182e-96	1.32896938e-116	6.38949090e-137	3.57894522e-157	6.44102960e-177	8.83585577e-197	9.72596650e-217	
4.8	1.88295281e-05	3.85135745e-02	7.09235234e-01	2.48823041e-01	3.40925200e-03	6.95407157e-08	7.67263695e-13	7.74116171e-32	1.94506438e-51	1.73709890e-71	1.93308469e-91	2.17590233e-111	1.13403258e-131	7.19039140e-152	1.51283343e-171	2.41072473e-191	3.06684570e-211	
4.9	4.09995446e-06	1.12915670e-02	4.44449827e-01	5.04614959e-01	3.96270396e-02	1.25023598e-05	5.09078552e-09	4.18709702e-25	1.32567256e-44	1.39337527e-64	1.75042967e-84	2.06249313e-104	1.17794151e-124	8.23792930e-145	2.02976154e-164	3.76113704e-184	5.53385895e-204	
5	6.69723821e-07	2.54160461e-03	1.96236586e-01	6.01573430e-01	1.99045512e-01	5.97682130e-04	4.51530331e-06	2.15059624e-18	8.97894101e-34	1.94228852e-52	2.68997520e-72	3.24142605e-92	2.03012917e-112	1.53927103e-132	4.44919742e-152	9.59685386e-172	1.63424697e-191	
5.1	8.06572072e-08	4.32069803e-04	6.10088216e-02	4.41882762e-01	4.86430586e-01	9.47721321e-03	7.68467496e-04	3.57006399e-13	4.77812193e-25	1.11488943e-39	4.04892288e-57	4.89333071e-77	3.32716677e-97	2.73061033e-117	9.27520247e-137	2.33131980e-156	4.59830926e-176	
5.2	7.56671419e-09	5.82373035e-05	1.41830808e-02	2.19337260e-01	6.68861827e-01	6.24603021e-02	3.50992815e-02	3.70477756e-09	2.89218520e-18	1.08933420e-29	2.29392796e-43	3.39210630e-59	2.13107552e-77	1.91595239e-97	7.66141918e-117	2.24639476e-136	5.13613101e-156	
5.3	4.06576160e-10	4.53306758e-06	1.82269501e-03	5.56220595e-02	4.07417531e-01	1.43742257e-01	3.91388027e-01	2.89655782e-06	3.47050370e-13	4.72358951e-22	1.00425154e-32	3.36969207e-45	1.25416931e-59	2.08800642e-76	2.91968317e-94	9.99744274e-114	2.65190488e-133	
5.4	8.49918591e-12	1.37550488e-07	8.80074311e-05	4.97792592e-03	7.83651505e-02	8.67790487e-02	8.29616334e-01	1.73394710e-04	1.14589928e-09	1.75171936e-16	9.40682298e-25	1.53069024e-34	5.95542556e-46	3.10315805e-59	2.70246147e-73	1.08188905e-92	3.33241662e-112	
5.5	1.80881747e-13	4.25550714e-09	4.22418580e-06	4.21224996e-04	1.30691919e-02	3.93647553e-02	9.44339947e-01	2.80018876e-03	4.63393683e-07	3.19161945e-12	1.44556379e-18	3.37765989e-26	3.50620558e-35	1.17584920e-45	1.12086485e-56	5.25241262e-76	1.88044860e-95	
5.6	5.98956053e-15	2.05107566e-10	3.08645848e-07	5.21110520e-05	2.97919950e-03	2.18156203e-02	9.51636446e-01	2.34643525e-02	5.19538364e-05	7.82600182e-09	1.25565283e-13	1.61230844e-19	1.52121925e-26	9.37470905e-35	2.45749278e-43	1.34963302e-62	5.62206539e-82	
5.7	2.67318486e-16	1.33301177e-11	3.00637435e-08	8.31136135e-06	8.30753791e-04	1.34799070e-02	8.67713998e-01	1.15903895e-01	2.05932048e-03	3.78253739e-06	1.07709139e-09	3.54973294e-14	1.29843907e-19	5.43527192e-26	1.30728623e-32	8.42519029e-52	4.08811213e-71	
5.8	1.23063106e-17	8.93779075e-13	2.96824207e-09	1.30581348e-06	2.18797742e-04	7.25807574e-03	6.34736486e-01	3.26664500e-01	3.06946733e-02	4.24932084e-04	1.22547029e-06	5.62552874e-10	4.05211875e-14	5.20655164e-19	4.80196701e-24	3.63675175e-43	2.05803393e-62	
5.9	4.60470135e-19	4.86231805e-14	2.33656139e-10	1.59507876e-07	4.32679984e-05	2.73139319e-03	3.19692555e-01	4.89905361e-01	1.75100066e-01	1.22996273e-02	2.26689573e-04	8.79922664e-07	7.25571021e-10	1.50833505e-13	2.66569519e-17	2.37592712e-36	1.57015499e-55	
6	1.20314282e-20	1.83844050e-15	1.27777650e-11	1.32313909e-08	5.64001461e-06	6.35783025e-04	1.00499578e-01	3.81055447e-01	4.04139144e-01	1.04944121e-01	8.53309049e-03	1.86047413e-04	1.13410932e-06	2.26328571e-09	4.41521998e-12	1.10193351e-28	3.82525418e-47	
6.1	2.13118818e-22	4.67821399e-17	4.64457375e-13	7.14612878e-10	4.66299915e-07	8.88196407e-05	1.92332096e-02	1.58398304e-01	4.16093527e-01	3.13821448e-01	8.46588080e-02	7.46618888e-03	2.36231057e-04	2.95559620e-06	4.10335799e-08	2.97306369e-21	5.66808832e-36	
6.2	2.53394037e-24	7.92166352e-19	1.11407385e-14	2.50032449e-11	2.44007944e-08	7.49503742e-06	2.25186783e-03	3.67190272e-02	2.09670852e-01	3.84730495e-01	2.79201804e-01	7.72975678e-02	9.55153049e-03	5.32253826e-04	3.70823580e-05	1.60395589e-15	3.02392502e-27	
6.3	1.96570443e-26	8.67340231e-21	1.71112011e-16	5.51115792e-13	7.88042852e-10	3.75479589e-07	1.57994324e-04	4.76341370e-03	5.37519335e-02	2.11053972e-01	3.54043222e-01	2.54581770e-01	9.80768443e-02	1.86373074e-02	4.93316640e-03	3.62617957e-11	1.73189745e-20	
6.4	8.26131202e-29	5.10023535e-23	1.40242376e-18	6.38990324e-15	1.31472612e-11	9.41291861e-09	5.57858170e-06	2.94995885e-04	6.12524146e-03	4.68681520e-02	1.62724231e-01	2.64205623e-01	2.66109729e-01	1.40611688e-01	1.13054700e-01	5.20272851e-08	2.13378763e-15	
6.5	1.56336350e-31	1.33962328e-25	5.07351519e-21	3.22929769e-17	9.40900915e-14	9.86439044e-11	8.25233916e-08	7.33753366e-06	2.65240951e-04	3.68773406e-03	2.44044388e-02	8.06296827e-02	1.85258838e-01	2.33074861e-01	4.72665637e-01	6.14708937e-06	9.16722923e-12	
6.6	2.33375108e-34	2.75367199e-28	1.41941931e-23	1.24847404e-19	5.07982697e-16	7.63724473e-13	9.01441475e-10	1.30154236e-07	7.82956080e-06	1.87261167e-04	2.21730505e-03	1.37772631e-02	6.49466081e-02	1.72455856e-01	7.46262775e-01	1.44967547e-04	3.97306972e-09	
6.7	4.73191234e-37	7.62675164e-31	5.34782979e-26	6.43970236e-22	3.61582925e-18	7.66712599e-15	1.27412706e-11	2.89970618e-09	2.79767242e-07	1.10084117e-05	2.21732866e-04	2.43688890e-03	2.16666376e-02	1.10138155e-01	8.64029876e-01	1.49498010e-03	4.38197914e-07	
6.8	1.49385309e-39	3.26265494e-33	3.08189218e-28	5.03960734e-24	3.86608766e-20	1.14091219e-16	2.66065103e-13	9.29888632e-11	1.39621327e-08	8.72016012e-07	2.86682012e-05	5.30314556e-04	8.29653743e-03	7.43599794e-02	9.07603860e-01	9.16106319e-03	1.86914508e-05	
6.9	6.98182291e-42	2.04984236e-35	2.59093028e-30	5.71238604e-26	5.93614900e-22	2.41199218e-18	7.85905960e-15	4.12188250e-12	9.39489713e-10	9.04815143e-08	4.69355942e-06	1.40370972e-04	3.64441890e-03	5.36704770e-02	9.04339730e-01	3.78180100e-02	3.82207566e-04	
7	4.31692300e-44	1.69019775e-37	2.84443613e-32	8.40121842e-28	1.17389212e-23	6.50956920e-20	2.94825110e-16	2.27351752e-13	7.70052640e-11	1.11678349e-08	8.88935596e-07	4.15980670e-05	1.70719406e-03	3.89434131e-02	8.43241995e-01	1.11788947e-01	4.27595220e-03	
7.1	3.10486660e-46	1.60810248e-39	3.58245067e-34	1.40908940e-29	2.63027026e-25	1.97561080e-21	1.23671229e-17	1.37718027e-14	6.80437337e-12	1.45600681e-09	1.73702522e-07	1.23811088e-05	7.72088675e-04	2.60436388e-02	7.03194107e-01	2.41714110e-01	2.82635000e-02	
7.2	2.28640790e-48	1.55368763e-41	4.56345792e-36	2.37723411e-31	5.89346084e-27	5.95621836e-23	5.12266482e-19	8.10742681e-16	5.74931161e-13	1.78333466e-10	3.12470277e-08	3.31580111e-06	3.04437822e-04	1.46764361e-02	4.92029542e-01	3.78727955e-01	1.14258282e-01	
7.3	1.57105761e-50	1.38867419e-43	5.37785028e-38	3.69158356e-33	1.20902920e-28	1.63432905e-24	1.91957260e-20	4.25856395e-17	4.27258038e-14	1.89143667e-11	4.78296432e-09	7.40929616e-07	9.77020046e-05	6.57494819e-03	2.75885740e-01	4.27135150e-01	2.90305713e-01	
7.4	1.01481748e-52	1.15611220e-45	5.85502058e-40	5.27216956e-35	2.27014118e-30	4.08173868e-26	6.50880063e-22	2.00034280e-18	2.80401836e-15	1.74731007e-12	6.28034681e-10	1.39639356e-07	2.59428830e-05	2.39972608e-03	1.27569117e-01	3.66716366e-01	5.03288708e-01	
7.5	6.57317719e-55	9.55849909e-48	6.30998073e-42	7.42367445e-37	4.18474943e-32	9.95603296e-28	2.14336417e-23	9.03269383e-20	1.75027770e-16	1.51716668e-13	7.64883555e-11	2.40519733e-08	6.20288419e-06	7.80962629e-04	5.32449568e-02	2.67397470e-01	6.78570384e-01	
7.6	4.56281668e-57	8.38403452e-50	7.19830206e-44	1.10266949e-38	8.10697030e-34	2.53987174e-29	7.34269825e-25	4.20584007e-21	1.11642434e-17	1.33273470e-14	9.31805135e-12	4.09161158e-09	1.44786064e-06	2.46545964e-04	2.17842997e-02	1.82114678e-01	7.95853025e-01	
7.7	3.52107348e-59	8.08932512e-52	8.99872176e-46	1.78949044e-40	1.71041994e-35	7.02615933e-31	2.71394926e-26	2.09708488e-22	7.56638205e-19	1.23345859e-15	1.18455088e-12	7.18532505e-10	3.45747841e-07	7.92781981e-05	9.15056590e-03	1.22339592e-01	8.68430218e-01	
7.8	3.04928748e-61	8.66336204e-54	1.24545301e-47	3.20702205e-42	3.97402021e-37	2.13228440e-32	1.09523363e-27	1.13443739e-23	5.52509432e-20	1.22091422e-16	1.59733735e-13	1.32635628e-10	8.61804038e-08	2.65186291e-05	4.02023989e-03	8.30841280e-02	9.12869027e-01	
7.9	2.96610199e-63	1.03040301e-55	1.90636414e-49	6.34235537e-44	1.01650200e-38	7.10019635e-34	4.82820404e-29	6.66634971e-25	4.35553260e-21	1.29605673e-17	2.29329424e-14	2.58610729e-11	2.25612549e-08	9.29000013e-06	1.85586789e-03	5.75644166e-02	9.40570403e-01	
8	3.21609949e-65	1.35035615e-57	3.21087758e-51	1.37757865e-45	2.84987938e-40	2.58394138e-35	2.31668513e-30	4.24219710e-26	3.69740941e-22	1.47275669e-18	3.50158781e-15	5.32466888e-12	6.20593170e-09	3.41019748e-06	8.99037462e-04	4.07801838e-02	9.58317362e-01	
