4	1.69455970e-01	8.20508594e-01	1.00354358e-02	2.15700973e-11	2.21039066e-30	1.73527293e-49	9.97569953e-69	2.68341417e-89	3.00721954e-110	4.63564880e-131	1.14366994e-151	1.37848857e-171	1.03808104e-191	4.06316213e-212	6.78927216e-233	9.08847441e-254	2.89388406e-274	8.40517245e-295	1.00000000e-300	1.00000000e-300	1.00000000e-300	1.00000000e-300	
4.1	4.20177080e-02	8.59955427e-01	9.80267538e-02	1.10970892e-07	1.34368637e-26	1.26606399e-45	8.77596080e-65	2.99042175e-85	3.93395279e-106	6.01081591e-127	1.50609269e-147	2.11230530e-167	1.83476100e-187	8.33781407e-208	1.61957481e-228	2.24240196e-249	7.19412624e-270	2.16026204e-290	1.00000000e-300	1.00000000e-300	1.00000000e-300	1.00000000e-300	
4.2	1.21736151e-02	7.09294928e-01	2.78482401e-01	4.90552473e-05	7.01853056e-24	7.93713486e-43	6.63384891e-62	2.76095163e-82	4.21420250e-103	6.48370766e-124	1.68489829e-144	2.75485733e-164	2.77400909e-184	1.47685649e-204	3.30047398e-225	4.80582730e-246	1.54339627e-266	4.64834991e-287	1.00000000e-300	1.00000000e-300	1.00000000e-300	1.00000000e-300	
4.3	3.69326597e-03	4.91899790e-01	4.99385156e-01	5.02178847e-03	8.94732952e-19	1.21425259e-37	1.22370449e-56	5.97150401e-77	1.05234939e-97	1.66220357e-118	4.58495912e-139	8.75572015e-159	1.02484955e-178	6.44049088e-199	1.64851245e-219	2.59378700e-240	8.39973250e-261	2.50819894e-281	1.00000000e-300	1.00000000e-300	1.00000000e-300	1.00000000e-300	
4.4	9.51508317e-04	2.56463900e-01	5.97436499e-01	1.45148092e-01	2.28726137e-13	3.26600618e-29	3.96843507e-48	2.20715080e-68	4.51103626e-89	7.51130810e-110	2.25570904e-130	5.04046533e-150	6.85445597e-170	5.09780377e-190	1.48329088e-210	2.59167521e-231	8.59246080e-252	2.56370452e-272	7.51766598e-293	1.00000000e-300	1.00000000e-300	1.00000000e-300	
4.5	1.00006737e-04	5.05658298e-02	2.50726831e-01	6.98607331e-01	1.59637907e-09	1.87491505e-21	8.10809573e-37	5.09814873e-57	1.21759629e-77	2.20128413e-98	7.36087413e-119	1.92813170e-138	3.03925653e-158	2.66636534e-178	8.70158356e-199	1.72539891e-219	5.93979955e-240	1.79819011e-260	5.89288442e-281	1.00000000e-300	1.00000000e-300	1.00000000e-300	
4.6	6.07771982e-06	5.46618724e-03	5.47180155e-02	9.39808994e-01	7.25952391e-07	8.48458553e-16	2.04398149e-27	3.67612898e-44	3.96537434e-64	7.95408596e-85	2.98072181e-105	9.16902547e-125	1.67281352e-144	1.72026001e-164	6.21306139e-185	1.41984273e-205	5.12371433e-226	1.59404729e-246	5.83124744e-267	4.44373547e-287	1.00000000e-300	1.00000000e-300	
4.7	5.19726537e-07	7.97770542e-04	1.54874314e-02	9.83643558e-01	7.07201670e-05	1.14780742e-11	2.33731273e-20	2.09330450e-33	3.72203051e-49	3.19199438e-67	1.30733715e-87	4.73091799e-107	1.00034212e-126	1.19994161e-146	4.77417684e-167	1.27247250e-187	4.85317169e-208	1.56603432e-228	6.36340644e-249	5.63347684e-269	4.01917515e-289	1.00000000e-300	
4.8	7.16339418e-08	1.81409128e-04	6.60121887e-03	9.91498051e-01	1.71923848e-03	1.05467394e-08	3.06478540e-15	2.39761303e-25	9.45906999e-38	5.18465390e-52	4.54710742e-70	1.93907327e-89	4.77160001e-109	6.67218535e-129	2.94709135e-149	9.26577633e-170	3.78059159e-190	1.27912830e-210	5.73224838e-231	5.90549189e-251	4.88174181e-271	3.35921239e-291	
4.9	1.49158506e-08	6.05807951e-05	4.00201866e-03	9.82029426e-01	1.39064651e-02	1.49493293e-06	1.57396674e-11	2.55111804e-19	4.50743828e-29	2.60422219e-40	1.25806365e-54	7.87294924e-70	2.26390305e-89	3.69717025e-109	1.84402117e-129	6.91605629e-150	3.07000963e-170	1.10638952e-190	5.42906676e-211	6.51991349e-231	6.25129533e-251	4.96674585e-271	
5	3.97439570e-09	2.52521302e-05	2.93685270e-03	9.34877661e-01	6.20915333e-02	6.86857189e-05	1.14977617e-08	1.20634374e-14	2.72960029e-22	3.99045239e-31	1.80688070e-42	2.71556176e-54	9.10999429e-74	1.73161546e-93	9.93485520e-114	4.47984164e-134	2.19921338e-154	8.59205333e-175	4.58906117e-195	6.43529615e-215	7.16396447e-235	6.57660764e-255	
5.1	1.10889797e-09	1.07779050e-05	2.14464691e-03	8.08023933e-01	1.88387043e-01	1.43134686e-03	2.25105198e-06	6.29082167e-11	6.92781803e-17	8.40993030e-24	9.02060541e-33	6.95065023e-42	2.68409436e-61	5.82505981e-81	3.88275197e-101	2.10368587e-121	1.15236992e-141	4.94418097e-162	2.86436531e-182	4.69836122e-202	6.07896774e-222	6.45250315e-242	
5.2	2.74581609e-10	4.00062157e-06	1.32742221e-03	5.86343312e-01	3.97067418e-01	1.51052427e-02	1.52544691e-04	5.89994598e-08	1.49735119e-12	6.35459555e-18	5.54411957e-25	6.41784338e-32	2.78268406e-51	6.64399396e-71	5.11249497e-91	3.29122809e-111	2.00960347e-131	9.51282578e-152	5.98837039e-172	1.15092356e-191	1.73250194e-211	2.12785011e-231	
5.3	5.50707912e-11	1.18077901e-06	6.38185718e-04	3.35662452e-01	5.74300263e-01	8.52579852e-02	4.12633919e-03	1.35895639e-05	4.44770497e-09	3.36686992e-13	1.03589085e-18	6.78949032e-24	2.09930868e-40	5.25397165e-59	4.57097636e-79	3.43765144e-99	2.32510970e-119	1.21393463e-139	8.38126908e-160	1.89068810e-179	3.31467639e-199	4.71418630e-219	
5.4	8.28399217e-12	2.57103675e-07	2.21593035e-04	1.41333881e-01	5.48436797e-01	2.60991846e-01	4.80809325e-02	9.32190605e-04	2.50035553e-06	1.99603390e-09	1.12225681e-13	1.91857293e-17	2.66190405e-30	6.58165028e-45	1.37013092e-61	2.12478735e-80	1.58633699e-100	9.15259539e-121	7.04842814e-141	1.86953520e-160	3.82125021e-180	6.29814811e-200	
5.5	8.05453905e-13	3.56627087e-08	4.80706067e-05	3.79821529e-02	3.06959812e-01	4.00687440e-01	2.33947969e-01	2.00638101e-02	3.08986571e-04	1.72217110e-06	1.05496762e-09	2.55267395e-12	2.88796576e-22	1.09362414e-33	7.50004760e-47	1.00618595e-61	3.60018738e-78	2.71561598e-96	2.38462942e-116	7.45015096e-136	1.77728154e-155	3.39756826e-175	
5.6	4.50491791e-14	2.81117433e-09	5.81934543e-06	5.82715233e-03	9.15899097e-02	2.89749517e-01	4.62790663e-01	1.40383433e-01	9.38802967e-03	2.64269295e-04	1.17912755e-06	2.49970318e-08	5.90350538e-16	7.86613874e-25	3.52753927e-35	6.70720501e-47	6.12037905e-60	2.25495601e-74	2.08689646e-90	3.47583400e-107	9.68841180e-127	2.15007064e-146	
5.7	1.49734572e-15	1.30180978e-10	4.06790128e-07	5.28702388e-04	1.52786351e-02	1.06093812e-01	4.11618959e-01	3.70287510e-01	8.63925550e-02	9.54252471e-03	2.28473766e-04	2.84207848e-05	4.68436166e-11	6.82395457e-18	5.60996752e-26	3.60128506e-35	1.77376405e-45	5.96266386e-57	1.06005738e-69	5.27087036e-83	1.71863131e-102	4.43182654e-122	
5.8	2.99959716e-17	3.59168965e-12	1.66715375e-08	2.87620441e-05	1.45879590e-03	2.05195703e-02	1.75548291e-01	4.07695755e-01	2.79758337e-01	9.97598623e-02	1.02078203e-02	5.02255035e-03	2.39067750e-07	1.49274694e-12	8.22250416e-19	5.67996084e-26	4.41443544e-34	3.58370428e-43	2.79603778e-53	8.48494975e-64	3.24028663e-83	9.71909100e-103	
5.9	2.92711509e-19	4.76962662e-14	3.24058768e-10	7.52391763e-07	6.44347345e-05	1.71982807e-03	2.99639136e-02	1.61052884e-01	2.84644577e-01	2.81967855e-01	1.03191187e-01	1.37302179e-01	9.23771992e-05	1.15924271e-08	1.90321873e-13	5.65370235e-19	2.60782454e-25	1.77958682e-32	1.88087372e-40	9.86752754e-49	4.41911378e-68	1.54346090e-87	
6	1.02000866e-21	2.23524819e-16	2.19340022e-12	6.85576733e-09	9.59145887e-07	4.60484401e-05	1.53059312e-03	1.74533255e-02	7.15730569e-02	1.74958974e-01	1.96088851e-01	5.35492016e-01	2.85229948e-03	3.86930603e-06	9.70822122e-10	5.90374611e-14	7.36972018e-19	1.82483457e-24	1.02002168e-30	3.39531294e-37	1.78561591e-56	7.27080795e-76	
6.1	2.63097993e-24	7.66872042e-19	1.07447252e-14	4.48582212e-11	9.96105762e-09	8.22656971e-07	4.94348687e-05	1.11484869e-03	9.74901374e-03	5.33030823e-02	1.58060321e-01	7.57283154e-01	2.02596171e-02	1.79301800e-04	3.93660443e-07	2.67122480e-10	4.75833506e-14	2.18284773e-18	3.02441836e-23	2.87927128e-28	1.78076857e-47	8.46445310e-67	
6.2	8.99436449e-27	3.45185638e-21	6.84009218e-17	3.77834322e-13	1.29821982e-10	1.77560575e-08	1.84362917e-06	7.75923260e-05	1.34872994e-03	1.51452262e-02	1.03592436e-01	7.99924641e-01	7.68812995e-02	2.99154065e-03	3.65041648e-05	1.68598183e-07	2.53430145e-10	1.25244920e-13	2.32835375e-17	3.36453247e-21	3.79319081e-40	2.10766780e-59	
6.3	4.17031396e-29	2.08577306e-23	5.79835625e-19	4.21346389e-15	2.18955300e-12	4.79945589e-10	8.28259921e-08	6.19023906e-06	2.01400465e-04	4.30831137e-03	6.02142245e-02	7.14147605e-01	1.94994592e-01	2.49119073e-02	1.19015438e-03	2.53203357e-05	2.10087570e-07	7.20598396e-10	1.09337390e-12	1.44908619e-15	1.11084116e-30	3.60109920e-47	
6.4	2.27395436e-31	1.46502619e-25	5.67354933e-21	5.41312667e-17	4.16818817e-14	1.42273957e-11	3.94513855e-09	5.01359597e-07	2.89676044e-05	1.10531154e-03	2.85601893e-02	5.05750808e-01	3.33349105e-01	1.13546033e-01	1.64208688e-02	1.19813085e-03	3.94172337e-05	6.58061016e-07	5.46856045e-09	4.45136787e-11	4.00499774e-23	2.32297660e-36	
6.5	1.18182740e-33	9.68728637e-28	5.19337443e-23	6.51361330e-19	7.29877182e-16	3.78226240e-13	1.63575320e-10	3.40231458e-08	3.33369209e-06	2.14486408e-04	9.47276900e-03	2.46281096e-01	3.49040760e-01	2.73291060e-01	9.94626850e-02	2.00630717e-02	2.04121475e-03	1.25176147e-04	4.16142749e-06	1.51213767e-07	3.95592564e-17	9.30988375e-28	
6.6	4.71717697e-36	4.85679877e-30	3.58351903e-25	5.92349202e-21	9.50608518e-18	7.31480143e-15	4.80639777e-12	1.58195369e-09	2.52481351e-07	2.61362589e-05	1.85890777e-03	7.02309569e-02	1.96511220e-01	3.17482968e-01	2.54387632e-01	1.21299797e-01	3.17734392e-02	5.75288044e-03	6.00320419e-04	7.54895533e-05	1.89515266e-12	5.56797660e-21	
6.7	1.21220491e-38	1.54827356e-32	1.56365559e-27	3.40754946e-23	7.72222304e-20	8.65495390e-17	8.44581349e-14	4.27038805e-11	1.07193783e-08	1.71795803e-06	1.88208790e-04	1.02645058e-02	5.31069824e-02	1.63287277e-01	2.60997600e-01	2.62156921e-01	1.54412984e-01	6.98343871e-02	1.90131060e-02	6.73629171e-03	6.72184155e-09	9.66712785e-16	
6.8	1.60837171e-41	2.51957146e-35	3.46513972e-30	9.93721556e-26	3.14079298e-22	5.04213088e-19	7.16413957e-16	5.42359513e-13	2.07770023e-10	4.99677468e-08	8.15573330e-06	6.38932135e-04	5.80247357e-03	3.18953675e-02	9.43766507e-02	1.83080324e-01	2.19077619e-01	2.17783108e-01	1.34348390e-01	1.12986710e-01	2.21941070e-06	7.42794690e-12	
6.9	1.05476144e-44	2.00623206e-38	3.73908180e-33	1.40677873e-28	6.13431067e-25	1.39017012e-21	2.82702317e-18	3.13419181e-15	1.78606339e-12	6.28540732e-10	1.49043197e-07	1.66964099e-05	2.54987307e-04	2.38306684e-03	1.23120636e-02	4.31329513e-02	9.70131257e-02	1.91957078e-01	2.40352027e-01	4.12487010e-01	9.08400228e-05	3.92174293e-09	
7	5.98927237e-48	1.37032991e-41	3.44529419e-36	1.69452939e-31	1.00986362e-27	3.19040298e-24	9.14800296e-21	1.45730811e-17	1.20902086e-14	6.10217906e-12	2.06250502e-09	3.28884004e-07	8.14735863e-06	1.24177993e-04	1.06795444e-03	6.40422222e-03	2.54728537e-02	9.27001956e-02	2.15573466e-01	6.57616897e-01	1.03139476e-03	3.59736580e-07	
7.1	4.51097951e-51	1.22990758e-44	4.15398143e-39	2.66106632e-34	2.14917485e-30	9.36426623e-27	3.73744159e-23	8.41899514e-20	9.98694897e-17	7.11578449e-14	3.37953099e-11	7.63682345e-09	2.97551286e-07	7.14693460e-06	9.83970621e-05	9.66665402e-04	6.47198294e-03	4.05850371e-02	1.62821575e-01	7.82967075e-01	6.07001200e-03	1.18030733e-05	
7.2	4.87930586e-54	1.57050219e-47	7.09810745e-42	5.90181920e-37	6.41007986e-33	3.81597732e-29	2.09656188e-25	6.58931310e-22	1.10096679e-18	1.09350892e-15	7.21840506e-13	2.30087158e-10	1.37210538e-08	5.04950060e-07	1.07817348e-05	1.67412037e-04	1.81214805e-03	1.85445046e-02	1.20653452e-01	8.34670116e-01	2.39474360e-02	1.93630128e-04	
7.3	7.18429304e-57	2.70461609e-50	1.62997608e-44	1.75366055e-39	2.54313265e-35	2.05130867e-31	1.53635426e-27	6.66194634e-24	1.54836673e-20	2.12206806e-17	1.93022275e-14	8.63346705e-12	7.69220935e-10	4.23683606e-08	1.36726300e-06	3.25830862e-05	5.51716994e-04	8.81113892e-03	8.83830199e-02	8.29972958e-01	7.03717343e-02	1.87543836e-03	
7.4	1.31637556e-59	5.74427289e-53	4.60118822e-47	6.39001243e-42	1.22875500e-37	1.33278883e-33	1.34890016e-29	7.99303707e-26	2.55724839e-22	4.79570686e-19	5.96835748e-16	3.72437642e-13	4.85457289e-11	3.92211110e-09	1.87177626e-07	6.68037888e-06	1.72178709e-04	4.14019368e-03	6.15490995e-02	7.61603540e-01	1.60783968e-01	1.17441487e-02	
7.5	2.72910113e-62	1.36887344e-55	1.45300077e-49	2.59966199e-44	6.58406721e-40	9.53601488e-36	1.29376961e-31	1.03897300e-27	4.53482791e-24	1.15539775e-20	1.95552853e-17	1.69214540e-14	3.16828011e-12	3.68973968e-10	2.55583741e-08	1.33784405e-06	5.12784124e-05	1.80442615e-03	3.86011496e-02	6.22490594e-01	2.87380638e-01	4.96705496e-02	
7.6	5.89643714e-65	3.37388334e-58	4.73270995e-52	1.08911628e-46	3.60939363e-42	6.93417606e-38	1.25159289e-33	1.35220282e-29	7.98981202e-26	2.74843384e-22	6.29216429e-19	7.50271678e-16	1.98480032e-13	3.28170249e-11	3.24650218e-09	2.44806617e-07	1.36780641e-05	6.88736328e-04	2.07540912e-02	4.35703592e-01	3.98183395e-01	1.44656259e-01	
7.7	1.27123234e-67	8.24015145e-61	1.52369494e-54	4.50376192e-49	1.94090985e-44	4.91516738e-40	1.17174609e-35	1.69186152e-31	1.34410011e-27	6.20769882e-24	1.91282783e-20	3.12352239e-17	1.15070327e-14	2.66561845e-12	3.71320783e-10	3.97169691e-08	3.17974986e-06	2.25137856e-04	9.41263370e-03	2.58080224e-01	4.32273902e-01	3.00004883e-01	
7.8	2.76589619e-70	2.01810444e-63	4.90773618e-57	1.86100993e-51	1.03666534e-46	3.44049343e-42	1.07583423e-37	2.06355658e-33	2.19072751e-29	1.35149404e-25	5.57904591e-22	1.24024903e-18	6.28413482e-16	2.01650951e-13	3.90735211e-11	5.84943443e-09	6.61133810e-07	6.49196317e-05	3.72534166e-03	1.33981397e-01	3.87061349e-01	4.75166325e-01	
7.9	6.33844281e-73	5.17570857e-66	1.65176019e-59	8.02681024e-54	5.74575566e-49	2.48560135e-44	1.01284501e-39	2.56687621e-35	3.62143730e-31	2.97020175e-27	1.63527001e-23	4.92182804e-20	3.39332965e-17	1.49391415e-14	3.98514782e-12	8.25486258e-10	1.30043223e-07	1.75152762e-05	1.36854271e-03	6.48000381e-02	3.07248680e-01	6.26565093e-01	
8	1.58881304e-75	1.44433759e-68	6.03688239e-62	3.75604694e-56	3.43509828e-51	1.92721656e-46	1.01703686e-41	3.38943872e-37	6.32393998e-33	6.86625918e-29	5.02050342e-25	2.03528336e-21	1.89195886e-18	1.13350936e-15	4.12679909e-13	1.17141129e-10	2.54428756e-08	4.65904916e-06	4.92550190e-04	3.07779464e-02	2.29773892e-01	7.38950927e-01	
