4	4.58213024e-01	5.41775445e-01	1.15315250e-05	4.01921731e-20	6.14823389e-39	3.76757721e-58	1.09420806e-77	1.22009503e-97	1.31552165e-118	2.90388028e-139	5.01602168e-160	4.91901863e-180	4.40997519e-200	3.00486859e-220	1.64433192e-240	
4.1	9.27810923e-02	9.06172597e-01	1.04631045e-03	1.15496478e-14	1.84666523e-30	1.35392962e-49	4.56819112e-69	5.80682085e-89	8.10623566e-110	2.07447939e-130	3.94910259e-151	4.02851674e-171	4.18131018e-191	3.28905527e-211	2.07193720e-231	
4.2	2.02441335e-02	9.56418274e-01	2.33375924e-02	1.25619813e-10	1.39309456e-22	1.22269920e-41	4.81339736e-61	6.99970677e-81	1.26802607e-101	3.71896594e-122	7.85964923e-143	8.08097086e-163	9.72715580e-183	8.84286891e-203	6.41712971e-223	
4.3	6.13439206e-03	8.11954068e-01	1.81911433e-01	1.06421015e-07	1.40790923e-16	1.47826582e-35	6.80748513e-55	1.14096838e-74	2.68460621e-95	8.91510712e-116	2.09902057e-136	2.16223570e-156	3.02363647e-176	3.18027118e-196	2.66037977e-216	
4.4	1.94828112e-03	4.75085484e-01	5.22954722e-01	1.15123991e-05	4.48465410e-12	5.61829022e-31	3.01276268e-50	5.83778228e-70	1.78610661e-90	6.69420123e-111	1.76763722e-131	1.84962557e-151	3.00997818e-171	3.66681916e-191	3.53827368e-211	
4.5	5.82527722e-04	2.13830596e-01	7.85275621e-01	3.11243716e-04	1.17384586e-08	1.74540487e-27	1.07483611e-46	2.39088370e-66	9.53378939e-87	4.06735100e-107	1.21930302e-127	1.31581261e-147	2.49617762e-167	3.52575429e-187	3.92706498e-207	
4.6	1.80374835e-04	9.33338769e-02	9.02725874e-01	3.75421574e-03	5.65900206e-06	9.91158926e-25	6.87936954e-44	1.72949730e-63	9.01681528e-84	4.45523442e-104	1.53826095e-124	1.70964423e-144	3.78735079e-164	6.20893465e-184	7.98803859e-204	
4.7	5.89143446e-05	4.24362917e-02	9.29840777e-01	2.68636241e-02	8.00392709e-04	2.62527347e-18	4.09799688e-37	1.14283078e-56	7.80238390e-77	4.55400917e-97	1.83011002e-117	2.05170435e-137	5.31665983e-157	1.01268747e-176	1.50592439e-196	
4.8	1.81845892e-05	1.83266097e-02	8.21976122e-01	1.19494295e-01	4.01847889e-02	4.77622517e-13	1.60486813e-27	3.49063784e-46	3.10030895e-66	2.16567052e-86	1.01507875e-106	1.12151254e-126	3.40539554e-146	7.54412533e-166	1.29762158e-185	
4.9	2.80259466e-06	3.98608377e-03	3.38302840e-01	1.91842591e-01	4.65865679e-01	3.73460786e-09	3.48369803e-20	9.92788461e-35	2.00730335e-53	1.67026132e-73	9.06573158e-94	9.81308643e-114	3.49749138e-133	9.02096526e-153	1.79605691e-172	
5	1.31531209e-07	2.65828065e-04	4.00431067e-02	7.23743275e-02	8.87315414e-01	1.19198182e-06	5.78440559e-15	2.99342857e-26	7.52232626e-41	3.06251082e-58	1.89784271e-78	2.04552115e-98	8.57218772e-118	2.57690031e-137	5.94324137e-157	
5.1	5.91493013e-09	1.70454091e-05	4.32443198e-03	2.12064755e-02	9.74382258e-01	6.97828620e-05	4.52953930e-11	8.85172973e-20	4.00926531e-31	8.89078139e-45	6.67771887e-61	4.59818528e-80	2.26971123e-99	7.96068684e-119	2.12854297e-138	
5.2	3.91510006e-10	1.61473122e-06	6.57668133e-04	7.69819173e-03	9.90093519e-01	1.54895948e-03	4.68947970e-08	1.02407584e-14	1.80670492e-23	3.77274148e-34	7.12191124e-47	4.88981019e-62	2.23130449e-78	9.14086937e-98	2.83593457e-117	
5.3	4.05279952e-11	2.40053631e-07	1.51555005e-04	3.82487059e-03	9.78742686e-01	1.72695651e-02	1.10835543e-05	1.06637959e-10	2.20285417e-17	1.09205552e-25	1.08086351e-35	1.19646322e-47	1.91417525e-60	9.16961395e-80	3.30392486e-99	
5.4	5.84083234e-12	4.98541999e-08	4.81640458e-05	2.41699444e-03	8.88296181e-01	1.08424108e-01	8.14334258e-04	1.68965106e-07	1.59415170e-12	6.39502280e-19	9.66562983e-27	4.07361736e-36	4.51914450e-46	2.53440290e-65	1.06157003e-84	
5.5	8.25847937e-13	1.01919482e-08	1.49546878e-05	1.39786611e-03	6.18456433e-01	3.60154973e-01	1.99248325e-02	5.09203089e-05	1.04320726e-08	1.45607961e-13	1.27575706e-19	6.51755016e-27	1.38347874e-34	9.09453428e-54	4.43307122e-73	
5.6	8.18060976e-14	1.46088058e-09	3.20166534e-06	5.27863639e-04	2.71454658e-01	5.65822380e-01	1.59000406e-01	3.18367651e-03	7.81028009e-06	1.94283219e-09	4.60821857e-14	1.14878241e-19	1.67712988e-25	1.29399184e-44	7.34855208e-64	
5.7	5.06513780e-15	1.30478967e-10	4.18405844e-07	1.16033908e-04	7.13440167e-02	4.27044449e-01	4.51833601e-01	4.87741595e-02	8.85029776e-04	2.29100493e-06	8.05691216e-10	4.73496817e-14	2.10788120e-18	1.91147694e-37	1.26626452e-56	
5.8	2.05950879e-16	7.61818752e-12	3.51707537e-08	1.57333669e-05	1.20697019e-02	1.75853767e-01	5.53736040e-01	2.36433252e-01	2.15158403e-02	3.74421578e-04	1.20753018e-06	9.30657069e-10	6.61704275e-13	7.06294030e-32	5.46527613e-51	
5.9	5.77407723e-18	3.05255687e-13	2.00387178e-09	1.39398970e-06	1.38596344e-03	4.35173864e-02	3.41157751e-01	4.49971085e-01	1.51292250e-01	1.24229500e-02	2.49640432e-04	1.56681010e-06	1.06382900e-08	2.98221721e-24	8.23421309e-42	
6	1.10806234e-19	8.32058618e-15	7.70781498e-11	8.07963705e-08	1.07134932e-04	6.62764467e-03	1.13345590e-01	3.82412528e-01	3.76833707e-01	1.10211404e-01	1.00963612e-02	3.50458707e-04	1.50895568e-05	8.48339750e-18	9.45950232e-32	
6.1	1.41191876e-21	1.49582825e-16	1.95027566e-12	3.00004815e-09	5.40898600e-06	6.16092884e-04	2.08549281e-02	1.56515458e-01	3.81088552e-01	3.19569463e-01	1.03843284e-01	1.46241920e-02	2.88261770e-03	7.21149638e-13	6.22891513e-24	
6.2	1.02147521e-23	1.51620601e-18	2.77220667e-14	6.12263103e-11	1.51861504e-07	3.02167345e-05	1.88367755e-03	2.83793015e-02	1.50739803e-01	3.07629216e-01	2.90550050e-01	1.30196193e-01	9.05913868e-02	3.04934749e-09	5.49565045e-18	
6.3	3.18848893e-26	6.57534590e-21	1.66896728e-16	5.19850598e-13	1.78437385e-09	5.94795681e-07	6.46485511e-05	1.81072292e-03	1.91366024e-02	8.40540890e-02	1.97304795e-01	2.33308280e-01	4.64319454e-01	8.12583756e-07	1.07795112e-13	
6.4	6.98963229e-29	1.98245812e-23	6.89229039e-19	2.98408360e-15	1.42055024e-11	7.66408115e-09	1.39189987e-06	6.82794418e-05	1.33952415e-03	1.15417599e-02	5.95812983e-02	1.61075567e-01	7.66359518e-01	3.26541712e-05	1.39357267e-10	
6.5	2.06005671e-31	7.95641981e-26	3.74516592e-21	2.22779901e-17	1.47027231e-13	1.24658148e-10	3.65767576e-08	2.99431711e-06	1.03319714e-04	1.62628011e-03	1.67648406e-02	9.26154217e-02	8.88386879e-01	5.00191828e-04	3.55944557e-08	
6.6	9.67524824e-34	5.04554601e-28	3.18707435e-23	2.58051641e-19	2.35589027e-15	3.05941085e-12	1.41071700e-09	1.85383739e-07	1.07675165e-05	2.92559476e-04	5.56992464e-03	5.73536936e-02	9.32564740e-01	4.20516534e-03	2.96264868e-06	
6.7	7.07655809e-36	4.94780636e-30	4.16723856e-25	4.55791738e-21	5.73659002e-17	1.11541632e-13	7.89200969e-11	1.61342003e-08	1.52134503e-06	6.81563335e-05	2.24356926e-03	3.97890118e-02	9.35457965e-01	2.23367355e-02	1.03024484e-04	
6.8	7.23975304e-38	6.74637720e-32	7.54336786e-27	1.10736555e-22	1.91318940e-18	5.45877708e-15	5.80692385e-12	1.80013570e-09	2.67372606e-07	1.90342125e-05	1.02483338e-03	2.92172514e-02	8.87591247e-01	8.03976321e-02	1.74973300e-03	
6.9	8.96181294e-40	1.10727317e-33	1.63770882e-28	3.20868758e-24	7.57232477e-20	3.11449475e-16	4.89297943e-13	2.25051352e-10	5.13072500e-08	5.63302022e-06	4.73776700e-04	2.04940154e-02	7.60654473e-01	2.02337586e-01	1.60344636e-02	
7	1.15676872e-41	1.88562338e-35	3.67319360e-30	9.55665555e-26	3.06422166e-21	1.78870453e-17	4.08280338e-14	2.73448497e-11	9.35265884e-09	1.54466951e-06	1.95534007e-04	1.22726384e-02	5.48533487e-01	3.55492245e-01	8.35045412e-02	
7.1	1.37565229e-43	2.94245447e-37	7.51418163e-32	2.58401977e-27	1.11954842e-22	9.15272348e-19	2.99168632e-15	2.87054142e-12	1.44374013e-09	3.51169302e-07	6.49396143e-05	5.72968838e-03	3.10688720e-01	4.29534978e-01	2.53981321e-01	
7.2	1.46027391e-45	4.07606774e-39	1.35836662e-33	6.14759768e-29	3.57923136e-24	4.05166856e-20	1.87264288e-16	2.53764598e-13	1.84409117e-10	6.48702092e-08	1.71197847e-05	2.07977547e-03	1.39004806e-01	3.72516860e-01	4.86381374e-01	
7.3	1.49306762e-47	5.41020759e-41	2.34287123e-35	1.38990983e-30	1.08150713e-25	1.67848416e-21	1.08397201e-17	2.04936292e-14	2.11863794e-11	1.06098174e-08	3.92449101e-06	6.48188171e-04	5.43318603e-02	2.62947803e-01	6.82068214e-01	
7.4	1.60768703e-49	7.52613223e-43	4.21878027e-37	3.26898224e-32	3.38169447e-27	7.13373058e-23	6.36218630e-19	1.66091841e-15	2.41010801e-12	1.69489610e-09	8.66440790e-07	1.93130250e-04	2.06220034e-02	1.70788430e-01	8.08395568e-01	
7.5	1.90922142e-51	1.14978084e-44	8.31427545e-39	8.38762571e-34	1.14786685e-28	3.26697591e-24	3.98051017e-20	1.42235758e-16	2.86415023e-13	2.79582096e-10	1.95400964e-07	5.85227617e-05	8.06192459e-03	1.09442458e-01	8.82436899e-01	
7.6	2.53369386e-53	1.95566086e-46	1.81888367e-40	2.38211939e-35	4.29294559e-30	1.63781661e-25	2.70084663e-21	1.31085918e-17	3.62822704e-14	4.86814245e-11	4.61326155e-08	1.85121003e-05	3.32145842e-03	7.12948419e-02	9.25365141e-01	
7.7	3.74906790e-55	3.69703154e-48	4.41124169e-42	7.48112301e-37	1.76798849e-31	8.98944399e-27	1.99062943e-22	1.30329944e-18	4.91730252e-15	8.99325591e-12	1.14818237e-08	6.15989212e-06	1.44896749e-03	4.76869742e-02	9.50857887e-01	
7.8	6.13985629e-57	7.71428983e-50	1.17836661e-43	2.58209979e-38	7.97232278e-33	5.37413651e-28	1.58769002e-23	1.39356247e-19	7.11475170e-16	1.76056266e-12	3.01215255e-09	2.15642694e-06	6.67781891e-04	3.28004663e-02	9.66529592e-01	
7.9	1.10359660e-58	1.76261423e-51	3.44105255e-45	9.72364169e-40	3.90935452e-34	3.47731993e-29	1.36330326e-24	1.59526449e-20	1.09481062e-16	3.64120428e-13	8.30879885e-10	7.92150855e-07	3.23618068e-04	2.31632931e-02	9.76512296e-01	
8	2.15768504e-60	4.37235650e-53	1.08953537e-46	3.96368754e-41	2.06902183e-35	2.41811419e-30	1.25229529e-25	1.94385751e-21	1.78229670e-17	7.91946709e-14	2.39976007e-10	3.03999100e-07	1.63921242e-04	1.67433948e-02	9.83092380e-01	
