4	1.65409122e-01	8.34496728e-01	9.41498105e-05	7.75210384e-15	2.06958821e-34	1.11447938e-53	5.17880754e-73	1.87298645e-92	1.59270264e-113	1.70690847e-134	1.18030403e-155	3.32232939e-176	3.26705089e-196	1.49575860e-216	6.23622513e-237	1.04979002e-257	2.87825828e-279	5.25145283e-300	1.00000000e-300	1.00000000e-300	1.00000000e-300	1.00000000e-300	1.00000000e-300	
4.1	3.07613028e-02	9.65534326e-01	3.70437076e-03	2.67929737e-10	2.75772325e-25	1.76432184e-44	9.86541994e-64	4.29082413e-83	4.51093996e-104	5.65569860e-125	4.71748515e-146	1.48742899e-166	1.69929544e-186	8.91803262e-207	4.12074440e-227	7.90615706e-248	2.61529153e-269	4.67037195e-290	1.00000000e-300	1.00000000e-300	1.00000000e-300	1.00000000e-300	1.00000000e-300	
4.2	7.59230660e-03	9.29791030e-01	6.26160846e-02	5.78612414e-07	2.67266772e-18	2.03133473e-37	1.36673332e-56	7.14863546e-76	9.24183778e-97	1.31913186e-117	1.32257584e-138	4.79392156e-159	6.37499742e-179	3.88402002e-199	2.01043517e-219	4.41927700e-240	1.78847138e-261	3.12657796e-282	1.00000000e-300	1.00000000e-300	1.00000000e-300	1.00000000e-300	1.00000000e-300	
4.3	2.04723788e-03	5.93491274e-01	4.04351096e-01	1.10391257e-04	4.18842342e-13	3.77084054e-32	3.04820305e-51	1.91628929e-70	3.03763545e-91	4.83692981e-112	5.70749385e-133	2.40313507e-153	3.72697535e-173	2.65910526e-193	1.55890679e-213	3.95629490e-234	1.98724905e-255	3.47584017e-276	4.86816440e-297	1.00000000e-300	1.00000000e-300	1.00000000e-300	1.00000000e-300	
4.4	4.30833751e-04	2.01813400e-01	7.94848842e-01	2.90692199e-03	2.38441235e-09	7.69082259e-27	7.27402117e-46	5.43575690e-65	1.05851846e-85	1.87302983e-106	2.52958313e-127	1.22844197e-147	2.22612392e-167	1.86558162e-187	1.24417728e-207	3.65273778e-228	2.30680774e-249	4.18265935e-270	6.07561415e-291	1.00000000e-300	1.00000000e-300	1.00000000e-300	1.00000000e-300	
4.5	1.17354881e-04	7.44979474e-02	8.98575589e-01	2.68074443e-02	1.66482331e-06	6.00689638e-20	7.48607410e-37	5.99298245e-56	1.43936825e-76	2.86038997e-97	4.33388480e-118	2.37598123e-138	5.04047950e-158	4.95549280e-178	3.74044624e-198	1.26045352e-218	1.00984122e-239	1.97289331e-260	3.06446490e-281	1.00000000e-300	1.00000000e-300	1.00000000e-300	1.00000000e-300	
4.6	4.39731799e-05	3.60255774e-02	8.24107346e-01	1.39536077e-01	2.87026534e-04	8.55480649e-15	5.81850467e-28	4.61419983e-44	1.36227823e-64	3.08096216e-85	5.20038376e-106	3.10374317e-126	7.72246386e-146	8.88924889e-166	7.51472968e-186	2.86727627e-206	2.92537122e-227	6.35888058e-248	1.08493880e-268	4.98476370e-289	1.00000000e-300	1.00000000e-300	1.00000000e-300	
4.7	1.49278808e-05	1.57493624e-02	5.60831587e-01	4.08970512e-01	1.44336110e-02	6.50961454e-11	2.75782340e-21	5.34636706e-34	7.83626453e-51	3.01560881e-70	5.65263785e-91	3.46158990e-111	1.01200396e-130	1.36460030e-150	1.28219371e-170	5.48327986e-191	7.11985740e-212	1.75335715e-232	3.34522683e-253	1.56438898e-273	1.23157931e-293	1.00000000e-300	1.00000000e-300	
4.8	3.10222976e-06	4.26224162e-03	2.24873096e-01	5.71875634e-01	1.98985878e-01	4.80800120e-08	3.15352642e-16	2.53631279e-26	1.59049758e-39	7.08952397e-55	3.23737587e-72	1.88739658e-92	6.49511707e-112	1.03021711e-131	1.07719802e-151	5.16183732e-172	8.50881292e-193	2.37861711e-213	5.12358047e-234	2.47080292e-254	2.26197719e-274	1.67155170e-294	1.00000000e-300	
4.9	2.99009467e-07	5.42673434e-04	4.22619302e-02	3.18448156e-01	6.38743043e-01	3.89822270e-06	1.47556699e-12	1.45512377e-20	6.95649495e-31	5.21016646e-43	1.00046599e-56	1.29729588e-73	1.10159350e-91	2.06951690e-111	2.43189332e-131	1.31708567e-151	2.75071357e-172	8.65911023e-193	2.11863372e-213	1.06929336e-233	1.14027916e-253	9.76918802e-274	6.99598111e-294	
5	2.35105369e-08	5.69310850e-05	6.57966015e-03	1.29140544e-01	8.64148542e-01	7.42983739e-05	7.60486348e-10	3.68707722e-16	3.41855652e-24	9.28598711e-34	1.35931367e-44	5.06511010e-58	3.61592960e-72	8.10041846e-92	1.08339844e-111	6.69479407e-132	1.76909240e-152	6.22676490e-173	1.74170370e-193	9.30029636e-214	1.15720954e-233	1.15061651e-253	9.51819491e-274	
5.1	2.47581913e-09	8.05440747e-06	1.38761189e-03	6.38941426e-02	9.33996901e-01	7.13178952e-04	1.08585949e-07	1.27083117e-12	7.80621842e-19	2.32835843e-26	6.76374679e-35	1.45233132e-45	1.43878912e-56	3.84889244e-76	5.89253583e-96	4.15608285e-116	1.38475166e-136	5.45680532e-157	1.75572887e-177	9.98231146e-198	1.45172130e-217	1.67697414e-237	1.60354769e-257	
5.2	3.34329384e-10	1.47232697e-06	3.78739677e-04	3.75223936e-02	9.57590720e-01	4.50033519e-03	6.33795755e-06	1.02175195e-09	1.79934069e-14	2.34179774e-20	4.72126228e-27	1.67320983e-35	5.49570865e-44	1.73732851e-63	3.01531586e-83	2.39628386e-103	9.97599490e-124	4.44147407e-144	1.64764493e-164	1.00409215e-184	1.70962555e-204	2.29677555e-224	2.54050668e-244	
5.3	5.18498358e-11	3.10888552e-07	1.19279640e-04	2.36619768e-02	9.55405024e-01	2.06294428e-02	1.83704278e-04	2.61347106e-07	6.88606664e-11	1.91307935e-15	1.18091284e-20	2.59420297e-27	9.05234456e-34	4.83827952e-53	9.29521361e-73	8.16436712e-93	4.18380826e-113	2.12607008e-133	9.06639692e-154	5.99375722e-174	1.19686518e-193	1.87193576e-213	2.39694604e-233	
5.4	8.54064572e-12	6.97549326e-08	3.97808254e-05	1.48899474e-02	9.10519323e-01	7.15617917e-02	2.96297297e-03	2.60524759e-05	6.21192369e-08	2.10916414e-11	2.10308054e-15	1.32348886e-20	1.98597044e-25	1.65274145e-40	1.86345340e-57	1.80672461e-76	1.12128381e-96	6.53424987e-117	3.18770331e-137	2.32961348e-157	5.46509962e-177	9.96164811e-197	1.47774158e-216	
5.5	1.35916913e-12	1.50929714e-08	1.27277662e-05	8.55722317e-03	7.77773297e-01	1.84796484e-01	2.77131664e-02	1.13050396e-03	1.65389431e-05	4.42969945e-08	4.31993419e-11	4.23267350e-15	1.33482303e-18	2.42831427e-30	1.19280835e-43	1.09332378e-58	1.16512189e-75	3.14396397e-94	1.75317235e-114	1.45017317e-134	4.00371380e-154	8.51435529e-174	1.46443976e-193	
5.6	1.77563879e-13	2.66962109e-09	3.30647626e-06	3.83102618e-03	5.13979896e-01	3.18375312e-01	1.41190688e-01	2.11903588e-02	1.40820782e-03	2.10671427e-05	1.35355971e-07	1.27990635e-10	4.84447360e-13	4.06193298e-22	1.61093573e-32	2.24637830e-44	8.45967612e-58	1.48415568e-72	9.44293821e-89	1.34237137e-106	2.93678407e-125	7.29456375e-145	1.45594263e-164	
5.7	1.45404002e-14	2.94284386e-10	5.30943737e-07	1.02337581e-03	2.01666756e-01	2.89443409e-01	3.22663644e-01	1.47592079e-01	3.52915705e-02	2.24836418e-03	6.98156193e-05	4.41181655e-07	1.28650290e-08	1.43567789e-15	1.21144487e-23	6.05875363e-33	1.59617737e-43	3.14916471e-55	3.96367966e-68	2.39954722e-82	3.57148084e-97	1.03731955e-116	2.40480988e-136	
5.8	5.55990041e-16	1.50603606e-11	3.92098779e-08	1.21953911e-04	3.51927851e-02	1.06459277e-01	2.62600396e-01	3.14390660e-01	2.25653495e-01	4.95202363e-02	5.84521292e-03	1.87588001e-04	2.83573196e-05	1.54336698e-10	9.56752206e-17	5.42746393e-24	2.75925128e-32	1.53033020e-41	8.59598588e-52	4.28812933e-63	7.49398461e-75	2.54821163e-94	6.86838387e-114	
5.9	8.82231563e-18	3.19227665e-13	1.18725102e-09	5.80171390e-06	2.44282916e-03	1.44306560e-02	7.13536308e-02	1.97806133e-01	3.70198493e-01	2.37347464e-01	8.85488152e-02	1.17136690e-02	6.15178782e-03	7.18945453e-07	1.38729748e-11	3.53481166e-17	1.23747800e-23	6.45234469e-31	4.96867351e-39	5.53176013e-48	2.81081054e-57	1.12036708e-76	3.51472275e-96	
6	5.32030556e-20	2.57287728e-15	1.35313743e-11	1.01477683e-07	6.19090255e-05	6.71578517e-04	6.17164154e-03	3.59079356e-02	1.56966870e-01	2.58681310e-01	2.64355288e-01	1.20967511e-01	1.56015518e-01	2.00277040e-04	5.94383369e-08	3.20314902e-12	3.36394104e-17	6.90398680e-23	2.85000437e-29	2.50108469e-36	1.21880857e-43	5.70232187e-63	2.08444862e-82	
6.1	1.10005317e-22	7.10295236e-18	5.23213561e-14	5.90134689e-10	5.17525316e-07	9.80247381e-06	1.58037535e-04	1.78469122e-03	1.66932931e-02	6.38550572e-02	1.59163258e-01	2.13973683e-01	5.39886118e-01	4.46413520e-03	1.13982628e-05	7.00751870e-09	1.12242806e-12	4.49226633e-17	4.69127737e-22	1.41054424e-27	2.73015727e-33	1.50143110e-52	6.40318276e-72	
6.2	1.86587665e-25	1.59931625e-20	1.63601331e-16	2.72763207e-12	3.41964083e-09	1.08418762e-07	2.93188521e-06	6.03897051e-05	1.12539152e-03	9.18543347e-03	5.05442291e-02	1.70828066e-01	7.41466974e-01	2.64195014e-02	3.65418978e-04	1.54996055e-06	2.17884356e-09	9.55668825e-13	1.37916177e-16	7.24916593e-21	2.76501052e-25	1.79010269e-44	8.91885153e-64	
6.3	4.37040966e-28	4.92482002e-23	6.94348726e-19	1.68579689e-14	3.00635267e-11	1.53937596e-09	6.73442865e-08	2.40571019e-06	8.41341071e-05	1.36434450e-03	1.51751022e-02	1.11937740e-01	7.77019836e-01	8.95805568e-02	4.74178596e-03	9.32853811e-05	7.38547289e-07	2.21130617e-09	2.70327642e-12	1.43643328e-15	6.18455435e-19	1.23339108e-35	9.49643981e-54	
6.4	1.41022219e-30	2.06495725e-25	3.98503818e-21	1.39069800e-16	3.51060037e-13	2.81498810e-11	1.93335105e-09	1.14870030e-07	7.15971783e-06	2.16872847e-04	4.51205471e-03	6.44981320e-02	6.85856217e-01	2.09535806e-01	3.30669270e-02	2.23496305e-03	7.07533126e-05	9.90499087e-07	6.90811744e-09	2.37981415e-11	7.42387744e-14	3.45264492e-27	9.65414140e-42	
6.5	5.37626896e-33	1.01073643e-27	2.65240863e-23	1.31540335e-18	4.67680488e-15	5.71720466e-13	6.00826608e-11	5.73092835e-09	6.08510099e-07	3.26207973e-05	1.18745681e-03	2.99619018e-02	4.75498438e-01	3.34439917e-01	1.31759572e-01	2.45842860e-02	2.41350319e-03	1.18203680e-04	3.43178718e-06	5.38564633e-08	8.55369358e-10	1.99570483e-20	3.97320945e-32	
6.6	1.94335245e-35	4.64298363e-30	1.64615914e-25	1.14846845e-20	5.71226788e-17	1.04017035e-14	1.63563975e-12	2.42943274e-10	4.22388710e-08	3.82329285e-06	2.30275306e-04	9.56056256e-03	2.22809344e-01	3.25701974e-01	2.81715837e-01	1.23875067e-01	3.13403601e-02	4.33003070e-03	4.09061320e-04	2.22630178e-05	1.35933093e-06	4.69444886e-15	1.82390497e-24	
6.7	5.30701492e-38	1.59732885e-32	7.60146095e-28	7.39333300e-23	5.09150476e-19	1.35375125e-16	3.12387728e-14	7.03737196e-12	1.93507584e-09	2.83935400e-07	2.70331582e-05	1.75404761e-03	5.94066364e-02	1.67084414e-01	2.88395759e-01	2.66175117e-01	1.51570403e-01	5.04243385e-02	1.28254126e-02	1.96781909e-03	3.68733950e-04	7.14554248e-11	1.93792453e-18	
6.8	8.87544677e-41	3.33895016e-35	2.11844767e-30	2.84913814e-25	2.68478607e-21	1.02452143e-18	3.41132300e-16	1.13950579e-13	4.80786094e-11	1.10416045e-08	1.60180706e-06	1.56427965e-04	7.64394155e-03	3.89468129e-02	1.24705379e-01	2.21550711e-01	2.56700989e-01	1.82811803e-01	1.08302310e-01	4.00350914e-02	1.91448253e-02	9.61908952e-08	8.04786535e-14	
6.9	7.13139286e-44	3.32454984e-38	2.79273482e-33	5.15547327e-28	6.57725764e-24	3.54919062e-21	1.68040080e-18	8.16298399e-16	5.14895568e-13	1.79630976e-10	3.85628801e-08	5.51242213e-06	3.86442755e-04	3.39784534e-03	1.90555109e-02	6.09679873e-02	1.33069196e-01	1.85539923e-01	2.28935640e-01	1.80523987e-01	1.88104689e-01	1.32263250e-05	1.78520330e-10	
7	3.25410812e-47	1.86146400e-41	2.05552903e-36	5.17326342e-31	8.85903104e-27	6.67466011e-24	4.43657426e-21	3.08219182e-18	2.84224414e-15	1.46879015e-12	4.56108282e-10	9.34616692e-08	9.35322958e-06	1.36294284e-04	1.27724873e-03	6.97857365e-03	2.70103646e-02	6.88043498e-02	1.61905973e-01	2.46974757e-01	4.86611091e-01	2.91862187e-04	3.80061301e-08	
7.1	1.54521807e-50	1.07319982e-44	1.54629899e-39	5.27265950e-34	1.20396641e-29	1.25299956e-26	1.15641930e-23	1.13242608e-20	1.49800380e-17	1.12281485e-14	4.95553657e-12	1.43308300e-09	2.03809176e-07	4.75659030e-06	7.16455946e-05	6.39878506e-04	4.18164354e-03	1.84147444e-02	7.69346766e-02	2.09382954e-01	6.88004743e-01	2.36277828e-03	1.97437593e-06	
7.2	1.01543663e-53	8.46976786e-48	1.58010338e-42	7.25789839e-37	2.19901083e-32	3.13200219e-29	3.97597106e-26	5.42037906e-23	1.01237946e-19	1.08150566e-16	6.69148745e-14	2.69909429e-11	5.43035649e-09	1.97058895e-07	4.62084674e-06	6.50993363e-05	6.89948223e-04	5.02078838e-03	3.50874060e-02	1.59215530e-01	7.88589239e-01	1.12833473e-02	4.38185309e-05	
7.3	9.40295493e-57	9.31647885e-51	2.23255168e-45	1.37396129e-39	5.50175533e-35	1.06363527e-31	1.84203431e-28	3.45909648e-25	9.00252408e-22	1.35085293e-18	1.15894325e-15	6.46120745e-13	1.83000683e-10	1.00580141e-08	3.57663042e-07	7.72136493e-06	1.28392369e-04	1.48790733e-03	1.65573387e-02	1.18468759e-01	8.24521692e-01	3.82924089e-02	5.35413046e-04	
7.4	1.14955974e-59	1.33849584e-53	4.08607806e-48	3.35218342e-42	1.76601080e-37	4.60037152e-34	1.07894561e-30	2.76506783e-27	9.91748011e-24	2.06509542e-20	2.43498157e-17	1.86250992e-14	7.38510575e-12	6.00706084e-10	3.16835855e-08	1.02336735e-06	2.59746797e-05	4.64989164e-04	7.91765938e-03	8.54702675e-02	8.02255484e-01	9.97633490e-02	4.10122025e-03	
7.5	1.70241835e-62	2.30568462e-56	8.88988342e-51	9.67640452e-45	6.67400629e-40	2.32673831e-36	7.34132034e-33	2.54640118e-29	1.24690478e-25	3.56642377e-22	5.73664243e-19	5.98314253e-16	3.30143789e-13	3.89570560e-11	2.99000678e-09	1.41570088e-07	5.35771288e-06	1.44409662e-04	3.64547226e-03	5.74181744e-02	7.12700342e-01	2.04992483e-01	2.10936167e-02	
7.6	2.80399104e-65	4.37493611e-59	2.11159193e-53	3.03606930e-47	2.72856291e-42	1.26499660e-38	5.33646210e-35	2.48640283e-31	1.64872199e-27	6.42123713e-24	1.39992297e-20	1.98016656e-17	1.51104221e-14	2.54141073e-12	2.79188025e-10	1.90393456e-08	1.05282220e-06	4.17967452e-05	1.52555354e-03	3.42060249e-02	5.57606776e-01	3.31566646e-01	7.50521305e-02	
7.7	4.80969859e-68	8.56779428e-62	5.12943535e-56	9.70224408e-50	1.13122922e-44	6.93292231e-41	3.88754383e-37	2.41591352e-33	2.15378974e-29	1.13362357e-25	3.33051115e-22	6.35763030e-19	6.66685398e-16	1.57291262e-13	2.43785968e-11	2.35819592e-09	1.87236844e-07	1.07437044e-05	5.55956038e-04	1.74322534e-02	3.73030830e-01	4.20382143e-01	1.88587883e-01	
7.8	8.39886321e-71	1.69402325e-64	1.24626439e-58	3.08913215e-52	4.65452898e-47	3.75039725e-43	2.78003683e-39	2.28885223e-35	2.72566386e-31	1.92590378e-27	7.58495575e-24	1.94507089e-20	2.78567593e-17	9.09296823e-15	1.96370163e-12	2.65871382e-10	2.98540254e-08	2.43606107e-06	1.75988231e-04	7.61836523e-03	2.14454433e-01	4.27921659e-01	3.49827088e-01	
7.9	1.52762853e-73	3.46229368e-67	3.10034970e-61	1.00340026e-54	1.94711672e-49	2.05245480e-45	2.00106420e-41	2.16880854e-37	3.42974599e-33	3.23382253e-29	1.69906654e-25	5.82762549e-22	1.13326752e-18	5.05761861e-16	1.50582482e-13	2.82129483e-11	4.42199633e-09	5.05989615e-07	5.04079057e-05	2.98413565e-03	1.10776289e-01	3.70531656e-01	5.15657002e-01	
8	3.00914737e-76	7.61103653e-70	8.21658511e-64	3.45990824e-57	8.62163520e-52	1.18352838e-47	1.51066801e-43	2.14251870e-39	4.47589141e-35	5.60141868e-31	3.90881163e-27	1.78570525e-23	4.68988808e-20	2.83255898e-17	1.15235079e-14	2.95913396e-12	6.40230442e-10	1.01508710e-07	1.38076211e-05	1.10963727e-03	5.44143430e-02	2.91529780e-01	6.52932330e-01	
