4	9.68550292e-02	9.03044001e-01	1.00970242e-04	6.74413888e-17	1.80682068e-35	7.26830504e-55	2.37619493e-74	6.79165097e-94	1.56176581e-113	5.19725858e-135	1.51855620e-156	2.07648483e-177	1.57760029e-197	1.29001684e-217	4.62260617e-238	1.62507468e-258	4.63043603e-279	1.24137714e-300	1.00000000e-300	1.00000000e-300	1.00000000e-300	1.00000000e-300	1.00000000e-300	1.00000000e-300	
4.1	1.59028674e-02	9.79387018e-01	4.71011498e-03	4.55725754e-12	1.37953020e-26	6.42568447e-46	2.50808335e-65	8.64471788e-85	2.39116137e-104	1.01525168e-125	3.70914262e-147	5.33533748e-168	4.13332518e-188	3.92040783e-208	1.45061139e-228	5.36559988e-249	1.60546722e-269	4.91363763e-291	1.00000000e-300	1.00000000e-300	1.00000000e-300	1.00000000e-300	1.00000000e-300	1.00000000e-300	
4.2	3.27110419e-03	9.07389615e-01	8.93392510e-02	2.98225288e-08	8.19931445e-19	1.11019570e-37	5.17363915e-57	2.15040553e-76	7.15478207e-96	3.87002281e-117	1.77965631e-138	2.76181183e-159	2.13455230e-179	2.35301050e-199	9.26097693e-220	3.58191784e-240	1.11069631e-260	3.91646000e-282	1.00000000e-300	1.00000000e-300	1.00000000e-300	1.00000000e-300	1.00000000e-300	1.00000000e-300	
4.3	6.12187520e-04	4.96073219e-01	5.03295952e-01	1.86414717e-05	7.38524388e-13	3.22575173e-27	1.79474650e-46	8.99590743e-66	3.60030714e-85	2.46777237e-106	1.42644977e-127	2.40892909e-148	1.82631602e-168	2.34436425e-188	1.01463472e-208	4.12360944e-229	1.32243263e-249	5.46288204e-271	1.08266783e-291	1.00000000e-300	1.00000000e-300	1.00000000e-300	1.00000000e-300	1.00000000e-300	
4.4	1.11779378e-04	1.67324447e-01	8.31182635e-01	1.38112005e-03	1.84614005e-08	3.29973941e-19	2.19192075e-38	1.32489573e-57	6.37812364e-77	5.51335405e-98	3.98035870e-119	7.29833511e-140	5.32962495e-160	7.98223259e-180	3.92037316e-200	1.68727057e-220	5.62365411e-241	2.77694858e-262	5.01123096e-283	1.00000000e-300	1.00000000e-300	1.00000000e-300	1.00000000e-300	1.00000000e-300	
4.5	3.35871370e-05	6.92613766e-02	8.99910752e-01	3.07500556e-02	4.42288818e-05	5.94170231e-13	3.73169379e-31	2.72001238e-50	1.57497445e-69	1.71439973e-90	1.53595274e-111	3.05357183e-132	2.11485233e-152	3.70278372e-172	2.12022590e-192	9.72843982e-213	3.38326383e-233	2.03581738e-254	3.48503387e-275	2.92412769e-296	1.00000000e-300	1.00000000e-300	1.00000000e-300	1.00000000e-300	
4.6	1.13828664e-05	2.92562655e-02	7.24080029e-01	2.32113368e-01	1.45389173e-02	3.67595518e-08	5.02564468e-22	5.32029974e-39	3.69953392e-58	5.07487609e-79	5.62012985e-100	1.22021821e-120	7.94169891e-141	1.62860208e-160	1.11113527e-180	5.47737726e-201	1.99031881e-221	1.48176295e-242	2.51879274e-263	2.62096857e-284	1.00000000e-300	1.00000000e-300	1.00000000e-300	1.00000000e-300	
4.7	1.72771280e-06	5.49236337e-03	2.29616334e-01	3.36306436e-01	4.28517729e-01	6.54091302e-05	2.61040563e-15	3.22856789e-28	6.75703492e-44	1.16394041e-64	1.58448920e-85	3.80994897e-106	2.30276576e-126	5.54152901e-146	4.58094967e-166	2.45636548e-186	9.36428939e-207	8.71323637e-228	1.53234246e-248	1.97175623e-269	7.20044781e-290	1.00000000e-300	1.00000000e-300	1.00000000e-300	
4.8	7.13911228e-08	2.86337391e-04	1.93316059e-02	8.29809869e-02	8.94212691e-01	3.18830691e-03	6.97654981e-11	1.39064814e-20	1.32343543e-32	4.45581504e-49	6.91416841e-68	1.99352786e-88	1.09427476e-108	3.09597301e-128	3.13981742e-148	1.86529717e-168	7.55269715e-189	8.83686095e-210	1.66449947e-230	2.62211790e-251	1.00736004e-271	8.23706453e-292	1.00000000e-300	1.00000000e-300	
4.9	5.28971297e-09	2.74010793e-05	2.93356150e-03	2.97927825e-02	9.32317864e-01	3.49283000e-02	8.56030282e-08	4.27875999e-15	2.48733890e-24	2.69178690e-37	3.34051871e-52	1.91128479e-68	3.17506049e-88	1.05806782e-107	1.32805803e-127	8.93990085e-148	3.92600274e-168	5.79988883e-189	1.20548231e-209	2.29642798e-230	9.45316075e-251	8.99744039e-271	6.92489005e-291	1.00000000e-300	
5	6.47314137e-10	4.41522569e-06	7.43293777e-04	1.59574621e-02	8.14479994e-01	1.68803658e-01	1.11759623e-05	2.91703313e-11	2.01985325e-18	1.35836848e-28	2.14428542e-40	3.27743473e-53	5.69270433e-69	1.38360121e-85	2.16030055e-105	1.68585139e-125	8.23185704e-146	1.54060863e-166	3.62543064e-187	8.27266817e-208	3.69762890e-228	4.10349310e-248	3.66399669e-268	2.74331331e-288	
5.1	7.91737052e-11	7.21276496e-07	1.89959955e-04	8.00795187e-03	5.76100850e-01	4.15394463e-01	3.06037925e-04	1.56751306e-08	4.30652570e-14	4.87288758e-22	2.27846190e-31	1.87162576e-41	5.21237435e-54	5.12005095e-67	9.93794852e-87	9.15172392e-107	5.07419905e-127	1.20510691e-147	3.27532556e-168	8.89937386e-189	4.34457006e-209	5.63125567e-229	5.83945562e-249	5.05226258e-269	
5.2	8.96444130e-12	1.10136186e-07	4.51575131e-05	3.53295465e-03	3.48135366e-01	6.45085073e-01	3.19958198e-03	1.75683167e-06	9.19003932e-11	6.25501148e-17	2.77438602e-24	3.42032054e-32	3.52758314e-42	2.68707793e-52	6.41406885e-72	7.01382065e-92	4.45871146e-112	1.34053043e-132	4.25582780e-153	1.36891316e-173	7.31608763e-194	1.10944452e-213	1.33749875e-233	1.33813972e-253	
5.3	1.00629000e-12	1.67660212e-08	1.06345468e-05	1.47414605e-03	1.98273743e-01	7.81467508e-01	1.87021103e-02	7.17991295e-05	4.19279011e-08	7.67715343e-13	1.33438294e-18	9.01617338e-25	1.09158166e-32	1.73611658e-40	4.97444630e-60	6.40066896e-80	4.64715715e-100	1.75454465e-120	6.52317408e-141	2.46256015e-161	1.44836884e-181	2.57405424e-201	3.61146586e-221	4.18120525e-241	
5.4	1.14290125e-13	2.58814158e-09	2.51834731e-06	5.94882043e-04	1.09483035e-01	8.14937764e-01	7.35486862e-02	1.42693202e-03	6.17744919e-06	1.62491215e-09	5.55981867e-14	9.34449950e-19	5.37379872e-25	6.28906312e-31	2.26357341e-48	7.95570265e-68	6.52331347e-88	3.05656146e-108	1.32798131e-128	5.82693288e-149	3.81731002e-169	7.96447681e-189	1.30185096e-208	1.74548289e-228	
5.5	1.24257146e-14	3.82479399e-10	5.65134626e-07	2.20112322e-04	5.56521132e-02	7.24352429e-01	2.03891895e-01	1.55209707e-02	3.61076631e-04	8.37429537e-07	3.29011953e-10	7.42987880e-14	9.92885835e-19	3.73890466e-23	8.49001353e-37	4.01633925e-52	3.41614139e-69	2.39033379e-88	1.21269027e-108	6.14976327e-129	4.57163490e-149	1.12173871e-168	2.13846591e-188	3.32303993e-208	
5.6	1.14254155e-15	4.77508062e-11	1.05902413e-07	6.61170410e-05	2.30608991e-02	4.98465933e-01	3.77026652e-01	9.23164896e-02	8.93843957e-03	1.24993906e-04	3.68881865e-07	6.93656559e-10	1.22631990e-13	7.75974138e-17	1.89101779e-27	1.76389962e-39	5.62851028e-53	3.62809418e-68	9.41441373e-85	9.05654124e-103	1.60312747e-122	4.63425395e-142	1.03151903e-161	1.85931311e-181	
5.7	7.34175026e-17	4.16032307e-12	1.36781634e-08	1.33568671e-05	6.45049850e-03	2.23454463e-01	4.03497388e-01	2.71617036e-01	8.92758829e-02	5.60152248e-03	8.88770715e-05	9.60628544e-07	1.45141606e-09	9.32263413e-12	5.97035748e-20	2.39884437e-29	5.59003610e-40	5.40500767e-52	3.54146782e-65	1.50879538e-79	2.63477472e-95	1.01768482e-111	2.64784884e-131	5.54110201e-151	
5.8	2.64560604e-18	2.02940221e-13	9.76656823e-10	1.46009393e-06	9.79009077e-04	5.29900186e-02	2.07819162e-01	3.39558329e-01	3.21706226e-01	7.19950223e-02	4.72758068e-03	2.21050324e-04	2.05225694e-06	8.84846497e-08	4.79955455e-14	2.48460029e-21	1.15501896e-29	3.96142970e-39	1.39900385e-49	5.03638222e-61	1.41462741e-73	1.27459781e-86	3.88105846e-106	9.43834878e-126	
5.9	4.92310128e-20	5.10133020e-15	3.55000679e-11	7.97356863e-08	7.43472270e-05	6.16924198e-03	4.86574610e-02	1.74710943e-01	4.18310786e-01	2.79449259e-01	6.19831378e-02	1.01070185e-02	4.50391331e-04	8.73320970e-05	1.58959987e-09	4.04574806e-15	1.33143820e-21	5.12601119e-29	2.85708468e-37	2.33847231e-46	2.49815853e-56	1.12917860e-66	4.02879510e-86	1.13974870e-105	
6	4.76568587e-22	6.65297251e-17	6.61950693e-13	2.19681046e-09	2.84974616e-06	3.57090281e-04	5.31731674e-03	3.87183581e-02	2.10635530e-01	3.65988489e-01	2.34361154e-01	1.13106371e-01	1.98264193e-02	1.16830824e-02	3.33636390e-06	1.91285169e-10	1.93293538e-15	3.31717145e-21	1.09488872e-27	7.17781435e-35	9.23931353e-43	6.17851582e-51	2.58644087e-70	8.52134378e-90	
6.1	1.77963278e-24	3.33679475e-19	4.69760432e-15	2.26960437e-11	4.09307259e-08	7.64605104e-06	2.04082770e-04	2.82306648e-03	3.20001936e-02	1.29810680e-01	2.12195686e-01	2.66223205e-01	1.53279384e-01	2.02962818e-01	4.92862862e-04	3.33785438e-07	5.23223429e-11	1.89537768e-15	1.68601688e-20	3.85140842e-26	2.38120643e-32	8.92708237e-39	4.39072108e-58	1.68669538e-77	
6.2	2.50142305e-27	6.27661318e-22	1.23829793e-17	8.59388553e-14	2.15118547e-10	5.91984697e-08	2.71225510e-06	6.75762276e-05	1.48733243e-03	1.29131579e-02	4.87484814e-02	1.42464057e-01	2.26707369e-01	5.60353292e-01	7.22195860e-03	3.39572520e-05	4.70559535e-08	1.95485257e-11	2.47448817e-15	1.01025192e-19	1.43153135e-24	1.39107228e-29	8.05060610e-49	3.61072016e-68	
6.3	3.34607080e-30	1.11834978e-24	3.06426673e-20	3.01776422e-16	1.04626591e-12	4.19310825e-10	3.17753924e-08	1.36414092e-06	5.50215666e-05	9.51500100e-04	7.62390336e-03	4.70844219e-02	1.76351529e-01	7.31664064e-01	3.54972622e-02	7.64932665e-04	5.95124951e-06	1.72699169e-08	1.84675932e-11	7.86148236e-15	1.40307304e-18	1.91387483e-22	8.55363681e-41	4.48541251e-60	
6.4	6.29521628e-33	2.78536876e-27	1.05089702e-22	1.45241885e-18	6.95639116e-15	4.01468790e-12	4.87243766e-10	3.47041645e-08	2.44345084e-06	7.91820130e-05	1.25240445e-03	1.49929127e-02	1.15018851e-01	7.52647611e-01	1.07899843e-01	7.86137256e-03	2.42008578e-04	3.31640720e-06	1.96707305e-08	5.64584423e-11	7.81450102e-14	9.18714122e-17	1.96761264e-31	2.35751029e-47	
6.5	1.60460522e-35	9.33029255e-30	4.80721765e-25	9.22925842e-21	6.08791888e-17	5.00415293e-14	9.45377611e-12	1.08103999e-09	1.27441534e-07	7.33979878e-06	2.15201545e-04	4.63481795e-03	6.51758301e-02	6.47929039e-01	2.31483518e-01	4.60081924e-02	4.33253469e-03	2.08394864e-04	4.93494274e-06	6.73015302e-08	4.89804779e-10	3.36618906e-12	6.40900283e-24	9.85382281e-37	
6.6	4.70348793e-38	3.56482470e-32	2.48759182e-27	6.57098445e-23	5.94942824e-19	6.89180656e-16	1.97615559e-13	3.52442086e-11	6.70918514e-09	6.55775645e-07	3.37457724e-05	1.22833097e-03	2.91266674e-02	4.29974675e-01	3.38662203e-01	1.57705716e-01	3.77462851e-02	5.12455840e-03	3.78028332e-04	1.85887170e-05	5.24590055e-07	1.54747397e-08	6.87070906e-18	3.29154762e-28	
6.7	1.26416563e-40	1.23716641e-34	1.15957400e-29	4.17573390e-25	5.17056344e-21	8.35759497e-18	3.55757424e-15	9.64535026e-13	2.87210795e-10	4.57648659e-08	3.94298561e-06	2.30562894e-04	8.67689426e-03	1.87530151e-01	2.97272375e-01	2.90293105e-01	1.54377645e-01	5.04545756e-02	9.64750627e-03	1.38168029e-03	1.19675719e-04	1.18405055e-05	4.23396914e-13	2.05320077e-21	
6.8	2.44734649e-43	3.06054412e-37	3.82058035e-32	1.85890314e-27	3.13600753e-23	7.00808326e-20	4.34389817e-17	1.75056199e-14	7.92980130e-12	1.98899416e-09	2.75539579e-07	2.48565387e-05	1.42170135e-03	4.45734716e-02	1.32589408e-01	2.49779392e-01	2.67159349e-01	1.86885386e-01	8.08288235e-02	2.86326885e-02	6.37246125e-03	1.73218135e-03	2.14200771e-09	4.30477310e-16	
6.9	2.65037930e-46	4.18941503e-40	6.90555932e-35	4.49989861e-30	1.03028749e-25	3.15647237e-22	2.80123806e-19	1.64543243e-16	1.10679442e-13	4.23986776e-11	9.12404712e-09	1.22982857e-06	1.03628873e-04	4.68257370e-03	2.47275945e-02	8.42266953e-02	1.67959316e-01	2.30106868e-01	2.03178694e-01	1.57059956e-01	7.83882338e-02	4.95641194e-02	1.08036137e-06	4.42723849e-12	
7	1.34146274e-49	2.65047017e-43	5.71822195e-38	4.94701305e-33	1.53130422e-28	6.38296212e-25	7.99122285e-22	6.72631657e-19	6.57885677e-16	3.75075697e-13	1.21785846e-10	2.39205383e-08	2.90258449e-06	1.88000853e-04	1.68422696e-03	9.84652463e-03	3.44943872e-02	8.64074565e-02	1.43968906e-01	2.20261126e-01	2.21476611e-01	2.81606736e-01	6.30947446e-05	3.00376649e-09	
7.1	4.79337263e-53	1.17053207e-46	3.27571260e-41	3.72955580e-36	1.55479014e-31	8.75813327e-28	1.52702715e-24	1.81470512e-21	2.53408677e-18	2.10334535e-15	1.00567202e-12	2.82340386e-10	4.85132746e-08	4.48096718e-06	6.55532495e-05	6.29973481e-04	3.69320513e-03	1.60137379e-02	4.73289745e-02	1.32556796e-01	2.46103607e-01	5.52778119e-01	8.25212521e-04	2.92134300e-07	
7.2	2.05429950e-56	6.13020412e-50	2.20480850e-44	3.27445139e-39	1.83145513e-34	1.38574150e-30	3.32769986e-27	5.51240220e-24	1.08155256e-20	1.28304877e-17	8.85285765e-15	3.50017010e-12	8.41175331e-10	1.10259713e-07	2.55010519e-06	3.88708552e-05	3.66431101e-04	2.62941896e-03	1.31119932e-02	6.30378585e-02	2.00959608e-01	7.14818898e-01	5.02497136e-03	9.28917351e-06	
7.3	1.24056831e-59	4.47282236e-53	2.04799635e-47	3.93172835e-42	2.93947642e-37	2.97101660e-33	9.73121297e-30	2.22246742e-26	6.04215223e-23	1.00884412e-19	9.87795872e-17	5.43628595e-14	1.81038318e-11	3.35097656e-09	1.19086442e-07	2.79562807e-06	4.10200210e-05	4.69495820e-04	3.79181407e-03	2.96612889e-02	1.52833650e-01	7.93097714e-01	1.99564099e-02	1.45689666e-04	
7.4	1.03516700e-62	4.45828653e-56	2.57348472e-50	6.32757273e-45	6.30050690e-40	8.46372488e-36	3.74827770e-32	1.16893843e-28	4.35026068e-25	1.00937574e-21	1.38305231e-18	1.04961790e-15	4.80819868e-13	1.24997380e-10	6.65553353e-09	2.34804488e-07	5.22166093e-06	9.24714326e-05	1.16967067e-03	1.42493310e-02	1.12996847e-01	8.11109321e-01	5.90136032e-02	1.36329229e-03	
7.5	1.11199797e-65	5.65477602e-59	4.07394245e-53	1.27079027e-47	1.67933915e-42	2.98418340e-38	1.77273138e-34	7.48441010e-31	3.77137305e-27	1.20311161e-23	2.28030164e-20	2.36805680e-17	1.48316570e-14	5.38326856e-12	4.20116515e-10	2.18105614e-08	7.18808088e-07	1.91992380e-05	3.69908590e-04	6.77595933e-03	7.96143750e-02	7.67678789e-01	1.37132888e-01	8.40814020e-03	
7.6	1.41748358e-68	8.41349405e-62	7.48801674e-56	2.93476097e-50	5.12980247e-45	1.20051503e-40	9.49401915e-37	5.38418088e-33	3.63691648e-29	1.58068613e-25	4.10361522e-22	5.79320965e-19	4.93506082e-16	2.48531333e-13	2.78950271e-11	2.09266193e-09	1.00258101e-07	3.95102058e-06	1.13232248e-04	3.03292281e-03	5.13193311e-02	6.55894816e-01	2.53750127e-01	3.58855183e-02	
7.7	1.99064879e-71	1.36378971e-64	1.48388992e-58	7.23588238e-53	1.66760062e-47	5.11876510e-43	5.34983260e-39	4.04550994e-35	3.62885089e-31	2.13183338e-27	7.51727500e-24	1.43432237e-20	1.65396655e-17	1.14835343e-14	1.82218697e-12	1.94438210e-10	1.33184615e-08	7.59850029e-07	3.17393025e-05	1.21593502e-03	2.90184432e-02	4.89373988e-01	3.72014660e-01	1.08344461e-01	
7.8	2.93635230e-74	2.29745017e-67	3.02419705e-61	1.81664192e-55	5.50342919e-50	2.20759746e-45	3.02773149e-41	3.03160286e-37	3.57848191e-33	2.82176370e-29	1.34167808e-25	3.44189050e-22	5.34879182e-19	5.08775659e-16	1.12406010e-13	1.68268686e-11	1.62419925e-09	1.31971853e-07	7.89546346e-06	4.25196545e-04	1.40971854e-02	3.13615869e-01	4.34177492e-01	2.37676229e-01	
7.9	4.53187165e-77	4.00955957e-70	6.31881804e-64	4.62944625e-58	1.83827514e-52	9.60528656e-48	1.71706793e-43	2.26132674e-39	3.48141803e-35	3.66172095e-31	2.33251170e-27	8.00640734e-24	1.66964895e-20	2.16274045e-17	6.56625600e-15	1.36268977e-12	1.83048895e-10	2.08839458e-08	1.76273845e-06	1.31619347e-04	5.99549471e-03	1.76161066e-01	4.18091300e-01	3.99618736e-01	
8	7.53654736e-80	7.47156454e-73	1.39529355e-66	1.23443907e-60	6.40736325e-55	4.34887448e-50	1.00675044e-45	1.73291451e-41	3.44955700e-37	4.81219298e-33	4.08293859e-29	1.86684983e-25	5.20277583e-22	9.12625217e-19	3.76491649e-16	1.07230229e-13	1.98344223e-11	3.13903812e-09	3.69009806e-07	3.77815252e-05	2.34456415e-03	9.10836211e-02	3.52606116e-01	5.53927545e-01	
