4	9.79260334e-01	2.07395955e-02	7.08532999e-08	6.74241297e-24	3.06467745e-42	9.57711703e-61	2.13774934e-79	2.97736676e-98	2.30803625e-117	1.15401813e-136	3.31614404e-156	2.38571514e-176	5.56331212e-197	2.41883136e-217	8.60794077e-238	2.58496720e-258	3.24013151e-280	1.00000000e-300	1.00000000e-300	1.00000000e-300	1.00000000e-300	1.00000000e-300	1.00000000e-300	1.00000000e-300	1.00000000e-300	1.00000000e-300	1.00000000e-300	1.00000000e-300	1.00000000e-300	1.00000000e-300	1.00000000e-300	
4.1	7.82092428e-01	2.17883562e-01	2.40099254e-05	3.60219768e-17	1.92219727e-35	7.05745718e-54	1.85084503e-72	3.06087202e-91	2.77622560e-110	1.63051302e-129	5.54044106e-149	4.75150171e-169	1.21458724e-189	6.35769746e-210	2.73774350e-230	9.93913073e-251	1.41618564e-272	3.20753046e-294	1.00000000e-300	1.00000000e-300	1.00000000e-300	1.00000000e-300	1.00000000e-300	1.00000000e-300	1.00000000e-300	1.00000000e-300	1.00000000e-300	1.00000000e-300	1.00000000e-300	1.00000000e-300	1.00000000e-300	
4.2	2.95756061e-01	7.02985152e-01	1.25878738e-03	2.87542904e-12	4.84800505e-28	2.09113557e-46	6.44324417e-65	1.26526174e-83	1.34273628e-102	9.26318885e-122	3.72203961e-141	3.80510116e-161	1.04235925e-181	6.56885625e-202	3.42281243e-222	1.50223501e-242	2.48055253e-264	6.26070146e-286	1.00000000e-300	1.00000000e-300	1.00000000e-300	1.00000000e-300	1.00000000e-300	1.00000000e-300	1.00000000e-300	1.00000000e-300	1.00000000e-300	1.00000000e-300	1.00000000e-300	1.00000000e-300	1.00000000e-300	
4.3	6.39951558e-02	9.19660283e-01	1.63445543e-02	7.24983170e-09	1.09640717e-20	2.44205466e-38	8.84040088e-57	2.06132895e-75	2.55951564e-94	2.07409455e-113	9.85481933e-133	1.20097534e-152	3.49230380e-173	2.64961898e-193	1.67061934e-213	8.86406578e-234	1.73380938e-255	4.91104308e-277	2.48028721e-298	1.00000000e-300	1.00000000e-300	1.00000000e-300	1.00000000e-300	1.00000000e-300	1.00000000e-300	1.00000000e-300	1.00000000e-300	1.00000000e-300	1.00000000e-300	1.00000000e-300	1.00000000e-300	
4.4	1.33339876e-02	8.80463804e-01	1.06199728e-01	2.47982232e-06	3.72544117e-15	1.89370932e-28	8.05052681e-47	2.22893293e-65	3.23822665e-84	3.08232276e-103	1.73180740e-122	2.51584914e-142	7.71162772e-163	7.04399763e-183	5.37418470e-203	3.44722205e-223	8.15242913e-245	2.63546083e-266	1.48366332e-287	1.00000000e-300	1.00000000e-300	1.00000000e-300	1.00000000e-300	1.00000000e-300	1.00000000e-300	1.00000000e-300	1.00000000e-300	1.00000000e-300	1.00000000e-300	1.00000000e-300	1.00000000e-300	
4.5	2.54713051e-03	6.20633483e-01	3.76613094e-01	2.06292452e-04	4.91078016e-11	6.47305233e-21	3.04333087e-35	1.00019419e-53	1.70015756e-72	1.90089385e-91	1.26292652e-110	2.18707132e-130	6.93131132e-151	7.62232878e-171	7.03692683e-191	5.45671635e-211	1.58300591e-232	5.93789023e-254	3.82618208e-275	4.70397714e-296	1.00000000e-300	1.00000000e-300	1.00000000e-300	1.00000000e-300	1.00000000e-300	1.00000000e-300	1.00000000e-300	1.00000000e-300	1.00000000e-300	1.00000000e-300	1.00000000e-300	
4.6	3.87129192e-04	2.91927254e-01	7.02637489e-01	5.04806934e-03	5.76390060e-08	2.68629369e-15	5.33378409e-26	5.15377353e-40	1.02448486e-58	1.34518151e-77	1.05680982e-96	2.18163426e-116	6.92498766e-137	9.16834389e-157	1.02419914e-176	9.59841747e-197	3.43496204e-218	1.50683987e-239	1.12653345e-260	1.42396931e-281	1.00000000e-300	1.00000000e-300	1.00000000e-300	1.00000000e-300	1.00000000e-300	1.00000000e-300	1.00000000e-300	1.00000000e-300	1.00000000e-300	1.00000000e-300	1.00000000e-300	
4.7	5.26907585e-05	1.06692381e-01	8.42484647e-01	5.07575018e-02	1.27791930e-05	4.47891752e-11	5.32109732e-19	2.17884645e-29	3.07021644e-44	3.47904397e-62	3.22992022e-81	7.94814683e-101	2.45771340e-121	3.91738018e-141	5.29519529e-161	5.98229137e-181	2.63508044e-202	1.34789481e-223	1.16121749e-244	1.55082507e-265	1.34355486e-285	1.00000000e-300	1.00000000e-300	1.00000000e-300	1.00000000e-300	1.00000000e-300	1.00000000e-300	1.00000000e-300	1.00000000e-300	1.00000000e-300	1.00000000e-300	
4.8	6.62162420e-06	3.20754568e-02	7.13581225e-01	2.53538284e-01	7.98334643e-04	7.85450572e-08	9.75986858e-14	2.45443398e-21	1.74371281e-32	4.09667378e-46	3.50333653e-63	1.02687454e-82	3.05757562e-103	5.86408625e-123	9.58628881e-143	1.28838444e-162	6.94790323e-184	4.10984782e-205	3.98395485e-226	5.71236107e-247	5.77680713e-267	1.70456064e-287	1.00000000e-300	1.00000000e-300	1.00000000e-300	1.00000000e-300	1.00000000e-300	1.00000000e-300	1.00000000e-300	1.00000000e-300	1.00000000e-300	
4.9	6.48737316e-07	6.83891191e-03	3.79065554e-01	5.98952471e-01	1.51211068e-02	2.13072514e-05	8.03788138e-10	1.99436011e-15	8.32368819e-24	3.79635818e-34	3.54082887e-47	2.26406200e-62	7.99209799e-82	1.82976817e-101	3.59035028e-121	5.46449004e-141	3.59543770e-162	2.44605903e-183	2.60034531e-204	4.03160563e-225	4.76919502e-245	1.80004945e-265	6.37598676e-286	1.00000000e-300	1.00000000e-300	1.00000000e-300	1.00000000e-300	1.00000000e-300	1.00000000e-300	1.00000000e-300	1.00000000e-300	
5	5.10911664e-08	1.08368549e-03	1.35423548e-01	7.56040001e-01	1.06179753e-01	1.27230726e-03	6.54449371e-07	4.35344987e-11	1.67204539e-17	1.78663632e-25	1.83195167e-35	4.72303426e-47	2.24346303e-62	5.78197219e-82	1.28925471e-101	1.94626812e-121	1.56171213e-142	1.22312630e-163	1.40676385e-184	2.35942755e-205	3.27177514e-225	1.57237917e-245	6.04556602e-266	1.34897492e-286	1.00000000e-300	1.00000000e-300	1.00000000e-300	1.00000000e-300	1.00000000e-300	1.00000000e-300	1.00000000e-300	
5.1	3.54152695e-09	1.41527730e-04	3.67410007e-02	5.97607152e-01	3.42602807e-01	2.28152997e-02	9.21329990e-05	7.58863507e-08	8.56604427e-13	5.39790313e-19	8.90058199e-27	1.33190574e-35	1.18775609e-47	1.73101380e-63	7.32988582e-81	3.30791561e-100	3.23038634e-121	2.92287108e-142	3.63702673e-163	6.56967879e-184	1.07014409e-203	6.51569396e-224	2.76917132e-244	7.09681808e-265	1.08333647e-285	1.00000000e-300	1.00000000e-300	1.00000000e-300	1.00000000e-300	1.00000000e-300	1.00000000e-300	
5.2	2.08543756e-10	1.48561072e-05	7.48839712e-03	3.01599109e-01	5.44492396e-01	1.43326399e-01	3.05999308e-03	1.88453403e-05	3.10312423e-09	4.90724172e-14	3.82614204e-20	6.28866841e-27	2.20520194e-36	6.83770084e-49	1.22856501e-62	4.53989174e-78	3.39697039e-96	9.10043104e-116	1.83048606e-136	3.54419103e-157	6.79583496e-177	5.21833292e-197	2.50434702e-217	7.41442182e-238	1.34054769e-258	3.07144538e-279	6.11352139e-300	1.00000000e-300	1.00000000e-300	1.00000000e-300	1.00000000e-300	
5.3	1.05368353e-11	1.27744751e-06	1.18228336e-03	1.03277168e-01	4.77839601e-01	3.84129964e-01	3.25267993e-02	1.04138618e-03	1.52060616e-06	3.27804243e-10	5.46866415e-15	3.07412639e-20	1.22479110e-27	1.37684220e-37	1.53951786e-48	6.76495261e-61	2.39957558e-75	5.19228245e-91	1.42380160e-107	2.53534542e-126	2.07934469e-145	2.00453543e-165	1.10989415e-185	3.81020666e-206	8.24003066e-227	2.19644536e-247	5.12517584e-268	1.67611007e-288	1.00000000e-300	1.00000000e-300	1.00000000e-300	
5.4	4.75190161e-13	9.42381154e-08	1.52885784e-04	2.61245769e-02	2.65893640e-01	5.41901916e-01	1.47133148e-01	1.86280695e-02	1.65365661e-04	3.04342505e-07	6.09755362e-11	5.47756228e-15	9.27459883e-21	1.09426851e-28	1.95195677e-37	2.42011760e-47	7.44970225e-59	2.16257140e-71	1.19588867e-84	1.09382325e-99	8.03667264e-115	9.65596898e-135	6.27398004e-155	2.50280441e-175	6.52499247e-196	2.02028413e-216	5.52529142e-237	2.05359943e-257	2.15454640e-277	1.85251272e-297	1.00000000e-300	
5.5	1.80529539e-14	5.66126496e-09	1.54990135e-05	4.80163009e-03	9.65037139e-02	4.37306468e-01	3.24301583e-01	1.31704746e-01	5.30845321e-03	5.78120852e-05	8.94248244e-08	7.50524187e-11	2.50104990e-15	1.24680701e-21	1.30306027e-28	1.52057925e-36	1.05628081e-45	9.90658010e-56	2.43141778e-66	2.09180646e-78	2.24605288e-90	3.31664646e-110	2.54907038e-130	1.18479855e-150	3.74029583e-171	1.34135783e-191	4.29356787e-212	1.82469746e-232	2.24153017e-252	2.24182161e-272	1.90318746e-292	
5.6	4.94149100e-16	2.38124131e-10	1.06744336e-06	5.68376301e-04	2.09539132e-02	1.92632130e-01	3.44944320e-01	3.82418176e-01	5.57667648e-02	2.69231074e-03	2.28216343e-05	1.19452371e-07	4.33526844e-11	4.53551447e-16	1.28718504e-21	6.00730426e-28	3.25679178e-35	3.20472464e-43	1.05611838e-51	2.23934015e-61	8.32222068e-71	1.47765653e-90	1.34027803e-110	7.29133181e-131	2.79267213e-151	1.15602218e-171	4.32486027e-192	2.13011627e-212	3.06914606e-232	3.57422726e-252	3.51347921e-272	
5.7	9.32537854e-18	6.73656601e-12	4.82356248e-08	4.24954036e-05	2.73413057e-03	4.77836103e-02	1.87675398e-01	5.01180734e-01	2.21461219e-01	3.77477025e-02	1.34253429e-03	3.20467108e-05	8.09227534e-08	1.02490543e-11	4.31944589e-16	4.09813602e-21	7.52392731e-27	3.20001306e-33	5.51811140e-40	1.00178148e-47	4.11017366e-55	8.62621428e-74	9.15688313e-94	5.86130550e-114	2.72849831e-134	1.30310736e-154	5.70532376e-175	3.31152307e-195	5.60607120e-215	7.61019258e-235	8.66883012e-255	
5.8	1.22911888e-19	1.30209951e-13	1.46170222e-09	2.06937899e-06	2.24255348e-04	7.10674890e-03	5.67393392e-02	3.31019563e-01	3.85508432e-01	1.93881232e-01	2.34910387e-02	2.00219757e-03	2.50979138e-05	2.48835060e-08	9.65534136e-12	1.08601064e-15	3.49878437e-20	3.19496689e-25	1.37235068e-30	9.27378816e-37	1.70861528e-42	3.05136883e-57	2.24586947e-73	1.03418235e-90	1.62349414e-109	1.81501956e-129	9.35577094e-150	6.50284346e-170	1.29574851e-189	2.05261237e-209	2.71165594e-229	
5.9	1.06744454e-21	1.62676734e-15	2.82577020e-11	6.27873163e-08	1.11850670e-05	6.20175971e-04	9.47727875e-03	1.11802992e-01	3.07209002e-01	3.95667124e-01	1.38679746e-01	3.48439371e-02	1.67925711e-03	9.21612921e-06	2.25140804e-08	1.95020777e-11	6.56461616e-15	7.41302675e-19	4.42889047e-23	5.82414476e-28	2.40445624e-32	5.92924076e-44	9.63100010e-57	1.56047441e-70	1.57257593e-85	1.74390570e-101	1.62930008e-118	1.01755006e-136	1.46710947e-155	2.71510960e-175	4.16343563e-195	
6	5.83402269e-24	1.25859293e-17	3.34666267e-13	1.14367279e-09	3.29204021e-07	3.10720590e-05	8.65865831e-04	1.94088475e-02	1.15105405e-01	3.39411899e-01	3.02376264e-01	1.92745515e-01	2.93689920e-02	6.78062318e-04	7.71045117e-06	3.64266086e-08	8.51629929e-11	7.71348006e-14	4.07428486e-17	6.36892261e-21	3.44825558e-24	2.76415867e-33	2.14041532e-43	2.40924930e-54	2.74003141e-66	4.85728891e-79	1.09951871e-92	2.82204679e-107	2.30446564e-122	4.98821521e-142	8.88688103e-162	
6.1	2.04531759e-26	6.15865836e-20	2.47998009e-15	1.28002489e-11	5.86280614e-09	9.21619960e-07	4.50127885e-05	1.82234676e-03	2.16889553e-02	1.33910903e-01	2.73424956e-01	3.93155441e-01	1.62690277e-01	1.27204014e-02	5.30268623e-04	1.03873948e-05	1.22670695e-07	6.36939037e-10	2.10031649e-12	2.68700131e-15	1.21493130e-17	9.81991565e-25	1.06297048e-32	2.28319401e-41	7.32149890e-51	4.86121694e-61	5.78019124e-72	1.18137434e-83	9.78496754e-96	2.48037809e-115	5.13918881e-135	
6.2	5.27576400e-29	2.18833043e-22	1.32197233e-17	1.01400795e-13	7.27808447e-11	1.86961658e-08	1.55009677e-06	1.08664310e-04	2.44403400e-03	2.94043265e-02	1.26500004e-01	3.74169842e-01	3.72940832e-01	8.31837277e-02	1.05256873e-02	6.88424543e-04	3.21367995e-05	7.39402003e-07	1.16550762e-08	9.03431290e-11	2.21420729e-12	6.85436362e-18	3.84064639e-24	5.58605881e-31	1.66603191e-38	1.30185930e-46	2.40942285e-55	1.06366994e-64	2.27829299e-74	6.77196738e-94	1.63354707e-113	
6.3	1.09885791e-31	6.20003260e-25	5.57924594e-20	6.26919225e-16	6.96229903e-13	2.86972410e-10	3.93183022e-08	4.60497729e-06	1.86152257e-04	4.11680286e-03	3.48175059e-02	1.96973592e-01	4.29394488e-01	2.38578109e-01	7.89669297e-02	1.45433413e-02	2.22134668e-03	1.85370813e-04	1.12749783e-05	4.05138976e-07	3.59729920e-08	1.92536850e-12	2.48461138e-17	1.05603697e-22	1.20441921e-28	4.38383081e-35	4.78060922e-42	1.61350769e-49	3.01622132e-57	1.05271984e-76	2.95992174e-96	
6.4	1.67652785e-34	1.27079339e-27	1.69002680e-22	2.74686349e-18	4.66367010e-15	3.03223380e-12	6.69973331e-10	1.27120176e-07	8.85032045e-06	3.42924456e-04	5.38262806e-03	5.49618325e-02	2.42176831e-01	3.00862974e-01	2.31609789e-01	1.05096057e-01	4.52654475e-02	1.16539698e-02	2.27494674e-03	2.94744231e-04	6.88426953e-05	3.41100783e-08	5.26262496e-12	3.29185864e-16	7.01827846e-21	5.64580651e-26	1.66508404e-31	1.87266647e-37	1.28821100e-43	5.28709389e-63	1.73494669e-82	
6.5	1.19636683e-37	1.20267988e-30	2.34148245e-25	5.44312692e-21	1.39609998e-17	1.40807275e-14	4.90912270e-12	1.46870746e-09	1.69749897e-07	1.10690941e-05	3.07223023e-04	5.40317940e-03	4.50910981e-02	1.14845354e-01	1.87225203e-01	1.88322793e-01	2.02542473e-01	1.40377507e-01	7.45426865e-02	2.76439744e-02	1.36479890e-02	3.92358293e-05	4.31067595e-08	2.28247480e-11	5.09971311e-15	4.96587375e-19	2.11836723e-23	4.06822837e-28	5.18279677e-33	2.50527940e-52	9.60797470e-72	
6.6	2.01192528e-41	2.64695026e-34	7.46778359e-29	2.45829228e-24	9.41584264e-21	1.44821542e-17	7.81734159e-15	3.60032681e-12	6.68943024e-10	7.09235552e-08	3.33964261e-06	9.73215056e-05	1.45734867e-03	7.09633792e-03	2.27204838e-02	4.65471333e-02	1.12796504e-01	1.87077178e-01	2.33132587e-01	2.02783469e-01	1.84093542e-01	2.18315383e-03	1.14980197e-05	3.34478597e-08	4.92281734e-11	3.57334756e-14	1.33334438e-17	2.54731504e-21	3.48293331e-25	1.18644051e-41	3.21192630e-59	
6.7	1.67008120e-45	2.83815688e-38	1.14812217e-32	5.30537158e-28	2.99979520e-24	6.92398137e-21	5.68441823e-18	3.94498646e-15	1.14536447e-12	1.91604903e-10	1.47663545e-08	6.89889781e-07	1.77109343e-05	1.55741833e-04	9.21084466e-04	3.58850360e-03	1.79483582e-02	6.43646742e-02	1.65860525e-01	2.88728619e-01	4.41263229e-01	1.68303859e-02	3.16785814e-04	3.65193730e-06	2.46158625e-08	9.07110612e-11	1.98013147e-13	2.43793231e-16	2.31862273e-19	1.28330067e-32	7.66599654e-47	
6.8	1.80339560e-49	3.90847496e-42	2.23946627e-36	1.44125734e-31	1.18762034e-27	4.05403925e-24	4.98036173e-21	5.11050540e-18	2.26093880e-15	5.81182519e-13	7.10280792e-11	5.16969857e-09	2.18792174e-07	3.31195375e-06	3.43766799e-05	2.40649170e-04	2.30600545e-03	1.64045819e-02	7.88626845e-02	2.44289291e-01	5.93805177e-01	6.06432264e-02	3.28965874e-03	1.18010666e-04	2.76319604e-06	3.84122219e-08	3.56882449e-10	2.00957534e-12	9.42162900e-15	1.96358002e-25	5.62234037e-37	
6.9	3.04295402e-53	8.30640413e-46	6.65492922e-40	5.92190819e-35	7.01717339e-31	3.49249514e-27	6.32747385e-24	9.43984848e-21	6.22421300e-18	2.40157986e-15	4.52637543e-13	5.00331769e-11	3.37419210e-09	8.43969211e-08	1.47155485e-06	1.76405739e-05	3.04019947e-04	3.99025299e-03	3.30272059e-02	1.67589445e-01	6.24356097e-01	1.48869033e-01	1.98619507e-02	1.85477240e-03	1.22722774e-04	5.13834599e-06	1.58556577e-07	3.12967409e-09	5.50585471e-11	1.35256084e-19	5.51958965e-29	
7	7.35045356e-57	2.49653347e-49	2.76423173e-43	3.37820282e-38	5.68658093e-34	4.06872011e-30	1.07218868e-26	2.29133341e-23	2.20833949e-20	1.25296544e-17	3.55355132e-15	5.83227629e-13	6.08361554e-11	2.42642907e-09	6.84263354e-08	1.34794438e-06	3.96095821e-05	9.02715431e-04	1.21048357e-02	9.50359697e-02	5.29549691e-01	2.65568206e-01	7.73875790e-02	1.64650834e-02	2.63882745e-03	2.80879840e-04	2.37714961e-05	1.34072862e-06	7.12064335e-08	8.19438759e-15	1.81883356e-22	
7.1	2.10388322e-60	8.78551415e-53	1.33051036e-46	2.21887523e-41	5.25129589e-37	5.33201746e-33	2.01533642e-29	6.08926518e-26	8.43384988e-23	6.91116627e-20	2.88681152e-17	6.89622908e-15	1.08397048e-12	6.68266213e-11	2.94873780e-09	9.21056431e-08	4.41223200e-06	1.66040161e-04	3.44735423e-03	4.02663371e-02	3.30095987e-01	3.21118321e-01	1.86621859e-01	8.17504766e-02	2.82489313e-02	6.72310046e-03	1.34670804e-03	1.85423262e-04	2.49543762e-05	6.45876462e-11	3.62832439e-17	
7.2	5.26955057e-64	2.67387212e-56	5.48802112e-50	1.24123992e-44	4.09425457e-40	5.83380350e-36	3.12118638e-32	1.31819405e-28	2.58510739e-25	3.01180121e-22	1.81848447e-19	6.21275997e-17	1.43860812e-14	1.33430084e-12	8.95113869e-11	4.29781854e-09	3.23193036e-07	1.92667312e-05	5.98978255e-04	1.01320020e-02	1.20791123e-01	2.13832058e-01	2.30841419e-01	1.92463146e-01	1.31103531e-01	6.32089296e-02	2.67258757e-02	7.93995912e-03	2.34330827e-03	7.60659827e-08	5.89425833e-13	
7.3	7.67725266e-68	4.67890380e-60	1.29065700e-53	3.93567137e-48	1.79596677e-43	3.55702019e-39	2.66293418e-35	1.55640982e-31	4.26627751e-28	6.97030088e-25	5.98489026e-22	2.87885110e-19	9.63039620e-17	1.31292832e-14	1.30638360e-12	9.38655497e-11	1.07356553e-08	9.79904284e-07	4.44943416e-05	1.06970171e-03	1.83801845e-02	5.62142393e-02	1.06498793e-01	1.58813506e-01	1.98798179e-01	1.79771858e-01	1.46585031e-01	8.50868487e-02	4.87237223e-02	1.24501133e-05	8.22518248e-10	
7.4	5.71246957e-72	4.13439268e-64	1.52072113e-57	6.21725361e-52	3.89924814e-47	1.06472253e-42	1.10450655e-38	8.85552569e-35	3.35477662e-31	7.59493492e-28	9.14238017e-25	6.10533404e-22	2.90122877e-19	5.69788485e-17	8.23259489e-15	8.65003108e-13	1.46581889e-10	1.99217247e-08	1.29664431e-06	4.37171768e-05	1.07428657e-03	5.43489354e-03	1.72401260e-02	4.37055944e-02	9.50000608e-02	1.51555320e-01	2.21599577e-01	2.31717903e-01	2.32304791e-01	3.22288936e-04	1.23973120e-07	
7.5	3.41945154e-76	2.90716437e-68	1.41427744e-61	7.71143035e-56	6.60378661e-51	2.46857294e-46	3.51919621e-42	3.84036308e-38	1.99068769e-34	6.17967763e-31	1.03001580e-27	9.42923662e-25	6.27322924e-22	1.74401405e-19	3.59276167e-17	5.41159600e-15	1.32983086e-12	2.63013477e-10	2.41884126e-08	1.13257624e-06	3.95160211e-05	3.18860023e-04	1.62892709e-03	6.73225883e-03	2.42538035e-02	6.49368286e-02	1.60370985e-01	2.82552606e-01	4.56597936e-01	2.56287404e-03	4.24716456e-06	
7.6	2.46546451e-80	2.43707144e-72	1.55424036e-65	1.12460120e-59	1.30626070e-54	6.64070074e-50	1.29184225e-45	1.90513859e-41	1.33910816e-37	5.64684623e-34	1.28913243e-30	1.59936112e-27	1.47136963e-24	5.70227786e-22	1.64842191e-19	3.49849688e-17	1.22479534e-14	3.45903899e-12	4.44442004e-10	2.86845622e-08	1.41103289e-06	1.75903865e-05	1.40143625e-04	9.12224934e-04	5.24255656e-03	2.26122884e-02	8.97941561e-02	2.52411279e-01	6.17680933e-01	1.11248155e-02	6.25730721e-05	
7.7	2.41345534e-84	2.74718669e-76	2.27561652e-69	2.17461893e-63	3.40333968e-58	2.33722478e-53	6.16491343e-49	1.22058840e-44	1.15367544e-40	6.55202655e-37	2.02879487e-33	3.37551021e-30	4.24915778e-27	2.26517766e-24	9.06209411e-22	2.66924533e-19	1.31181788e-16	5.20753399e-14	9.26238895e-12	8.19030666e-10	5.64033080e-08	1.05598077e-06	1.27740616e-05	1.27256625e-04	1.13044958e-03	7.59455121e-03	4.65940404e-02	2.00096558e-01	7.09689871e-01	3.42128594e-02	5.40526297e-04	
7.8	3.18828935e-88	4.14221875e-80	4.41443332e-73	5.54567787e-67	1.16183039e-61	1.07066840e-56	3.80473002e-52	1.00510745e-47	1.26739080e-43	9.61659818e-40	4.00287669e-36	8.84405642e-33	1.50959443e-29	1.09394027e-26	5.98294765e-24	2.41351063e-21	1.64476923e-18	9.05757373e-16	2.21295693e-13	2.66709728e-11	2.55291936e-09	7.00379899e-08	1.25701414e-06	1.87013929e-05	2.50047804e-04	2.54374384e-03	2.33490333e-02	1.48118122e-01	7.39705501e-01	8.28507213e-02	3.16279896e-03	
7.9	5.43911799e-92	8.00047081e-84	1.08636143e-76	1.78594553e-70	4.97691499e-65	6.11500770e-60	2.90889474e-55	1.01941741e-50	1.70178696e-46	1.71194492e-42	9.49897688e-39	2.76088252e-35	6.33977741e-32	6.17821412e-29	4.56848359e-26	2.49391501e-23	2.33254327e-20	1.76236676e-17	5.87533167e-15	9.60678223e-13	1.26901888e-10	4.99701932e-09	1.30411363e-07	2.83674564e-06	5.57937116e-05	8.38976295e-04	1.12253899e-02	1.02495344e-01	7.07343723e-01	1.64591687e-01	1.34461139e-02	
8	1.13785470e-95	1.88107986e-87	3.22251940e-80	6.90113804e-74	2.54216706e-68	4.13882392e-63	2.61926000e-58	1.21113068e-53	2.65681024e-49	3.51690752e-45	2.58029399e-41	9.77531108e-38	2.99881198e-34	3.89091839e-31	3.85045254e-28	2.81323141e-25	3.57936505e-22	3.67590415e-19	1.66225970e-16	3.67177603e-14	6.64719759e-12	3.68636829e-10	1.37487378e-08	4.29335654e-07	1.21786847e-05	2.65161578e-04	5.06384775e-03	6.52358419e-02	6.14487009e-01	2.71851328e-01	4.30841890e-02	
