4	9.95691177e-01	4.30882267e-03	2.53648603e-17	1.29550231e-42	8.47925071e-81	7.15830584e-135	1.18879881e-195	4.76090832e-259	1.00000000e-300
4.1	8.64974485e-01	1.35025515e-01	5.43882034e-12	2.18597878e-31	2.85950105e-61	1.12765089e-105	8.23577951e-161	3.89361739e-224	8.41172095e-288
4.2	2.83081287e-01	7.16918686e-01	2.66719886e-08	3.80637919e-23	1.26302922e-46	1.13835616e-81	2.91708887e-125	1.62802147e-188	4.08978690e-252
4.3	4.11495918e-02	9.58840496e-01	9.91207320e-06	8.38142824e-17	5.92572768e-35	2.70861689e-62	2.51541251e-96	4.46378012e-159	1.30390259e-222
4.4	8.70461989e-03	9.90587536e-01	7.07843776e-04	4.85175873e-12	4.62724772e-26	1.72272271e-47	3.82555514e-74	3.76872818e-136	4.61893851e-199
4.5	2.80575567e-03	9.80721449e-01	1.64727733e-02	2.15745861e-08	3.70418794e-19	6.29421231e-36	9.35270016e-57	3.98907093e-118	2.43777432e-179
4.6	9.89750048e-04	8.33485958e-01	1.65508765e-01	1.55264479e-05	1.24789831e-13	1.51644854e-26	1.55649580e-42	9.33343266e-104	9.10048224e-165
4.7	2.91714058e-04	4.70426444e-01	5.28161625e-01	1.12021576e-03	8.66823980e-10	8.68457015e-20	4.23735271e-32	2.23685192e-91	7.54213246e-152
4.8	7.25720751e-05	2.00909042e-01	7.83693064e-01	1.53249878e-02	3.34236381e-07	5.25508373e-15	1.50536696e-24	1.53848531e-77	1.30119367e-134
4.9	1.23788745e-05	5.88351123e-02	7.97316188e-01	1.43747956e-01	8.83652977e-05	2.18018727e-10	3.66627353e-17	7.25347791e-64	1.53866407e-117
5	2.12266769e-06	1.60974048e-02	5.43124220e-01	4.38133281e-01	2.64276001e-03	2.11478393e-07	2.70057999e-12	7.51910254e-50	3.37711741e-94
5.1	2.71616911e-07	3.20650102e-03	2.45162433e-01	7.20433281e-01	3.11485226e-02	4.89665672e-05	2.47086987e-08	1.25116367e-37	6.17978751e-73
5.2	3.17093209e-08	5.65182492e-04	8.80938250e-02	7.47663966e-01	1.60934765e-01	2.71760169e-03	2.46286446e-05	1.36943219e-28	1.39103035e-56
5.3	2.88975775e-09	7.61121371e-05	2.28117489e-02	4.89650302e-01	4.27382189e-01	5.45110087e-02	5.56863605e-03	4.05495612e-21	4.42877112e-43
5.4	1.48161588e-10	5.64300499e-06	3.04776889e-03	1.43432721e-01	4.05260212e-01	2.64733433e-01	1.83520222e-01	1.45048083e-15	7.11890496e-33
5.5	2.26627005e-12	1.23153204e-07	1.14378657e-04	1.07000359e-02	8.33611344e-02	2.11008639e-01	6.94815689e-01	8.37157474e-12	2.08297186e-25
5.6	2.53144100e-14	1.95954543e-09	3.00992686e-06	5.21202530e-04	9.83205112e-03	7.75414956e-02	9.12102235e-01	3.76251512e-09	8.15247864e-20
5.7	3.92541725e-16	4.32293600e-11	1.06769722e-07	3.25050015e-05	1.35170198e-03	2.83692059e-02	9.70246015e-01	4.65692414e-07	2.46011796e-15
5.8	8.06567175e-18	1.26563532e-12	4.93822781e-09	2.57607515e-06	2.24237237e-04	1.14937261e-02	9.88248153e-01	3.13024713e-05	2.06644387e-11
5.9	2.89907898e-19	6.49947892e-14	3.88265835e-10	3.31710911e-07	5.51798286e-05	5.93673983e-03	9.93243462e-01	7.64266370e-04	1.94131246e-08
6	1.80175136e-20	5.81230026e-15	5.20802891e-11	7.03236545e-08	2.07402540e-05	4.14779421e-03	9.87669393e-01	8.15859239e-03	3.40994427e-06
6.1	1.37382179e-21	6.41079224e-16	8.52194486e-12	1.78795808e-08	9.02914483e-06	3.15668651e-03	9.39839030e-01	5.67259562e-02	2.69280352e-04
6.2	1.30498416e-22	8.88233437e-17	1.72356290e-12	5.48340893e-09	4.51478247e-06	2.52581697e-03	7.88846838e-01	2.02086099e-01	6.53672575e-03
6.3	1.13876356e-23	1.13231102e-17	3.16859876e-13	1.50086091e-09	1.96202183e-06	1.64154703e-03	5.21232598e-01	4.10095291e-01	6.70286000e-02
6.4	8.30415620e-25	1.21718656e-18	4.84024135e-14	3.34867516e-10	6.73466810e-07	7.84396904e-04	2.51445571e-01	4.66827708e-01	2.80941650e-01
6.5	4.26769263e-26	9.36316145e-20	5.22822472e-15	5.21843011e-11	1.57398730e-07	2.43250210e-04	8.09792353e-02	3.28823984e-01	5.89953373e-01
6.6	1.88572587e-27	6.25379606e-21	4.89142138e-16	6.95695814e-12	3.06875461e-08	6.16712106e-05	2.25793875e-02	1.79088467e-01	7.98270444e-01
6.7	8.55459550e-29	4.31960663e-22	4.72433362e-17	9.49163918e-13	6.01292644e-09	1.54855873e-05	6.49886368e-03	9.27891860e-02	9.00696459e-01
6.8	4.03461395e-30	3.10033436e-23	4.72657882e-18	1.33097936e-13	1.19646240e-09	3.94269764e-06	1.93901299e-03	4.81039356e-02	9.49953107e-01
6.9	2.22531875e-31	2.60087971e-24	5.49683436e-19	2.14001957e-14	2.67311708e-10	1.12397066e-06	6.73453887e-04	2.72829734e-02	9.72042448e-01
7	1.35671573e-32	2.40977856e-25	7.00911251e-20	3.75341307e-15	6.44086769e-11	3.47458453e-07	2.61396628e-04	1.67030564e-02	9.83035199e-01
7.1	8.53271503e-34	2.30254370e-26	9.31545111e-21	6.85307691e-16	1.60530560e-11	1.11450020e-07	1.06456530e-04	1.05757287e-02	9.89317703e-01
7.2	5.59202232e-35	2.29139559e-27	1.31670251e-21	1.32929181e-16	4.21056461e-12	3.77918822e-08	4.65060533e-05	7.04201884e-03	9.92911437e-01
7.3	3.83748962e-36	2.38673295e-28	1.94629153e-22	2.68802335e-17	1.14970074e-12	1.33962346e-08	2.13486942e-05	4.83098104e-03	9.95147657e-01
7.4	2.80201321e-37	2.64417420e-29	3.05686623e-23	5.79228904e-18	3.32213799e-13	5.02665330e-09	1.04301750e-05	3.42055249e-03	9.96569012e-01
7.5	2.16699457e-38	3.10219750e-30	5.08016662e-24	1.33353349e-18	1.01418551e-13	1.98273790e-09	5.37525451e-06	2.47210289e-03	9.97522520e-01
7.6	1.69495758e-39	3.68016873e-31	8.53146180e-25	3.10462650e-19	3.15673481e-14	7.94247552e-10	2.81608774e-06	1.81748653e-03	9.98179697e-01
7.7	1.33657295e-40	4.40145244e-32	1.44358207e-25	7.28654421e-20	9.96409823e-15	3.21704397e-10	1.49285900e-06	1.35275650e-03	9.98645750e-01
7.8	1.05725349e-41	5.27992161e-33	2.44963315e-26	1.71402578e-20	3.17396607e-15	1.32480721e-10	8.02184083e-07	1.01521546e-03	9.98983982e-01
7.9	8.40928110e-43	6.36846127e-34	4.17733441e-27	4.04862687e-21	1.02760907e-15	5.61914505e-11	4.41540255e-07	7.73131804e-04	9.99226427e-01
8	6.35781614e-44	7.30129628e-35	6.76909794e-28	9.08347450e-22	3.15774200e-16	2.34391685e-11	2.43266033e-07	5.91412983e-04	9.99408344e-01

4	9.95631585e-01	4.36841499e-03	2.55577750e-17	1.32423029e-42	8.56048975e-81	7.01311167e-135	1.73900518e-195	6.81829125e-259	1.00000000e-300
4.1	8.62770308e-01	1.37229692e-01	5.52842271e-12	2.26410425e-31	2.93651947e-61	1.13528099e-105	1.55105879e-160	7.19381656e-224	1.54132294e-287
4.2	2.79182105e-01	7.20817868e-01	2.69720074e-08	3.93072526e-23	1.30018423e-46	1.16004047e-81	4.48853133e-125	2.46243764e-188	6.13722214e-252
4.3	4.01634930e-02	9.59826443e-01	1.00642203e-05	8.71424681e-17	6.15645639e-35	2.81800495e-62	3.24051238e-96	5.66469321e-159	1.64232089e-222
4.4	8.36651717e-03	9.90903626e-01	7.29857164e-04	5.15123861e-12	4.91775873e-26	1.85963968e-47	4.43711103e-74	4.31416068e-136	5.25014920e-199
4.5	2.62994125e-03	9.79945628e-01	1.74244068e-02	2.37478870e-08	4.09996949e-19	7.19500648e-36	1.08791044e-56	4.58743964e-118	2.78485842e-179
4.6	8.93391363e-04	8.21638923e-01	1.77450109e-01	1.75764227e-05	1.43611343e-13	1.83352052e-26	1.87513581e-42	1.11280850e-103	1.07865023e-164
4.7	2.47187772e-04	4.44154270e-01	5.54336992e-01	1.26154961e-03	1.00817306e-09	1.07682155e-19	5.24407052e-32	2.74344307e-91	9.20182892e-152
4.8	5.85371722e-05	1.82612439e-01	8.00309221e-01	1.70194132e-02	3.89534783e-07	6.58829419e-15	1.88176363e-24	1.91168636e-77	1.60835823e-134
4.9	9.49165467e-06	5.14095146e-02	7.91237745e-01	1.57240181e-01	1.03068244e-04	2.76018782e-10	4.62330123e-17	9.11985776e-64	1.92457650e-117
5	1.55880428e-06	1.35168467e-02	5.19055658e-01	4.64408298e-01	3.01737512e-03	2.63430292e-07	3.34959821e-12	9.29438954e-50	4.16201058e-94
5.1	1.91484045e-07	2.58933055e-03	2.25466911e-01	7.37279656e-01	3.46043286e-02	5.95532112e-05	2.99207888e-08	1.50981471e-37	7.44848767e-73
5.2	2.17202912e-08	4.43611145e-04	7.87267378e-02	7.43095595e-01	1.74476361e-01	3.22852571e-03	2.91477846e-05	1.61726209e-28	1.64144768e-56
5.3	1.90068644e-09	5.74150103e-05	1.95637122e-02	4.66278423e-01	4.45487578e-01	6.22651479e-02	6.34772219e-03	4.61683018e-21	5.03636392e-43
5.4	9.08938963e-11	3.97660796e-06	2.43669448e-03	1.27047170e-01	3.93848701e-01	2.81562433e-01	1.95101025e-01	1.54042961e-15	7.54745666e-33
5.5	1.32225419e-12	8.27475007e-08	8.70160656e-05	8.99923489e-03	7.70644913e-02	2.12979791e-01	7.00869384e-01	8.42843369e-12	2.09444689e-25
5.6	1.47291295e-14	1.31538763e-09	2.28245964e-06	4.36049204e-04	9.04910353e-03	7.76587819e-02	9.12853778e-01	3.75862161e-09	8.13655060e-20
5.7	2.29779736e-16	2.92333506e-11	8.13556548e-08	2.72758159e-05	1.24792372e-03	2.83877360e-02	9.70336518e-01	4.65294871e-07	2.45690404e-15
5.8	4.75615826e-18	8.62689038e-13	3.78495200e-09	2.17016527e-06	2.07804540e-04	1.14976191e-02	9.88261105e-01	3.12969530e-05	2.06589582e-11
5.9	1.72430788e-19	4.46509808e-14	2.99576867e-10	2.80729560e-07	5.13308094e-05	5.93647900e-03	9.93247312e-01	7.64577679e-04	1.94244276e-08
6	1.08450894e-20	4.03556757e-15	4.05020488e-11	5.98426011e-08	1.93846580e-05	4.14787443e-03	9.87685662e-01	8.14361527e-03	3.40396642e-06
6.1	8.36629183e-22	4.49806098e-16	6.67862398e-12	1.53022921e-08	8.48326944e-06	3.15695535e-03	9.39834556e-01	5.67306871e-02	2.69302810e-04
6.2	8.01579007e-23	6.27977605e-17	1.35740529e-12	4.71049721e-09	4.25833078e-06	2.52032158e-03	7.87154499e-01	2.03730985e-01	6.58993163e-03
6.3	7.01502407e-24	8.00819316e-18	2.48960710e-13	1.28578817e-09	1.84324918e-06	1.62039851e-03	5.14541815e-01	4.15866891e-01	6.79690506e-02
6.4	5.12582867e-25	8.60532815e-19	3.79301576e-14	2.85989542e-10	6.29621023e-07	7.65105574e-04	2.45240408e-01	4.70720978e-01	2.83272879e-01
6.5	2.70228762e-26	6.79095133e-20	4.19562117e-15	4.55701769e-11	1.50325855e-07	2.40833954e-04	8.01448604e-02	3.29128923e-01	5.90485232e-01
6.6	1.21747505e-27	4.62770039e-21	3.99662656e-16	6.17442666e-12	2.97341407e-08	6.16101680e-05	2.25484353e-02	1.79094581e-01	7.98295344e-01
6.7	5.58668995e-29	3.23636389e-22	3.89915246e-17	8.49154484e-13	5.85845656e-09	1.54828615e-05	6.49661291e-03	9.27894337e-02	9.00698465e-01
6.8	2.65931102e-30	2.34685689e-23	3.92988178e-18	1.19762918e-13	1.17068600e-09	3.94301716e-06	1.93893225e-03	4.81039395e-02	9.49953184e-01
6.9	1.47509525e-31	1.98156259e-24	4.58231917e-19	1.92924531e-14	2.62039022e-10	1.12329252e-06	6.72762558e-04	2.72829923e-02	9.72043122e-01
7	9.03955309e-33	1.84724258e-25	5.85699240e-20	3.39330804e-15	6.32164973e-11	3.47090850e-07	2.61120076e-04	1.67030611e-02	9.83035472e-01
7.1	5.71636550e-34	1.77632440e-26	7.81462071e-21	6.21676071e-16	1.57807409e-11	1.11328854e-07	1.06365591e-04	1.05757297e-02	9.89317793e-01
7.2	3.76703515e-35	1.77908636e-27	1.11166461e-21	1.21051937e-16	4.14751618e-12	3.77693753e-08	4.64793776e-05	7.04201902e-03	9.92911464e-01
7.3	2.59983180e-36	1.86523360e-28	1.65402164e-22	2.46007286e-17	1.13453381e-12	1.33882286e-08	2.13334586e-05	4.83098111e-03	9.95147672e-01
7.4	1.90604102e-37	2.07669208e-29	2.61082359e-23	5.32464715e-18	3.28285862e-13	5.02457301e-09	1.04231115e-05	3.42055251e-03	9.96569019e-01
7.5	1.47539999e-38	2.44061387e-30	4.34635905e-24	1.22813826e-18	1.00263128e-13	1.98326970e-09	5.37475368e-06	2.47210289e-03	9.97522520e-01
7.6	1.15503511e-39	2.90041220e-31	7.31184104e-25	2.86418616e-19	3.12184835e-14	7.94403534e-10	2.81594380e-06	1.81746818e-03	9.98179715e-01
7.7	9.11482679e-41	3.47415508e-32	1.23919236e-25	6.73261614e-20	9.85543387e-15	3.21553970e-10	1.49216095e-06	1.35272208e-03	9.98645785e-01
7.8	7.21002308e-42	4.17099276e-33	2.10443587e-26	1.58501836e-20	3.13917147e-15	1.32367494e-10	8.01558169e-07	1.01518296e-03	9.98984015e-01
7.9	5.72690350e-43	5.02817787e-34	3.58695671e-27	3.74255214e-21	1.01593727e-15	5.61367774e-11	4.41066688e-07	7.73131804e-04	9.99226427e-01
8	4.33203468e-44	5.77252993e-35	5.82024960e-28	8.40724461e-22	3.12561153e-16	2.34459724e-11	2.43303596e-07	5.91412983e-04	9.99408344e-01

4	9.95571041e-01	4.42895881e-03	2.57522903e-17	1.35359439e-42	8.64246508e-81	6.87105883e-135	2.54405971e-195	9.76568925e-259	1.00000000e-300
4.1	8.60533339e-01	1.39466661e-01	5.61963540e-12	2.34504948e-31	3.01563666e-61	1.14296403e-105	2.92132041e-160	1.32920212e-223	2.82442387e-287
4.2	2.75323175e-01	7.24676797e-01	2.72744318e-08	4.05946729e-23	1.33853558e-46	1.18221480e-81	6.90675290e-125	3.72492337e-188	9.21098755e-252
4.3	3.91989276e-02	9.60790853e-01	1.02193080e-05	9.06086953e-17	6.39633498e-35	2.93190645e-62	4.17500980e-96	7.18910854e-159	2.06874868e-222
4.4	8.04088304e-03	9.91206621e-01	7.52495641e-04	5.46877688e-12	5.22608860e-26	2.00714604e-47	5.14564124e-74	4.93786648e-136	5.96671268e-199
4.5	2.46500357e-03	9.79106229e-01	1.84287416e-02	2.61376817e-08	4.53768403e-19	8.22442492e-36	1.26543067e-56	5.27563829e-118	3.18129562e-179
4.6	8.05561416e-04	8.09123130e-01	1.90051433e-01	1.98757139e-05	1.65094474e-13	2.21454948e-26	2.25665134e-42	1.32541223e-103	1.27715533e-164
4.7	2.08879290e-04	4.18195779e-01	5.80178726e-01	1.41661437e-03	1.16916420e-09	1.33129034e-19	6.47082649e-32	3.35488419e-91	1.11940948e-151
4.8	4.71101934e-05	1.65605273e-01	8.15487431e-01	1.88597331e-02	4.52973924e-07	8.24108128e-15	2.34690708e-24	2.37002793e-77	1.98360085e-134
4.9	7.26187767e-06	4.48211040e-02	7.83442632e-01	1.71609050e-01	1.19952371e-04	3.48669514e-10	5.81720660e-17	1.14421667e-63	2.40207130e-117
5	1.14122335e-06	1.13150270e-02	4.94515914e-01	4.90733283e-01	3.43430788e-03	3.27103624e-07	4.14132353e-12	1.14521347e-49	5.11289342e-94
5.1	1.34654553e-07	2.08573461e-03	2.06839403e-01	7.52653166e-01	3.83492776e-02	7.22481799e-05	3.61458727e-08	1.81756696e-37	8.95595583e-73
5.2	1.48435011e-08	3.47415407e-04	7.01967654e-02	7.36871537e-01	1.88722883e-01	3.82696435e-03	3.44197708e-05	1.90572800e-28	1.93271642e-56
5.3	1.24546705e-09	4.31520740e-05	1.67179943e-02	4.42442700e-01	4.62716355e-01	7.08696653e-02	7.21013260e-03	5.23817819e-21	5.70743859e-43
5.4	5.55234135e-11	2.79044405e-06	1.94002250e-03	1.12067731e-01	3.81184251e-01	2.98229478e-01	2.06575726e-01	1.62937690e-15	7.96964922e-33
5.5	7.70861036e-13	5.55547582e-08	6.61493469e-05	7.56292552e-03	7.11898287e-02	2.14801771e-01	7.06379270e-01	8.47779950e-12	2.10387929e-25
5.6	8.56845749e-15	8.82821982e-10	1.73048948e-06	3.64764228e-04	8.32776675e-03	7.77702046e-02	9.13535529e-01	3.75462943e-09	8.12043841e-20
5.7	1.34493699e-16	1.97673753e-11	6.19928126e-08	2.28865804e-05	1.15209414e-03	2.84053272e-02	9.70419165e-01	4.64895197e-07	2.45373701e-15
5.8	2.80470014e-18	5.88064788e-13	2.90121007e-09	1.82824510e-06	1.92574559e-04	1.15014977e-02	9.88272804e-01	3.12922147e-05	2.06539934e-11
5.9	1.02563571e-19	3.06769549e-14	2.31157918e-10	2.37593794e-07	4.77559224e-05	5.93677482e-03	9.93250395e-01	7.64816787e-04	1.94332203e-08
6	6.52715084e-21	2.80192568e-15	3.14976199e-11	5.09231971e-08	1.81171024e-05	4.14795398e-03	9.87701770e-01	8.12870978e-03	3.39787678e-06
6.1	5.09579473e-22	3.15637533e-16	5.23455520e-12	1.30964768e-08	7.97042379e-06	3.15722224e-03	9.39829498e-01	5.67359817e-02	2.69314710e-04
6.2	4.92444312e-23	4.44051616e-17	1.06906874e-12	4.04686576e-09	4.01674835e-06	2.51500487e-03	7.85443238e-01	2.05393636e-01	6.64410021e-03
6.3	4.32080253e-24	5.66299531e-18	1.95585471e-13	1.10138202e-09	1.73141033e-06	1.59935649e-03	5.07845969e-01	4.21640290e-01	6.89126518e-02
6.4	3.16298194e-25	6.08191430e-19	2.97147333e-14	2.44165566e-10	5.88445602e-07	7.46098819e-04	2.39127524e-01	4.74556578e-01	2.85569211e-01
6.5	1.71081208e-26	4.92455308e-20	3.36659531e-15	3.97877630e-11	1.43556241e-07	2.38425302e-04	7.93123090e-02	3.29421392e-01	5.91027730e-01
6.6	7.85930027e-28	3.42433653e-21	3.26534338e-16	5.47938957e-12	2.88087785e-08	6.15445475e-05	2.25158319e-02	1.79099228e-01	7.98323367e-01
6.7	3.64857748e-29	2.42509990e-22	3.21853873e-17	7.59744613e-13	5.70861381e-09	1.54810106e-05	6.49436127e-03	9.27896814e-02	9.00700471e-01
6.8	1.75274914e-30	1.77653002e-23	3.26775315e-18	1.07773620e-13	1.14555033e-09	3.94369226e-06	1.93890746e-03	4.81039407e-02	9.49953207e-01
6.9	9.77513766e-32	1.50947998e-24	3.81969617e-19	1.73922797e-14	2.56868645e-10	1.12261355e-06	6.72071310e-04	2.72830112e-02	9.72043795e-01
7	6.02212804e-33	1.41592073e-25	4.89399999e-20	3.06777970e-15	6.20454183e-11	3.46728591e-07	2.60847545e-04	1.67030656e-02	9.83035740e-01
7.1	3.82921915e-34	1.37030875e-26	6.55534856e-21	5.63914473e-16	1.55123687e-11	1.11206415e-07	1.06273445e-04	1.05757307e-02	9.89317885e-01
7.2	2.53782021e-35	1.38133907e-27	9.38588377e-22	1.10240873e-16	4.08537556e-12	3.77459448e-08	4.64527020e-05	7.04201921e-03	9.92911490e-01
7.3	1.76168621e-36	1.45798525e-28	1.40591586e-22	2.25173182e-17	1.11969818e-12	1.33819640e-08	2.13203934e-05	4.83098117e-03	9.95147685e-01
7.4	1.29686915e-37	1.63133650e-29	2.23022716e-23	4.89522736e-18	3.24408308e-13	5.02243103e-09	1.04160479e-05	3.42055254e-03	9.96569026e-01
7.5	1.00463589e-38	1.92036437e-30	3.71916001e-24	1.13117558e-18	9.91292123e-14	1.98380141e-09	5.37425286e-06	2.47210289e-03	9.97522521e-01
7.6	7.87079657e-40	2.28583547e-31	6.26647065e-25	2.64226624e-19	3.08719126e-14	7.94526907e-10	2.81568437e-06	1.81744983e-03	9.98179734e-01
7.7	6.21580530e-41	2.74224436e-32	1.06367833e-25	6.22065027e-20	9.74802391e-15	3.21421329e-10	1.49154543e-06	1.35268765e-03	9.98645820e-01
7.8	4.91635883e-42	3.29466759e-33	1.80776297e-26	1.46571374e-20	3.10473677e-15	1.32244379e-10	8.00872272e-07	1.01515047e-03	9.98984049e-01
7.9	3.90061573e-43	3.97029663e-34	3.08010214e-27	3.45938744e-21	1.00436274e-15	5.60815182e-11	4.40588611e-07	7.73131805e-04	9.99226428e-01
8	2.95196399e-44	4.56386460e-35	5.00434404e-28	7.78180901e-22	3.09409038e-16	2.34538125e-11	2.43351899e-07	5.91412983e-04	9.99408344e-01

4	9.95564114e-01	4.43588567e-03	2.53563324e-17	1.32658399e-42	8.37230442e-81	6.52128895e-135	4.53141156e-195	1.69309952e-258	1.00000000e-300
4.1	8.59642390e-01	1.40357610e-01	5.59872095e-12	2.33862318e-31	2.98841247e-61	1.13200466e-105	7.77430965e-160	3.45402064e-223	7.25558373e-287
4.2	2.72819124e-01	7.27180849e-01	2.72292049e-08	4.07590430e-23	1.34097424e-46	1.18701059e-81	1.37326567e-124	7.25520747e-188	1.77449676e-251
4.3	3.83540400e-02	9.61635711e-01	1.02485010e-05	9.17825990e-17	6.48556970e-35	3.00206103e-62	6.39700050e-96	1.08249513e-158	3.08271430e-222
4.4	7.73235463e-03	9.91502643e-01	7.65002133e-04	5.65321422e-12	5.42519718e-26	2.13091649e-47	6.59486279e-74	6.23783803e-136	7.46356349e-199
4.5	2.31468342e-03	9.78484109e-01	1.92011797e-02	2.80237760e-08	4.90645518e-19	9.24143487e-36	1.51914376e-56	6.25865125e-118	3.73909770e-179
4.6	7.30238393e-04	7.98538141e-01	2.00709655e-01	2.19651657e-05	1.85833322e-13	2.63488309e-26	2.70607942e-42	1.57255581e-103	1.50269587e-164
4.7	1.78619974e-04	3.96606635e-01	6.01647466e-01	1.56727761e-03	1.33791823e-09	1.63458558e-19	7.93817949e-32	4.08006270e-91	1.35163828e-151
4.8	3.85302529e-05	1.51776729e-01	8.27412111e-01	2.07721044e-02	5.25490836e-07	1.03556354e-14	2.94206003e-24	2.96131395e-77	2.46345783e-134
4.9	5.64816012e-06	3.94726379e-02	7.73297888e-01	1.87083571e-01	1.40255102e-04	4.45819604e-10	7.40897931e-17	1.46030546e-63	3.05033059e-117
5	8.46388559e-07	9.54006735e-03	4.68551194e-01	5.17980255e-01	3.92722671e-03	4.10862845e-07	5.18190733e-12	1.43206083e-49	6.37182214e-94
5.1	9.54627006e-08	1.68700735e-03	1.88250188e-01	7.67282546e-01	4.26914622e-02	8.86562717e-05	4.41950921e-08	2.21661771e-37	1.08975482e-72
5.2	1.01402262e-08	2.71884517e-04	6.18610274e-02	7.28391718e-01	2.04841409e-01	4.59278146e-03	4.11699274e-05	2.27648915e-28	2.30444300e-56
5.3	8.06436753e-10	3.21308276e-05	1.40270446e-02	4.16588907e-01	4.79826028e-01	8.12746474e-02	8.25124140e-03	5.98722713e-21	6.51152405e-43
5.4	3.31411699e-11	1.92259044e-06	1.50653255e-03	9.75929296e-02	3.66064442e-01	3.16101708e-01	2.18732465e-01	1.72305503e-15	8.41243256e-33
5.5	4.37610300e-13	3.65375306e-08	4.90091297e-05	6.27305752e-03	6.52247632e-02	2.16676633e-01	7.11776501e-01	8.54215568e-12	2.11703849e-25
5.6	4.83569571e-15	5.79343943e-10	1.27887422e-06	3.01301871e-04	7.60577452e-03	7.79024382e-02	9.14189202e-01	3.75735271e-09	8.11650435e-20
5.7	7.60439924e-17	1.30435559e-11	4.60530302e-08	1.89715254e-05	1.05636689e-03	2.84296078e-02	9.70494543e-01	4.64632740e-07	2.44916619e-15
5.8	1.58935845e-18	3.90244626e-13	2.16663639e-09	1.52094523e-06	1.77255167e-04	1.15066671e-02	9.88283285e-01	3.12700328e-05	2.06182350e-11
5.9	5.82879702e-20	2.04790913e-14	1.73451479e-10	1.98258325e-07	4.40801053e-05	5.93614932e-03	9.93254625e-01	7.64928156e-04	1.94344232e-08
6	3.74542813e-21	1.88656323e-15	2.38177698e-11	4.27308534e-08	1.68142540e-05	4.14730703e-03	9.87712342e-01	8.12009960e-03	3.39441824e-06
6.1	2.95658024e-22	2.14494965e-16	3.99154097e-12	1.10581651e-08	7.43938146e-06	3.15676098e-03	9.39872685e-01	5.66939827e-02	2.69120921e-04
6.2	2.89085758e-23	3.04519669e-17	8.22239055e-13	3.43865530e-09	3.76805592e-06	2.51327388e-03	7.85027927e-01	2.05797996e-01	6.65703208e-03
6.3	2.56241880e-24	3.91507953e-18	1.51370750e-13	9.40990163e-10	1.63041727e-06	1.59238545e-03	5.05482273e-01	4.23672941e-01	6.92507690e-02
6.4	1.89405037e-25	4.23970206e-19	2.31352183e-14	2.09776909e-10	5.56081064e-07	7.39296975e-04	2.36844558e-01	4.75966301e-01	2.86449288e-01
6.5	1.04430311e-26	3.49649909e-20	2.66557313e-15	3.47021745e-11	1.37408927e-07	2.37514968e-04	7.90536080e-02	3.29506724e-01	5.91202015e-01
6.6	4.87818716e-28	2.47131715e-21	2.62115372e-16	4.83491954e-12	2.78581347e-08	6.15700459e-05	2.25414555e-02	1.79094097e-01	7.98302850e-01
6.7	2.29606985e-29	1.77467224e-22	2.61061275e-17	6.75816156e-13	5.55979860e-09	1.55203810e-05	6.51318385e-03	9.27891891e-02	9.00682101e-01
6.8	1.11419900e-30	1.31325979e-23	2.66999335e-18	9.63521690e-14	1.12020406e-09	3.95293871e-06	1.94404954e-03	4.81078142e-02	9.49944182e-01
6.9	6.23730571e-32	1.11999859e-24	3.12718706e-19	1.55456328e-14	2.50822645e-10	1.12038758e-06	6.71409725e-04	2.72814143e-02	9.72046055e-01
7	3.87482457e-33	1.05917674e-25	4.02715281e-20	2.75359542e-15	6.06909509e-11	3.46380347e-07	2.60585557e-04	1.67023267e-02	9.83036741e-01
7.1	2.48216196e-34	1.03242550e-26	5.42193543e-21	5.08409693e-16	1.52092374e-11	1.11206349e-07	1.06214825e-04	1.05753637e-02	9.89318310e-01
7.2	1.65458258e-35	1.04663957e-27	7.80689015e-22	9.98496975e-17	4.01915858e-12	3.77624412e-08	4.64643298e-05	7.04201913e-03	9.92911479e-01
7.3	1.15517025e-36	1.11087949e-28	1.17594277e-22	2.04849411e-17	1.10319541e-12	1.33851685e-08	2.13293812e-05	4.83098113e-03	9.95147676e-01
7.4	8.54587580e-38	1.24890632e-29	1.87436884e-23	4.47005090e-18	3.19725090e-13	5.02185892e-09	1.04199774e-05	3.42084492e-03	9.96568730e-01
7.5	6.63850770e-39	1.47393885e-30	3.13367382e-24	1.03540777e-18	9.77140370e-14	1.98285159e-09	5.37545827e-06	2.47235017e-03	9.97522272e-01
7.6	5.21608226e-40	1.75920169e-31	5.29477648e-25	2.42519146e-19	3.04568719e-14	7.94108195e-10	2.81551025e-06	1.81748653e-03	9.98179697e-01
7.7	4.13221068e-41	2.11666674e-32	9.01387587e-26	5.72603768e-20	9.62856086e-15	3.21332679e-10	1.49115188e-06	1.35270487e-03	9.98645804e-01
7.8	3.27520457e-42	2.54792225e-33	1.53481506e-26	1.35163218e-20	3.06883207e-15	1.32197293e-10	8.00477741e-07	1.01518297e-03	9.98984016e-01
7.9	2.59844290e-43	3.06981819e-34	2.61455707e-27	3.18933717e-21	9.92406619e-16	5.60120697e-11	4.40119555e-07	7.73131805e-04	9.99226428e-01
8	1.96955935e-44	3.53358755e-35	4.25385171e-28	7.18432845e-22	3.06102533e-16	2.34533990e-11	2.43413605e-07	5.91412983e-04	9.99408344e-01

4	9.95631199e-01	4.36880107e-03	2.43405387e-17	1.25265874e-42	7.87968906e-81	6.20718109e-135	9.71238329e-195	3.54997745e-258	1.00000000e-300
4.1	8.60605508e-01	1.39394492e-01	5.44824722e-12	2.25428751e-31	2.88249816e-61	1.14816241e-105	2.84553908e-159	1.23789058e-222	2.56339811e-286
4.2	2.72688751e-01	7.27311222e-01	2.68719639e-08	4.01127070e-23	1.32408310e-46	1.21489017e-81	3.54870253e-124	1.83737316e-187	4.43381555e-251
4.3	3.78732415e-02	9.62116558e-01	1.02003404e-05	9.15453431e-17	6.51155196e-35	3.11362238e-62	1.21340014e-95	2.01420834e-158	5.66393438e-222
4.4	7.49892997e-03	9.91729185e-01	7.71884816e-04	5.75339449e-12	5.57986311e-26	2.28087208e-47	9.91366220e-74	9.20782806e-136	1.08871901e-198
4.5	2.19214168e-03	9.77989311e-01	1.98185174e-02	2.95191218e-08	5.24692399e-19	1.04266913e-35	1.97609728e-56	8.00418507e-118	4.72934284e-179
4.6	6.68597093e-04	7.89126997e-01	2.10180511e-01	2.38951469e-05	2.07260201e-13	3.14585754e-26	3.35026739e-42	1.91794544e-103	1.81470890e-164
4.7	1.54621767e-04	3.77493587e-01	6.20635586e-01	1.71620386e-03	1.52514959e-09	2.02137296e-19	9.89371707e-32	5.03598618e-91	1.65465875e-151
4.8	3.19523041e-05	1.39968193e-01	8.37225291e-01	2.27739516e-02	6.11324346e-07	1.31896089e-14	3.75709021e-24	3.78566941e-77	3.12963663e-134
4.9	4.44992133e-06	3.49790184e-02	7.61174862e-01	2.03676518e-01	1.65151413e-04	5.80004035e-10	9.61522369e-17	1.91767779e-63	3.98904653e-117
5	6.31703051e-07	8.06339392e-03	4.41692698e-01	5.45719641e-01	4.52311071e-03	5.24566900e-07	6.60043640e-12	1.83278408e-49	8.12437445e-94
5.1	6.77200773e-08	1.36328486e-03	1.70093315e-01	7.80561025e-01	4.78717546e-02	1.10498478e-04	5.49777500e-08	2.75534843e-37	1.34997199e-72
5.2	6.88854948e-09	2.11468053e-04	5.38628330e-02	7.16808870e-01	2.23482262e-01	5.58459070e-03	4.99693317e-05	2.76357246e-28	2.78904862e-56
5.3	5.14346417e-10	2.35837902e-05	1.15316899e-02	3.88076759e-01	4.97055183e-01	9.38074404e-02	9.50534361e-03	6.89628106e-21	7.48277284e-43
5.4	1.93054502e-11	1.29609625e-06	1.13742659e-03	8.35604502e-02	3.49035620e-01	3.34934661e-01	2.31330547e-01	1.82146117e-15	8.87909171e-33
5.5	2.41710304e-13	2.35058770e-08	3.52945521e-05	5.12077681e-03	5.93971922e-02	2.18588458e-01	7.16858255e-01	8.60924964e-12	2.13145864e-25
5.6	2.65348455e-15	3.71988180e-10	9.18514526e-07	2.45006437e-04	6.90900152e-03	7.80586885e-02	9.14786381e-01	3.76257094e-09	8.11928271e-20
5.7	4.18170221e-17	8.42075659e-12	3.32251609e-08	1.54740424e-05	9.63537300e-04	2.84559749e-02	9.70564516e-01	4.64552339e-07	2.44488345e-15
5.8	8.77391343e-19	2.53528126e-13	1.57085315e-09	1.24474770e-06	1.62365448e-04	1.15120009e-02	9.88293133e-01	3.12538584e-05	2.05758573e-11
5.9	3.23543339e-20	1.33917723e-14	1.26356638e-10	1.62762245e-07	4.05243653e-05	5.93692588e-03	9.93257094e-01	7.65273843e-04	1.94327454e-08
6	2.09032955e-21	1.24134319e-15	1.74703610e-11	3.52694600e-08	1.55433518e-05	4.14667776e-03	9.87718502e-01	8.11584903e-03	3.39221985e-06
6.1	1.66308893e-22	1.42267624e-16	2.95274903e-12	9.18644822e-09	6.91766033e-06	3.15598296e-03	9.39952001e-01	5.66163054e-02	2.68784171e-04
6.2	1.64525368e-23	2.04228298e-17	6.14798171e-13	2.87911070e-09	3.52533127e-06	2.51365208e-03	7.85322153e-01	2.05513002e-01	6.64766504e-03
6.3	1.47624498e-24	2.65443005e-18	1.14376917e-13	7.95333769e-10	1.53723267e-06	1.59182556e-03	5.05244618e-01	4.23879379e-01	6.92826388e-02
6.4	1.10469917e-25	2.90489510e-19	1.76498391e-14	1.78919806e-10	5.27874009e-07	7.37433148e-04	2.36273377e-01	4.76309180e-01	2.86679482e-01
6.5	6.19512530e-27	2.43202989e-20	2.06049388e-15	2.99395520e-11	1.31486713e-07	2.37025263e-04	7.90433435e-02	3.29498749e-01	5.91220751e-01
6.6	2.93691079e-28	1.74241974e-21	2.05119279e-16	4.21422484e-12	2.68828737e-08	6.15821911e-05	2.25924682e-02	1.79082546e-01	7.98263376e-01
6.7	1.39963068e-29	1.26602115e-22	2.06552652e-17	5.94144749e-13	5.40840626e-09	1.55720817e-05	6.54165518e-03	9.27890639e-02	9.00653703e-01
6.8	6.86257988e-31	9.45950423e-24	2.13059424e-18	8.52057030e-14	1.09460331e-09	3.96683995e-06	1.95294704e-03	4.81065707e-02	9.49936514e-01
6.9	3.86599529e-32	8.11192924e-25	2.50507479e-19	1.37594348e-14	2.44632260e-10	1.11881777e-06	6.72296751e-04	2.72797753e-02	9.72046809e-01
7	2.43174178e-33	7.76152071e-26	3.25424887e-20	2.45311983e-15	5.93587185e-11	3.46407168e-07	2.60700898e-04	1.67015816e-02	9.83037371e-01
7.1	1.57265138e-34	7.63218368e-27	4.41102597e-21	4.55377574e-16	1.49103241e-11	1.11317519e-07	1.06208411e-04	1.05749963e-02	9.89318684e-01
7.2	1.05100394e-35	7.75069256e-28	6.36224214e-22	8.96154297e-17	3.94193858e-12	3.77480847e-08	4.64433697e-05	7.04222165e-03	9.92911297e-01
7.3	7.37647862e-37	8.26293790e-29	9.62592653e-23	1.84465962e-17	1.08258029e-12	1.33675617e-08	2.13188431e-05	4.83110002e-03	9.95147568e-01
7.4	5.49288832e-38	9.34246305e-30	1.54311988e-23	4.04249424e-18	3.13989307e-13	5.01215135e-09	1.04151835e-05	3.42084494e-03	9.96568735e-01
7.5	4.29122045e-39	1.10788734e-30	2.59228629e-24	9.40388910e-19	9.60422046e-14	1.97801104e-09	5.37228604e-06	2.47235018e-03	9.97522276e-01
7.6	3.39045029e-40	1.32850012e-31	4.40027204e-25	2.21221327e-19	2.99853892e-14	7.92705738e-10	2.81438368e-06	1.81750489e-03	9.98179680e-01
7.7	2.70014120e-41	1.60556374e-32	7.52467637e-26	5.24661108e-20	9.50146801e-15	3.21236020e-10	1.49090436e-06	1.35270487e-03	9.98645804e-01
7.8	2.14764134e-42	1.93783545e-33	1.28466545e-26	1.24173871e-20	3.03198426e-15	1.32208470e-10	8.00237646e-07	1.01518297e-03	9.98984017e-01
7.9	1.70426573e-43	2.33321996e-34	2.18701719e-27	2.92837895e-21	9.79605149e-16	5.59185895e-11	4.39587356e-07	7.73131806e-04	9.99226429e-01
8	1.29556949e-44	2.69114506e-35	3.56532927e-28	6.60928068e-22	3.02678582e-16	2.34501601e-11	2.43541859e-07	5.91421831e-04	9.99408335e-01

4	9.95753715e-01	4.24628509e-03	2.26923109e-17	1.13587340e-42	7.43573241e-81	6.38617562e-135	2.20871273e-194	7.93245484e-258	1.00000000e-300
4.1	8.62957403e-01	1.37042597e-01	5.19353634e-12	2.11258829e-31	2.79953104e-61	1.32942425e-105	1.18484023e-158	5.05068514e-222	1.02271644e-285
4.2	2.74655695e-01	7.25344278e-01	2.62007164e-08	3.86984021e-23	1.32491605e-46	1.38958559e-81	1.10850654e-123	5.60814803e-187	1.32596005e-250
4.3	3.77117513e-02	9.62278187e-01	1.00615294e-05	8.97767939e-17	6.62892595e-35	3.53952218e-62	2.96899046e-95	4.80236969e-158	1.32577912e-221
4.4	7.32281601e-03	9.91904397e-01	7.72786541e-04	5.76045890e-12	5.81130652e-26	2.63818498e-47	1.97432184e-73	1.78329476e-135	2.07421617e-198
4.5	2.08947658e-03	9.77565350e-01	2.03451431e-02	3.06168299e-08	5.68513440e-19	1.26027971e-35	3.22026749e-56	1.26725889e-117	7.38061806e-179
4.6	6.15256677e-04	7.79804734e-01	2.19554357e-01	2.56523441e-05	2.34970567e-13	4.00174809e-26	4.89184596e-42	2.73056023e-103	2.55132408e-164
4.7	1.33971141e-04	3.58505968e-01	6.39502219e-01	1.85784000e-03	1.77113846e-09	2.64958139e-19	1.37984483e-31	6.95453923e-91	2.26067193e-151
4.8	2.63856188e-05	1.28475115e-01	8.46757128e-01	2.47406474e-02	7.24183400e-07	1.77173170e-14	5.23075768e-24	5.39364594e-77	4.41993267e-134
4.9	3.47169774e-06	3.07569413e-02	7.48954633e-01	2.20087150e-01	1.97802513e-04	7.91389837e-10	1.32453953e-16	2.79394523e-63	5.77206137e-117
5	4.64867479e-07	6.74141382e-03	4.16110613e-01	5.71827081e-01	5.31972467e-03	7.02449360e-07	8.87071370e-12	2.53177766e-49	1.11533893e-93
5.1	4.71394105e-08	1.08643468e-03	1.53364752e-01	7.90466713e-01	5.49377830e-02	1.44197474e-04	7.18097642e-08	3.61870423e-37	1.76340801e-72
5.2	4.54494930e-09	1.61085877e-04	4.64426262e-02	6.98393818e-01	2.47906680e-01	7.03286188e-03	6.29231754e-05	3.50815350e-28	3.52569899e-56
5.3	3.12570319e-10	1.66899981e-05	9.23343765e-03	3.52516005e-01	5.16654830e-01	1.10412782e-01	1.11662547e-02	8.16439372e-21	8.83421342e-43
5.4	1.05072755e-11	8.26999400e-07	8.20353252e-04	6.85319205e-02	3.29090892e-01	3.56276082e-01	2.45279926e-01	1.94234747e-15	9.45308936e-33
5.5	1.24465438e-13	1.42314948e-08	2.41399678e-05	3.98930839e-03	5.33830858e-02	2.20607583e-01	7.21995869e-01	8.70743651e-12	2.15315689e-25
5.6	1.35536084e-15	2.24264144e-10	6.24512412e-07	1.89774034e-04	6.19570682e-03	7.82092228e-02	9.15404668e-01	3.77712999e-09	8.14436864e-20
5.7	2.13408965e-17	5.09616772e-12	2.26222532e-08	1.19900962e-05	8.67661769e-04	2.84792988e-02	9.70640561e-01	4.65836814e-07	2.45077680e-15
5.8	4.48180664e-19	1.54118315e-13	1.07254629e-09	9.66169318e-07	1.46950830e-04	1.15159715e-02	9.88304773e-01	3.13376037e-05	2.06247162e-11
5.9	1.65758440e-20	8.17821355e-15	8.66243970e-11	1.26717863e-07	3.68867933e-05	5.93759568e-03	9.93257514e-01	7.67856935e-04	1.94757123e-08
6	1.07875849e-21	7.64371391e-16	1.20558842e-11	2.76450109e-08	1.42401829e-05	4.14809321e-03	9.87709347e-01	8.12489778e-03	3.39389356e-06
6.1	8.65748414e-23	8.84090651e-17	2.05186617e-12	7.25185259e-09	6.38215236e-06	3.15770477e-03	9.39998446e-01	5.65689363e-02	2.68523854e-04
6.2	8.65889349e-24	1.28231928e-17	4.30444669e-13	2.28901843e-09	3.27807346e-06	2.51521620e-03	7.85634616e-01	2.05208856e-01	6.63803120e-03
6.3	7.88634459e-25	1.68607974e-18	8.08812036e-14	6.38029926e-10	1.44099750e-06	1.59115447e-03	5.04973295e-01	4.24120180e-01	6.93139291e-02
6.4	5.99466714e-26	1.86643437e-19	1.26111503e-14	1.44866076e-10	4.98019502e-07	7.34986044e-04	2.35588866e-01	4.76802601e-01	2.86873050e-01
6.5	3.42146503e-27	1.58725192e-20	1.49294729e-15	2.45615970e-11	1.25133305e-07	2.36410070e-04	7.89605659e-02	3.29569543e-01	5.91233356e-01
6.6	1.65004783e-28	1.15644562e-21	1.50773218e-16	3.50130548e-12	2.57958713e-08	6.15562032e-05	2.26229235e-02	1.79083575e-01	7.98231920e-01
6.7	7.99348907e-30	8.54937884e-23	1.54020810e-17	4.99615632e-13	5.22938293e-09	1.56076838e-05	6.56567554e-03	9.27779320e-02	9.00640780e-01
6.8	3.97390684e-31	6.48216809e-24	1.60775524e-18	7.24126601e-14	1.06482210e-09	3.98283033e-06	1.96380969e-03	4.81035525e-02	9.49928654e-01
6.9	2.25917255e-32	5.61367648e-25	1.90467498e-19	1.17848866e-14	2.38709833e-10	1.12294524e-06	6.76733594e-04	2.72850746e-02	9.72037069e-01
7	1.43924187e-33	5.44291330e-26	2.49936103e-20	2.11902058e-15	5.80371647e-11	3.47202884e-07	2.61887196e-04	1.67045350e-02	9.83033231e-01
7.1	9.40085204e-35	5.40872812e-27	3.41651430e-21	3.95852591e-16	1.45799362e-11	1.11385353e-07	1.06431508e-04	1.05764642e-02	9.89316993e-01
7.2	6.30814803e-36	5.51764761e-28	4.95051619e-22	7.80589190e-17	3.84238942e-12	3.76851507e-08	4.64192146e-05	7.04201945e-03	9.92911524e-01
7.3	4.45659884e-37	5.92438927e-29	7.54392172e-23	1.61494723e-17	1.05610382e-12	1.33349905e-08	2.12954105e-05	4.83086246e-03	9.95147829e-01
7.4	3.34453865e-38	6.75419693e-30	1.21951994e-23	3.56386982e-18	3.07131763e-13	4.99912943e-09	1.04049481e-05	3.42055258e-03	9.96569037e-01
7.5	2.63008324e-39	8.06657450e-31	2.06343357e-24	8.34762005e-19	9.40837401e-14	1.97193553e-09	5.36340157e-06	2.47210292e-03	9.97522532e-01
7.6	2.08955300e-40	9.73168703e-32	3.52423406e-25	1.97582980e-19	2.94246146e-14	7.90732706e-10	2.81069475e-06	1.81743477e-03	9.98179754e-01
7.7	1.67248745e-41	1.18260280e-32	6.05999826e-26	4.71210834e-20	9.34117349e-15	3.20826106e-10	1.49049014e-06	1.35271097e-03	9.98645798e-01
7.8	1.33488867e-42	1.43302155e-33	1.03879668e-26	1.11976077e-20	2.98493596e-15	1.32126459e-10	8.00177830e-07	1.01518323e-03	9.98984016e-01
7.9	1.06016747e-43	1.72764211e-34	1.77084102e-27	2.64437343e-21	9.64825368e-16	5.58519891e-11	4.38960335e-07	7.73171335e-04	9.99226390e-01
8	8.07544904e-45	1.99765230e-35	2.89424988e-28	5.98407601e-22	2.98644903e-16	2.34596933e-11	2.43700990e-07	5.91421831e-04	9.99408334e-01

4	9.95833657e-01	4.16634278e-03	2.10719327e-17	1.01277903e-42	7.36545782e-81	7.32453090e-135	4.68622984e-194	1.61177294e-257	1.00000000e-300
4.1	8.64889958e-01	1.35110042e-01	4.90371072e-12	1.95088343e-31	2.86376184e-61	1.82450710e-105	4.54364534e-158	1.85705045e-221	3.64470571e-285
4.2	2.76152412e-01	7.23847563e-01	2.53212756e-08	3.67801426e-23	1.39025613e-46	1.87037665e-81	3.63864484e-123	1.76727614e-186	4.06261037e-250
4.3	3.75020876e-02	9.62488052e-01	9.86060566e-06	8.69948651e-17	7.07225967e-35	4.70547609e-62	8.62176137e-95	1.34041096e-157	3.60907637e-221
4.4	7.14694549e-03	9.92082252e-01	7.70802167e-04	5.72199179e-12	6.34866644e-26	3.54024873e-47	5.04636086e-73	4.38729664e-135	4.99260799e-198
4.5	1.99153853e-03	9.77137480e-01	2.08709498e-02	3.16216032e-08	6.46486793e-19	1.74775750e-35	6.80133126e-56	2.58177067e-117	1.47574710e-178
4.6	5.65123253e-04	7.69566638e-01	2.29840724e-01	2.75148149e-05	2.79464849e-13	5.77575382e-26	9.00835812e-42	4.87230993e-103	4.47961629e-164
4.7	1.15082620e-04	3.38280987e-01	6.59595632e-01	2.00829618e-03	2.14875871e-09	3.88578316e-19	2.30683358e-31	1.15630715e-90	3.70682449e-151
4.8	2.14905046e-05	1.16783915e-01	8.56355658e-01	2.68380428e-02	8.93211049e-07	2.62891064e-14	8.40882941e-24	9.21265472e-77	7.46402462e-134
4.9	2.65551129e-06	2.66796286e-02	7.35741446e-01	2.37330577e-01	2.45691704e-04	1.17679987e-09	2.02790635e-16	4.85579229e-63	9.94218759e-117
5	3.34773044e-07	5.55105472e-03	3.90660977e-01	5.97317887e-01	6.46873072e-03	1.01552640e-06	1.30043734e-11	3.95039509e-49	1.72842191e-93
5.1	3.20218587e-08	8.50309394e-04	1.37484433e-01	7.96501001e-01	6.49628229e-02	2.01300979e-04	1.00813618e-07	5.15320212e-37	2.49846445e-72
5.2	2.89212417e-09	1.19052933e-04	3.94282974e-02	6.70582519e-01	2.80457748e-01	9.32869230e-03	8.36869831e-05	4.77201202e-28	4.77802118e-56
5.3	1.79077415e-10	1.12060847e-05	7.12820559e-03	3.09037897e-01	5.36685429e-01	1.33632597e-01	1.35046652e-02	1.00962515e-20	1.08981771e-42
5.4	5.25835669e-12	4.89676396e-07	5.58047678e-04	5.30489139e-02	3.03831857e-01	3.80965186e-01	2.61595506e-01	2.10656561e-15	1.02370577e-32
5.5	5.83103024e-14	7.96009054e-09	1.54868848e-05	2.91460021e-03	4.67884156e-02	2.22584952e-01	7.27696538e-01	8.88644391e-12	2.19466946e-25
5.6	6.26073794e-16	1.24420569e-10	3.97015457e-07	1.37354451e-04	5.42016046e-03	7.82906984e-02	9.16151386e-01	3.81846746e-09	8.23011384e-20
5.7	9.80325918e-18	2.82184990e-12	1.43455353e-08	8.64781685e-06	7.62923782e-04	2.84843670e-02	9.70743577e-01	4.70052293e-07	2.47537940e-15
5.8	2.05029874e-19	8.52724508e-14	6.79365432e-10	6.95468563e-07	1.29975676e-04	1.15150669e-02	9.88322674e-01	3.15874585e-05	2.08106707e-11
5.9	7.56490958e-21	4.52586231e-15	5.48881173e-11	9.11885952e-08	3.28334665e-05	5.93629277e-03	9.93257035e-01	7.73728310e-04	1.96031667e-08
6	4.97967891e-22	4.28274726e-16	7.69418236e-12	2.00209103e-08	1.27775708e-05	4.14990199e-03	9.87671667e-01	8.16222676e-03	3.40629955e-06
6.1	4.05169650e-23	5.01891927e-17	1.32019373e-12	5.29248056e-09	5.77858849e-06	3.15972329e-03	9.39883236e-01	5.66823152e-02	2.68941688e-04
6.2	4.11470929e-24	7.36799594e-18	2.79340791e-13	1.68596723e-09	3.00037736e-06	2.51545309e-03	7.85470050e-01	2.05367848e-01	6.64364687e-03
6.3	3.80928293e-25	9.81286143e-19	5.30009008e-14	4.74233776e-10	1.33015223e-06	1.58809828e-03	5.04116095e-01	4.24869182e-01	6.94252937e-02
6.4	2.94425343e-26	1.10200207e-19	8.36133515e-15	1.08796158e-10	4.62963476e-07	7.31483143e-04	2.34567699e-01	4.77526970e-01	2.87173384e-01
6.5	1.71232533e-27	9.55366515e-21	1.00685049e-15	1.87396031e-11	1.17586643e-07	2.35681802e-04	7.87327534e-02	3.29704153e-01	5.91327295e-01
6.6	8.41683978e-29	7.09893812e-22	1.03373408e-16	2.71418392e-12	2.44609617e-08	6.14877126e-05	2.26099055e-02	1.79090808e-01	7.98237774e-01
6.7	4.15488960e-30	5.35115802e-23	1.07270121e-17	3.93363524e-13	4.99594397e-09	1.56202543e-05	6.57931095e-03	9.27702380e-02	9.00634826e-01
6.8	2.10313203e-31	4.13345020e-24	1.13593256e-18	5.78684667e-14	1.02453202e-09	3.99455263e-06	1.97296250e-03	4.80964968e-02	9.49926545e-01
6.9	1.21656083e-32	3.64392440e-25	1.36323815e-19	9.55597657e-15	2.31339349e-10	1.12978405e-06	6.81880116e-04	2.72903563e-02	9.72026634e-01
7	7.85788903e-34	3.58357230e-26	1.80721372e-20	1.73448399e-15	5.62910274e-11	3.48261887e-07	2.63628730e-04	1.67074801e-02	9.83028543e-01
7.1	5.20262910e-35	3.61048550e-27	2.49821176e-21	3.27208826e-16	1.41516780e-11	1.11515312e-07	1.07027193e-04	1.05775609e-02	9.89315300e-01
7.2	3.53581044e-36	3.73179474e-28	3.66778188e-22	6.52350029e-17	3.73507283e-12	3.77818793e-08	4.66464776e-05	7.04181548e-03	9.92911500e-01
7.3	2.52911109e-37	4.05788400e-29	5.66070483e-23	1.36431726e-17	1.02958353e-12	1.33819622e-08	2.13998527e-05	4.83050550e-03	9.95148081e-01
7.4	1.91729967e-38	4.67451374e-30	9.24642160e-24	3.03904367e-18	3.00008757e-13	5.01342284e-09	1.04455604e-05	3.42047772e-03	9.96569072e-01
7.5	1.51821996e-39	5.62287061e-31	1.57579445e-24	7.16662012e-19	9.17386118e-14	1.97082849e-09	5.36123541e-06	2.47205381e-03	9.97522583e-01
7.6	1.21452006e-40	6.83201092e-32	2.71064963e-25	1.70805618e-19	2.86861851e-14	7.89062226e-10	2.80621476e-06	1.81741643e-03	9.98179777e-01
7.7	9.78619705e-42	8.35976433e-33	4.69351146e-26	4.10104753e-20	9.11350754e-15	3.20037768e-10	1.48940927e-06	1.35271097e-03	9.98645799e-01
7.8	7.85555178e-43	1.01900300e-33	8.09340186e-27	9.80338514e-21	2.91620714e-15	1.31837480e-10	7.99757663e-07	1.01518323e-03	9.98984017e-01
7.9	6.26528014e-44	1.23400341e-34	1.38592052e-27	2.32493225e-21	9.44807116e-16	5.58076929e-11	4.38263520e-07	7.73183342e-04	9.99226378e-01
8	4.78797815e-45	1.43181433e-35	2.27311282e-28	5.27883792e-22	2.92905768e-16	2.34738499e-11	2.43789242e-07	5.91412982e-04	9.99408343e-01

