4	4.45731914e-01	5.54268065e-01	2.10292534e-08	1.58108972e-22	1.48548125e-43	2.35035403e-77	2.73030448e-119	1.30430635e-182	4.54335499e-246	1.00000000e-300	1.00000000e-300	1.00000000e-300	1.00000000e-300	1.00000000e-300	1.00000000e-300	1.00000000e-300	1.00000000e-300
4.1	6.64641087e-02	9.33530260e-01	5.63122021e-06	9.64433663e-17	1.98857646e-33	1.24870644e-60	1.36939743e-94	7.50108147e-158	2.98491105e-221	8.97097061e-285	1.00000000e-300	1.00000000e-300	1.00000000e-300	1.00000000e-300	1.00000000e-300	1.00000000e-300	1.00000000e-300
4.2	6.52415985e-03	9.92900728e-01	5.75112591e-04	1.07477757e-11	2.34931421e-24	1.80869327e-45	5.01922198e-72	3.15575101e-135	1.43593348e-198	4.92010786e-262	1.00000000e-300	1.00000000e-300	1.00000000e-300	1.00000000e-300	1.00000000e-300	1.00000000e-300	1.00000000e-300
4.3	1.26362130e-03	9.81758694e-01	1.69776244e-02	6.03690684e-08	1.93082347e-17	9.05021536e-34	2.01587669e-54	1.45919413e-117	7.61265717e-181	2.98091361e-244	1.00000000e-300	1.00000000e-300	1.00000000e-300	1.00000000e-300	1.00000000e-300	1.00000000e-300	1.00000000e-300
4.4	8.09470677e-04	8.20400259e-01	1.78754665e-01	3.56061722e-05	2.80928098e-12	7.29377357e-25	8.41415186e-41	7.03524403e-104	4.22055554e-167	1.89364480e-230	6.56080381e-294	1.00000000e-300	1.00000000e-300	1.00000000e-300	1.00000000e-300	1.00000000e-300	1.00000000e-300
4.5	4.67533926e-04	4.91825143e-01	5.06053615e-01	1.65370029e-03	7.26086953e-09	1.30525950e-18	8.84654892e-31	1.37734911e-84	9.53116817e-148	4.91373314e-211	1.95004887e-274	1.00000000e-300	1.00000000e-300	1.00000000e-300	1.00000000e-300	1.00000000e-300	1.00000000e-300
4.6	2.21252195e-04	2.48713850e-01	7.33037527e-01	1.80257308e-02	1.64047611e-06	4.98362395e-14	3.52359727e-23	2.80842388e-57	3.02833089e-110	2.20391094e-165	1.00460887e-228	3.60643621e-292	1.00000000e-300	1.00000000e-300	1.00000000e-300	1.00000000e-300	1.00000000e-300
4.7	9.00068329e-05	1.13990270e-01	7.89789728e-01	9.60304403e-02	9.95543311e-05	1.85004500e-10	3.45841241e-17	8.20065494e-44	1.37977581e-75	7.37848787e-113	3.33842970e-167	1.37451816e-230	4.55168607e-294	1.00000000e-300	1.00000000e-300	1.00000000e-300	1.00000000e-300
4.8	3.02593269e-05	4.52800381e-02	6.54844537e-01	2.97515477e-01	2.32956866e-03	1.20543659e-07	2.00321199e-12	4.34361601e-33	6.37162691e-58	3.40591866e-87	2.57640934e-122	2.23883089e-175	3.97679448e-230	1.23380320e-293	1.00000000e-300	1.00000000e-300	1.00000000e-300
4.9	7.62488084e-06	1.40481262e-02	3.97223342e-01	5.64138060e-01	2.45634481e-02	1.93868321e-05	1.20507591e-08	1.49506594e-24	7.37526005e-44	9.43458590e-67	2.24186295e-94	4.35594345e-126	4.31300801e-162	1.20467836e-215	1.73567692e-270	1.00000000e-300	1.00000000e-300
5	1.44469389e-06	3.39764392e-03	1.79093379e-01	6.87316435e-01	1.29213833e-01	9.65972141e-04	1.12917449e-05	8.71087429e-18	1.04363071e-32	1.64921906e-50	3.64862097e-72	3.50316034e-97	1.16923893e-125	1.82551648e-158	1.53385677e-194	3.70586318e-258	1.00000000e-300
5.1	2.05630754e-07	6.34101702e-04	5.98073546e-02	5.52735266e-01	3.66797750e-01	1.77642710e-02	2.26105142e-03	1.79527868e-12	6.14901044e-24	1.14093746e-37	1.39603957e-54	2.63521913e-74	9.00388431e-97	1.13103927e-122	2.89168467e-151	7.99979160e-215	1.63134540e-278
5.2	1.87550294e-08	7.74009176e-05	1.26320750e-02	2.56099767e-01	5.08167336e-01	1.17749439e-01	1.05273944e-01	1.98345476e-08	3.49072300e-17	1.17444007e-27	8.22748019e-41	2.36142943e-56	5.19369553e-74	2.10695247e-94	5.00226512e-117	1.58817193e-180	3.70039359e-244
5.3	5.26125076e-10	2.95011611e-06	8.08947395e-04	3.33055207e-02	1.72250555e-01	1.49837938e-01	6.43785229e-01	8.85888339e-06	2.12589772e-12	2.94571980e-20	1.94826941e-30	1.16263438e-42	1.83990521e-56	1.87567036e-72	2.58774404e-90	9.45122001e-154	2.52099760e-217
5.4	7.63730504e-12	5.87428543e-08	2.63560044e-05	2.06671974e-03	2.48607514e-02	6.68390732e-02	9.05844381e-01	3.62656020e-04	4.36088454e-09	7.65664219e-15	1.17324057e-22	3.14978627e-32	6.30074586e-43	2.12382843e-55	1.88458754e-69	7.93777920e-133	2.42871805e-196
5.5	1.91846810e-13	2.03550524e-09	1.46026298e-06	2.06624053e-04	5.26520129e-03	3.74383505e-02	9.51709107e-01	5.37774499e-03	1.50967679e-06	1.28955057e-10	1.54764942e-16	5.71859497e-24	3.61829622e-32	8.05420796e-42	8.00329713e-53	3.89720351e-116	1.37066209e-179
5.6	9.05792646e-15	1.32985191e-10	1.49369960e-07	3.64357339e-05	1.82126790e-03	3.02538147e-02	9.27146630e-01	4.05968430e-02	1.44598697e-04	2.60444816e-07	1.05086106e-11	2.11333305e-17	1.39295864e-23	5.68754487e-31	1.57920079e-39	4.35592726e-93	5.77666824e-148
5.7	5.64904470e-16	1.14759800e-11	1.97947966e-08	8.00875297e-06	7.36443930e-04	2.59118662e-02	8.04308321e-01	1.64526492e-01	4.43198721e-03	7.68083845e-05	5.27223342e-08	2.75910371e-12	7.65487883e-17	2.05837181e-22	5.30186679e-29	3.22358927e-62	1.09842327e-98
5.8	3.39536447e-17	9.53540200e-13	2.48091298e-09	1.61133986e-06	2.58668515e-04	1.78409926e-02	5.63687977e-01	3.66423278e-01	4.76773699e-02	4.08319666e-03	2.68838248e-05	2.01364952e-08	1.09232775e-11	8.41041570e-16	8.37123524e-21	3.37627234e-47	2.76579232e-76
5.9	1.59442278e-18	6.17721462e-14	2.38457801e-10	2.41815949e-07	6.48982178e-05	8.26248003e-03	2.82463599e-01	4.53722638e-01	1.98974055e-01	5.43862417e-02	2.11195397e-03	1.38169200e-05	7.53900146e-08	8.31268840e-11	1.59479112e-14	1.78476937e-35	1.12594986e-58
6	4.89235738e-20	2.60654101e-15	1.47112342e-11	2.27495043e-08	9.84067031e-06	2.20726087e-03	8.73873484e-02	2.97659684e-01	3.41196469e-01	2.33816525e-01	3.63032816e-02	1.37556938e-03	4.36104070e-05	3.86863849e-07	8.23138629e-10	2.05448380e-26	6.48986190e-45
6.1	9.24836541e-22	6.75318720e-17	5.49890178e-13	1.27007730e-09	8.59297787e-07	3.26971060e-04	1.59027020e-02	1.04352968e-01	2.64794493e-01	3.96290109e-01	1.85463951e-01	2.91224385e-02	3.58130870e-03	1.61738906e-04	2.46029530e-06	1.84940297e-19	3.33762880e-34
6.2	1.04073200e-23	1.03738172e-18	1.20413385e-14	4.08168915e-11	4.21077360e-08	2.63548587e-05	1.65055939e-03	1.95496294e-02	9.85298859e-02	2.94141374e-01	3.41776376e-01	1.71146280e-01	6.22000734e-02	1.01972681e-02	7.82156471e-04	3.61011899e-14	6.63747544e-26
6.3	5.72188755e-26	7.75758942e-21	1.26972068e-16	6.22161092e-13	9.57980398e-10	9.60558999e-07	8.01727078e-05	1.63348622e-03	1.51738401e-02	8.45897100e-02	2.13776755e-01	2.80589562e-01	2.51606912e-01	1.17990034e-01	3.45585661e-02	2.76966176e-10	1.31883292e-19
6.4	1.38429946e-28	2.54351065e-23	5.81427244e-19	4.06564550e-15	9.17835276e-12	1.44018312e-08	1.64057018e-06	5.54061119e-05	8.98100854e-04	8.88151818e-03	4.44075909e-02	1.32246159e-01	2.58276865e-01	2.93136500e-01	2.62096072e-01	1.33652488e-07	5.55329517e-15
6.5	2.09203496e-31	5.18923324e-26	1.64239416e-21	1.62001450e-17	5.27831070e-14	1.26943559e-10	2.00339826e-08	1.08867498e-06	2.95414632e-05	4.97160792e-04	4.58585491e-03	2.78615307e-02	1.08198908e-01	2.63464316e-01	5.95352901e-01	8.67860616e-06	1.32586060e-11
6.6	3.40507939e-34	1.13626727e-28	4.94035929e-24	6.80600884e-20	3.15820311e-16	1.14257685e-12	2.51890577e-10	2.14843718e-08	9.44001502e-07	2.61315075e-05	4.21554341e-04	4.82516437e-03	3.47661496e-02	1.66000265e-01	7.93785911e-01	1.73853960e-04	4.91461939e-09
6.7	7.83748764e-37	3.50777713e-31	2.08074647e-26	3.96740965e-22	2.59177104e-18	1.38729564e-14	4.28877526e-12	5.62051951e-10	3.89147907e-08	1.72199452e-06	4.65488360e-05	9.44306251e-04	1.19533967e-02	1.04443826e-01	8.80895002e-01	1.71463917e-03	5.19672902e-07
6.8	2.67036879e-39	1.59736675e-33	1.28456641e-28	3.36328658e-24	3.06166269e-20	2.38799609e-16	1.03593416e-13	2.04862252e-11	2.18458085e-09	1.50797959e-07	6.59857170e-06	2.26152278e-04	4.81344715e-03	7.28895089e-02	9.11814407e-01	1.02281908e-02	2.15418400e-05
6.9	1.25717606e-41	1.00222471e-35	1.08644275e-30	3.87882310e-26	4.87923831e-22	5.47050921e-18	3.32497401e-15	9.76952436e-13	1.57418773e-10	1.66022286e-08	1.14308895e-06	6.36693237e-05	2.19799072e-03	5.52351957e-02	9.01127114e-01	4.09503827e-02	4.24487746e-04
7	7.28390725e-44	7.71853436e-38	1.12275227e-32	5.43314504e-28	9.37165743e-24	1.49210895e-19	1.26731834e-16	5.45691222e-14	1.30653414e-11	2.06788353e-09	2.18801534e-07	1.91923749e-05	1.04300349e-03	4.19887853e-02	8.35598671e-01	1.16820191e-01	4.52993564e-03
7.1	4.61347700e-46	6.47914584e-40	1.25879692e-34	8.21488147e-30	1.92938173e-25	4.31611641e-21	5.10345908e-18	3.18170568e-15	1.11584530e-12	2.60939210e-10	4.15802354e-08	5.59821169e-06	4.66997274e-04	2.92544926e-02	6.97414325e-01	2.44363848e-01	2.84946965e-02
7.2	2.87628980e-48	5.34151376e-42	1.38071200e-36	1.20855301e-31	3.84243593e-27	1.19614966e-22	1.96039806e-19	1.75070374e-16	8.88072743e-14	3.02668872e-11	7.13691346e-09	1.44330541e-06	1.80897065e-04	1.72191408e-02	4.96119084e-01	3.75751844e-01	1.10727584e-01
7.3	1.64708494e-50	4.03585988e-44	1.38309895e-38	1.61703174e-33	6.92158508e-29	2.97277746e-24	6.72402137e-21	8.51999411e-18	6.18370554e-15	3.03509607e-12	1.04337575e-09	3.11006478e-07	5.75019952e-05	8.15252023e-03	2.89491663e-01	4.26069736e-01	2.76228267e-01
7.4	8.72140822e-53	2.81283127e-46	1.27333774e-40	1.98109524e-35	1.13650075e-30	6.68546608e-26	2.07808296e-22	3.70312738e-19	3.80735107e-16	2.66261983e-13	1.31729010e-10	5.69757403e-08	1.52973866e-05	3.17535902e-03	1.41893903e-01	3.75427424e-01	4.79487960e-01
7.5	4.56767492e-55	1.93580699e-48	1.15399611e-42	2.37938062e-37	1.82103595e-32	1.45745818e-27	6.19983759e-24	1.54200944e-20	2.22623108e-17	2.19755177e-14	1.54696395e-11	9.57715220e-09	3.68289173e-06	1.10211335e-03	6.31400767e-02	2.83254080e-01	6.52500038e-01
7.6	2.52303387e-57	1.40221743e-50	1.09802669e-44	2.99101057e-39	3.04321141e-34	3.29409015e-29	1.90955376e-25	6.58290667e-22	1.32441480e-18	1.82989166e-15	1.81505992e-12	1.58951810e-09	8.64693508e-07	3.68140338e-04	2.74396524e-02	1.99541111e-01	7.72650230e-01
7.7	1.52428004e-59	1.10906304e-52	1.13806675e-46	4.08425063e-41	5.50459928e-36	8.01577671e-31	6.30755765e-27	2.99522886e-23	8.33682880e-20	1.59973240e-16	2.21569856e-13	2.71640529e-10	2.06898565e-07	1.23891631e-04	1.21479968e-02	1.38099256e-01	8.49628648e-01
7.8	1.01919691e-61	9.69223274e-55	1.30035928e-48	6.13070312e-43	1.09100835e-37	2.12749782e-32	2.26365583e-28	1.47192393e-24	5.63304181e-21	1.49133337e-17	2.86151838e-14	4.86594682e-11	5.14077482e-08	4.28272087e-05	5.56875856e-03	9.61278223e-02	8.98260541e-01
7.9	7.53699661e-64	9.35157924e-57	1.63633344e-50	1.01095475e-44	2.36905354e-39	6.15917560e-34	8.83069309e-30	7.82345933e-26	4.09237512e-22	1.48537281e-18	3.92005686e-15	9.17509117e-12	1.33365581e-08	1.53123952e-05	2.65433482e-03	6.78927776e-02	9.29437562e-01
8	6.11726344e-66	9.88867216e-59	2.25274889e-52	1.81978742e-46	5.59954185e-41	1.93353647e-35	3.72202928e-31	4.47206445e-27	3.18130630e-23	1.57489026e-19	5.68148061e-16	1.81729595e-12	3.60831726e-09	5.66334178e-06	1.31245195e-03	4.87553542e-02	9.49926527e-01

4	4.06078013e-01	5.93921965e-01	2.25245514e-08	1.84252791e-22	1.79754068e-43	2.93305715e-77	3.40720547e-119	1.62767184e-182	5.66975004e-246	1.00000000e-300	1.00000000e-300	1.00000000e-300	1.00000000e-300	1.00000000e-300	1.00000000e-300	1.00000000e-300	1.00000000e-300
4.1	5.74808278e-02	9.42513486e-01	5.68665991e-06	1.00696461e-16	2.15222118e-33	1.39314548e-60	1.52779692e-94	8.36873861e-158	3.33017852e-221	1.00086512e-284	1.00000000e-300	1.00000000e-300	1.00000000e-300	1.00000000e-300	1.00000000e-300	1.00000000e-300	1.00000000e-300
4.2	5.82348640e-03	9.93587580e-01	5.88933239e-04	1.11800624e-11	2.53229174e-24	2.02958149e-45	5.63219877e-72	3.54114981e-135	1.61129809e-198	5.52098026e-262	1.00000000e-300	1.00000000e-300	1.00000000e-300	1.00000000e-300	1.00000000e-300	1.00000000e-300	1.00000000e-300
4.3	1.17206298e-03	9.80644824e-01	1.81830455e-02	6.78895772e-08	2.26663454e-17	1.12553927e-33	2.50706562e-54	1.81474168e-117	9.46755882e-181	3.70724365e-244	1.00000000e-300	1.00000000e-300	1.00000000e-300	1.00000000e-300	1.00000000e-300	1.00000000e-300	1.00000000e-300
4.4	6.97291159e-04	8.06715815e-01	1.92545743e-01	4.11510228e-05	3.46575386e-12	9.61457472e-25	1.10914455e-40	9.27378383e-104	5.56349141e-167	2.49618243e-230	8.64838178e-294	1.00000000e-300	1.00000000e-300	1.00000000e-300	1.00000000e-300	1.00000000e-300	1.00000000e-300
4.5	3.74803930e-04	4.62467333e-01	5.35221300e-01	1.93655350e-03	9.35387757e-09	1.84474710e-18	1.25029892e-30	1.94663267e-84	1.34705741e-147	6.94466884e-211	2.75603970e-274	1.00000000e-300	1.00000000e-300	1.00000000e-300	1.00000000e-300	1.00000000e-300	1.00000000e-300
4.6	1.69074466e-04	2.24596371e-01	7.54259319e-01	2.09730887e-02	2.14618205e-06	7.27201615e-14	5.14157098e-23	4.09800258e-57	4.41924083e-110	3.21616546e-165	1.46602492e-228	5.26305840e-292	1.00000000e-300	1.00000000e-300	1.00000000e-300	1.00000000e-300	1.00000000e-300
4.7	6.65841632e-05	9.97959290e-02	7.90367019e-01	1.09641314e-01	1.29153727e-04	2.69759788e-10	5.04279949e-17	1.19575845e-43	2.01207325e-75	1.07597611e-112	4.86830184e-167	2.00465383e-230	6.63836623e-294	1.00000000e-300	1.00000000e-300	1.00000000e-300	1.00000000e-300
4.8	2.14891719e-05	3.80488985e-02	6.30319561e-01	3.28672965e-01	2.93691473e-03	1.71709175e-07	2.85348797e-12	6.18776797e-33	9.08188119e-58	4.85467041e-87	3.67276344e-122	3.19408247e-175	5.67359042e-230	1.76023530e-293	1.00000000e-300	1.00000000e-300	1.00000000e-300
4.9	5.16145726e-06	1.12442150e-02	3.64300231e-01	5.94850635e-01	2.95733062e-02	2.64345746e-05	1.64316011e-08	2.03992879e-24	1.00904155e-43	1.29078692e-66	3.06932628e-94	5.98367663e-126	5.92469703e-162	1.65484373e-215	2.38426635e-270	1.00000000e-300	1.00000000e-300
5	9.34035354e-07	2.59409022e-03	1.56548578e-01	6.91236647e-01	1.48348327e-01	1.25673282e-03	1.46905960e-05	1.13658774e-17	1.37393884e-32	2.17119533e-50	4.81737162e-72	4.67181571e-97	1.55929740e-125	2.43450934e-158	2.04555186e-194	4.94214028e-258	1.00000000e-300
5.1	1.26253778e-07	4.59145854e-04	4.95318741e-02	5.26800363e-01	3.98567910e-01	2.18584222e-02	2.78215844e-03	2.22870683e-12	7.79765378e-24	1.44684016e-37	1.78478464e-54	3.44308401e-74	1.17641564e-96	1.47777587e-122	3.77817280e-151	1.04522445e-214	2.13145815e-278
5.2	1.06982401e-08	5.19980186e-05	9.69610450e-03	2.26212951e-01	5.10701368e-01	1.33754378e-01	1.19583167e-01	2.29832438e-08	4.20216223e-17	1.41380101e-27	1.00767614e-40	2.99992515e-56	6.59799427e-74	2.67664137e-94	6.35480389e-117	2.01759021e-180	4.70092549e-244
5.3	2.73688311e-10	1.80465867e-06	5.64840577e-04	2.67570420e-02	1.57051340e-01	1.53983427e-01	6.61632122e-01	9.42371115e-06	2.38917080e-12	3.31052038e-20	2.25419169e-30	1.41490917e-42	2.23913794e-56	2.28266361e-72	3.14924693e-90	1.15019976e-153	3.06801749e-217
5.4	3.91090363e-12	3.53222977e-08	1.80747395e-05	1.63037454e-03	2.21972572e-02	6.70344258e-02	9.08738137e-01	3.81690686e-04	4.91179249e-09	8.62390125e-15	1.37648086e-22	3.92901459e-32	7.85949278e-43	2.64924417e-55	2.35081726e-69	9.90151320e-133	3.02956069e-196
5.5	9.88221711e-14	1.22941601e-09	1.00514282e-06	1.63548153e-04	4.70364925e-03	3.74294048e-02	9.52021636e-01	5.67903668e-03	1.71823539e-06	1.46773469e-10	1.85260132e-16	7.33132552e-24	4.63871066e-32	1.03256168e-41	1.02603484e-52	4.99627404e-116	1.75720959e-179
5.6	4.69701324e-15	8.07278800e-11	1.03255865e-07	2.89535050e-05	1.62897439e-03	3.01710105e-02	9.25447234e-01	4.25602509e-02	1.63179523e-04	2.93926752e-07	1.25446379e-11	2.71330418e-17	1.78841689e-23	7.30222779e-31	2.02753281e-39	5.59256652e-93	7.41665310e-148
5.7	2.94046484e-16	6.98275192e-12	1.37067893e-08	6.37260107e-06	6.57953002e-04	2.57198837e-02	7.99139826e-01	1.69527229e-01	4.86435233e-03	8.43089210e-05	6.12310746e-08	3.45074642e-12	9.57377775e-17	2.57435744e-22	6.63092068e-29	4.03166764e-62	1.37377227e-98
5.8	1.77005930e-17	5.80186460e-13	1.71686817e-09	1.28083816e-06	2.30364756e-04	1.75963962e-02	5.56579530e-01	3.70667362e-01	5.05638999e-02	4.33115642e-03	2.99841824e-05	2.41295927e-08	1.30893799e-11	1.00782139e-15	1.00312639e-20	4.04579225e-47	3.31425312e-76
5.9	8.31309192e-19	3.75305570e-14	1.64697786e-10	1.91757854e-07	5.75451324e-05	8.09114838e-03	2.76905047e-01	4.51917039e-01	2.04770325e-01	5.59812185e-02	2.26160052e-03	1.57976953e-05	8.61991993e-08	9.50453568e-11	1.82344729e-14	2.04066402e-35	1.28738503e-58
6	2.55411556e-20	1.58318532e-15	1.01537920e-11	1.80192984e-08	8.70240932e-06	2.15047990e-03	8.52219857e-02	2.93498856e-01	3.44051646e-01	2.35826523e-01	3.76832035e-02	1.51027590e-03	4.78838321e-05	4.24773004e-07	9.03798763e-10	2.25580461e-26	7.12580962e-45
6.1	4.84142896e-22	4.10649310e-17	3.79822574e-13	1.00632560e-09	7.59085945e-07	3.17557169e-04	1.54597397e-02	1.02272967e-01	2.63684338e-01	3.94722976e-01	1.88556375e-01	3.09982732e-02	3.81222586e-03	1.72167577e-04	2.61893128e-06	1.96864957e-19	3.55283386e-34
6.2	5.43407325e-24	6.28205749e-19	8.27968901e-15	3.21802586e-11	3.69709766e-08	2.53959367e-05	1.59195887e-03	1.89749049e-02	9.67770834e-02	2.88984583e-01	3.40851171e-01	1.77075107e-01	6.43590715e-02	1.05513703e-02	8.09317015e-04	3.73548111e-14	6.86796313e-26
6.3	2.97402424e-26	4.66916111e-21	8.67453120e-17	4.87147456e-13	8.34546117e-10	9.17002700e-07	7.66085009e-05	1.56907319e-03	1.47128045e-02	8.20403058e-02	2.09703641e-01	2.83507899e-01	2.54236965e-01	1.19230031e-01	3.49217536e-02	2.79876906e-10	1.33269298e-19
6.4	7.23485840e-29	1.53694788e-23	3.98646722e-19	3.19323904e-15	8.01358672e-12	1.37617228e-08	1.56906341e-06	5.32310615e-05	8.69592190e-04	8.60139605e-03	4.33998180e-02	1.32420233e-01	2.58630172e-01	2.93554253e-01	2.62469588e-01	1.33842958e-07	5.56120924e-15
6.5	1.10425120e-31	3.16188864e-26	1.13511568e-21	1.28194143e-17	4.63965608e-14	1.21992247e-10	1.92696311e-08	1.05131693e-06	2.87190074e-05	4.83431627e-04	4.49303723e-03	2.78615854e-02	1.08205030e-01	2.63495371e-01	5.95423076e-01	8.67962912e-06	1.32601688e-11
6.6	1.81326023e-34	6.97422428e-29	3.43844647e-24	5.42067717e-20	2.79238854e-16	1.10344386e-12	2.43456981e-10	2.08405165e-08	9.21128227e-07	2.55034896e-05	4.14094716e-04	4.82473033e-03	3.47647177e-02	1.66001990e-01	7.93794161e-01	1.73855767e-04	4.91467047e-09
6.7	4.20381750e-37	2.16522000e-31	1.45603540e-26	3.17570471e-22	2.30177751e-18	1.34450908e-14	4.15991626e-12	5.46970078e-10	3.80751949e-08	1.68511624e-06	4.58137616e-05	9.44154883e-04	1.19521605e-02	1.04439311e-01	8.80901664e-01	1.71465214e-03	5.19676832e-07
6.8	1.44088929e-39	9.90399109e-34	9.02682056e-29	2.70222785e-24	2.72835703e-20	2.32041317e-16	1.00742263e-13	1.99854436e-11	2.14166953e-09	1.47862854e-07	6.50431931e-06	2.26119133e-04	4.81299002e-03	7.28861141e-02	9.11818346e-01	1.02282349e-02	2.15419331e-05
6.9	6.81950456e-42	6.23761577e-36	7.66192328e-31	3.12620698e-26	4.35954884e-22	5.32589304e-18	3.23963426e-15	9.54742876e-13	1.54555922e-10	1.63032565e-08	1.12800514e-06	6.36617914e-05	2.19782484e-03	5.52326835e-02	9.01129696e-01	4.09505001e-02	4.24488962e-04
7	3.97050055e-44	4.81995179e-38	7.94261392e-33	4.39054014e-28	8.39176270e-24	1.45492533e-19	1.23663087e-16	5.34017578e-14	1.28425579e-11	2.03300126e-09	2.16093200e-07	1.91905988e-05	1.04296391e-03	4.19887872e-02	8.35598708e-01	1.16820196e-01	4.52993584e-03
7.1	2.52557602e-46	4.05763778e-40	8.92839609e-35	6.65225278e-30	1.73058905e-25	4.21321113e-21	4.98525875e-18	3.11678718e-15	1.09777568e-12	2.56759694e-10	4.10909079e-08	5.59754082e-06	4.66974421e-04	2.92544933e-02	6.97414342e-01	2.44363854e-01	2.84946972e-02
7.2	1.58086683e-48	3.35348757e-42	9.81495151e-37	9.80412191e-32	3.45147929e-27	1.16862483e-22	1.91659806e-19	1.71627909e-16	8.74240201e-14	2.98008329e-11	7.05637273e-09	1.44301713e-06	1.80869385e-04	1.72176079e-02	4.96119872e-01	3.75752441e-01	1.10727760e-01
7.3	9.08731557e-51	2.53979073e-44	9.85272160e-39	1.31389033e-33	6.22523652e-29	2.90660854e-24	6.57881665e-21	8.35803722e-18	6.09054210e-15	2.98997930e-12	1.03200027e-09	3.10945781e-07	5.74943554e-05	8.15212664e-03	2.89491781e-01	4.26069908e-01	2.76228378e-01
7.4	4.82949778e-53	1.77416722e-46	9.08954271e-41	1.61212453e-35	1.02332433e-30	6.54030745e-26	2.03442722e-22	3.63492403e-19	3.75222539e-16	2.62450737e-13	1.30355438e-10	5.69709617e-08	1.52973866e-05	3.17535902e-03	1.41893903e-01	3.75427424e-01	4.79487960e-01
7.5	2.53747257e-55	1.22314192e-48	8.25053506e-43	1.93841525e-37	1.64105094e-32	1.42634442e-27	6.07172837e-24	1.51415393e-20	2.19459141e-17	2.16665199e-14	1.53114225e-11	9.57609459e-09	3.68256879e-06	1.10203339e-03	6.31354959e-02	2.83255491e-01	6.52503288e-01
7.6	1.40654217e-57	8.87899217e-51	7.86542344e-45	2.44018983e-39	2.74541276e-34	3.22567468e-29	1.87103850e-25	6.46677443e-22	1.30607351e-18	1.80479893e-15	1.79695216e-12	1.58937923e-09	8.64658181e-07	3.68140338e-04	2.74396524e-02	1.99541111e-01	7.72650230e-01
7.7	8.52573357e-60	7.03611178e-53	8.16587204e-47	3.33595510e-41	4.97013860e-36	7.85198930e-31	6.18215477e-27	2.94311659e-23	8.22325987e-20	1.57817207e-16	2.19398385e-13	2.71616416e-10	2.06888986e-07	1.23885895e-04	1.21474343e-02	1.38099336e-01	8.49629137e-01
7.8	5.71838786e-62	6.15972139e-55	9.34418423e-49	5.01236020e-43	9.85725980e-38	2.08436497e-32	2.21902837e-28	1.44658352e-24	5.55714922e-21	1.47145190e-17	2.83380846e-14	4.86540844e-11	5.14050612e-08	4.28249702e-05	5.56867646e-03	9.61278304e-02	8.98260617e-01
7.9	4.24176280e-64	5.95368878e-57	1.17770400e-50	8.27453833e-45	2.14206542e-39	6.03617568e-34	8.65862972e-30	7.69015929e-26	4.03789550e-22	1.46585010e-18	3.88277023e-15	9.17375321e-12	1.33351499e-08	1.53115644e-05	2.65423406e-03	6.78927845e-02	9.29437657e-01
8	3.45258006e-66	6.30556945e-59	1.62351993e-52	1.49078427e-46	5.06608008e-41	1.89517070e-35	3.65012736e-31	4.39654275e-27	3.13949679e-23	1.55437900e-19	5.62821772e-16	1.81705104e-12	3.60783097e-09	5.66297583e-06	1.31245195e-03	4.87553542e-02	9.49926527e-01

4	3.67615850e-01	6.32384126e-01	2.39734514e-08	2.13358944e-22	2.16141198e-43	3.63697986e-77	4.22492199e-119	2.01830698e-182	7.03046878e-246	1.00000000e-300	1.00000000e-300	1.00000000e-300	1.00000000e-300	1.00000000e-300	1.00000000e-300	1.00000000e-300	1.00000000e-300
4.1	4.96471346e-02	9.50347130e-01	5.73518649e-06	1.05004144e-16	2.32643458e-33	1.55235003e-60	1.70238904e-94	9.32509332e-158	3.71074147e-221	1.11524103e-284	1.00000000e-300	1.00000000e-300	1.00000000e-300	1.00000000e-300	1.00000000e-300	1.00000000e-300	1.00000000e-300
4.2	5.19765322e-03	9.94199307e-01	6.03039590e-04	1.16289850e-11	2.72930563e-24	2.27726083e-45	6.31952240e-72	3.97329293e-135	1.80793235e-198	6.19473137e-262	1.00000000e-300	1.00000000e-300	1.00000000e-300	1.00000000e-300	1.00000000e-300	1.00000000e-300	1.00000000e-300
4.3	1.08712593e-03	9.79440490e-01	1.94723078e-02	7.63377806e-08	2.66055169e-17	1.39964447e-33	3.11761715e-54	2.25668994e-117	1.17732154e-180	4.61007732e-244	1.00000000e-300	1.00000000e-300	1.00000000e-300	1.00000000e-300	1.00000000e-300	1.00000000e-300	1.00000000e-300
4.4	5.99876812e-04	7.92218449e-01	2.07134177e-01	4.74967311e-05	4.27005722e-12	1.26567932e-24	1.46009715e-40	1.22081701e-103	7.32387673e-167	3.28601792e-230	1.13848800e-293	1.00000000e-300	1.00000000e-300	1.00000000e-300	1.00000000e-300	1.00000000e-300	1.00000000e-300
4.5	2.99439969e-04	4.33360995e-01	5.64079778e-01	2.25977536e-03	1.20076441e-08	2.59785006e-18	1.76072327e-30	2.74132959e-84	1.89698263e-147	9.77977329e-211	3.88117045e-274	1.00000000e-300	1.00000000e-300	1.00000000e-300	1.00000000e-300	1.00000000e-300	1.00000000e-300
4.6	1.28755322e-04	2.02123278e-01	7.73426821e-01	2.43183473e-02	2.79791738e-06	1.05736069e-13	7.47591170e-23	5.95854954e-57	6.42563418e-110	4.67634680e-165	2.13161947e-228	7.65310550e-292	1.00000000e-300	1.00000000e-300	1.00000000e-300	1.00000000e-300	1.00000000e-300
4.7	4.90754383e-05	8.70472753e-02	7.88015095e-01	1.24721623e-01	1.66931052e-04	3.91867655e-10	7.32544323e-17	1.73702338e-43	2.92311795e-75	1.56316629e-112	7.07261550e-167	2.91257897e-230	9.64493995e-294	1.00000000e-300	1.00000000e-300	1.00000000e-300	1.00000000e-300
4.8	1.51773124e-05	3.17971356e-02	6.03397799e-01	3.61107376e-01	3.68226834e-03	2.43245670e-07	4.04229181e-12	8.76649104e-33	1.28739141e-57	6.88168110e-87	5.20659812e-122	4.53141486e-175	8.04906956e-230	2.49722932e-293	1.00000000e-300	1.00000000e-300	1.00000000e-300
4.9	3.47343839e-06	8.94674428e-03	3.32123987e-01	6.23497385e-01	3.53925579e-02	3.58299583e-05	2.22717252e-08	2.76680378e-24	1.37231134e-43	1.75548918e-66	4.17723739e-94	8.17049125e-126	8.08995678e-162	2.25962850e-215	3.25562837e-270	1.00000000e-300	1.00000000e-300
5	6.00298121e-07	1.96883833e-03	1.36029077e-01	6.91054833e-01	1.69302379e-01	1.62527373e-03	1.89986601e-05	1.47418867e-17	1.79803113e-32	2.84137597e-50	6.32222946e-72	6.19278197e-97	2.06694558e-125	3.22709338e-158	2.71150608e-194	6.55111398e-258	1.00000000e-300
5.1	7.69881369e-08	3.30198790e-04	4.07425152e-02	4.98671904e-01	4.30142445e-01	2.67128281e-02	3.40003133e-03	2.74788451e-12	9.82068171e-24	1.82220923e-37	2.26612876e-54	4.46797714e-74	1.52659598e-96	1.91766125e-122	4.90281086e-151	1.35635346e-214	2.76592329e-278
5.2	6.05239876e-09	3.46447062e-05	7.38117752e-03	1.98166215e-01	5.09019357e-01	1.50681608e-01	1.34716966e-01	2.64116571e-08	5.01676951e-17	1.68787244e-27	1.22401248e-40	3.77971528e-56	8.31305399e-74	3.37239823e-94	8.00664955e-117	2.54203561e-180	5.92286774e-244
5.3	1.41907160e-10	1.10037715e-06	3.93114458e-04	2.14259757e-02	1.42726152e-01	1.57726859e-01	6.77716807e-01	9.99143768e-06	2.67608233e-12	3.70807524e-20	2.59946321e-30	1.71618825e-42	2.71592150e-56	2.76871516e-72	3.81982159e-90	1.39511380e-153	3.72129582e-217
5.4	2.00214466e-12	2.12329917e-08	1.23917345e-05	1.28573879e-03	1.98122682e-02	6.72074001e-02	9.11280606e-01	4.01568575e-04	5.53045009e-09	9.71011205e-15	1.61450583e-22	4.89955820e-32	9.80094153e-43	3.30365940e-55	2.93151520e-69	1.23473810e-132	3.77792155e-196
5.5	5.08993194e-14	7.42440395e-10	6.91750214e-07	1.29434209e-04	4.20145118e-03	3.74157778e-02	9.52254004e-01	5.99668507e-03	1.95530155e-06	1.67027947e-10	2.21712532e-16	9.39662592e-24	5.94547721e-32	1.32344360e-41	1.31507809e-52	6.40376941e-116	2.25223136e-179
5.6	2.43519327e-15	4.89985842e-11	7.13721331e-08	2.30061674e-05	1.45687151e-03	3.00847326e-02	9.23638107e-01	4.46127794e-02	1.84100582e-04	3.31627653e-07	1.49717655e-11	3.48289923e-17	2.29567914e-23	9.37341404e-31	2.60261732e-39	7.17882858e-93	9.52029467e-148
5.7	1.53018633e-16	4.24766939e-12	9.48873824e-09	5.06938862e-06	5.87684359e-04	2.55229367e-02	7.93816893e-01	1.74637775e-01	5.33704893e-03	9.25119140e-05	7.10886134e-08	4.31427352e-12	1.19695541e-16	3.21857384e-22	8.29026595e-29	5.04056654e-62	1.71754995e-98
5.8	9.22497016e-18	3.52917434e-13	1.18781818e-09	1.01787731e-06	2.05100769e-04	1.73509930e-02	5.49385892e-01	3.74823529e-01	5.36073631e-02	4.59264695e-03	3.34276306e-05	2.89019919e-08	1.56782237e-11	1.20715032e-15	1.20152674e-20	4.84597716e-47	3.96975276e-76
5.9	4.33207802e-19	2.27907545e-14	1.13701331e-10	1.52001212e-07	5.10073574e-05	7.92070555e-03	2.71349495e-01	4.49975048e-01	2.10661728e-01	5.76028163e-02	2.42089380e-03	1.80549038e-05	9.85170940e-08	1.08627370e-10	2.08401853e-14	2.33227560e-35	1.47135279e-58
6	1.33324449e-20	9.61506240e-16	7.00748588e-12	1.42713166e-08	7.69442833e-06	2.09470749e-03	8.30924220e-02	2.89340574e-01	3.46849259e-01	2.37797967e-01	3.91064854e-02	1.65784343e-03	5.25655348e-05	4.66303952e-07	9.92165064e-10	2.47635936e-26	7.82251497e-45
6.1	2.53387867e-22	2.49659158e-17	2.62295485e-13	7.97174030e-10	6.70387674e-07	3.08337730e-04	1.50253979e-02	1.00211809e-01	2.62510413e-01	3.93059610e-01	1.91653405e-01	3.29872545e-02	4.05708769e-03	1.83226016e-04	2.78714700e-06	2.09509726e-19	3.78103477e-34
6.2	2.83585096e-24	3.80230436e-19	5.69021156e-15	2.53580593e-11	3.24444411e-08	2.44590277e-05	1.53469607e-03	1.84089041e-02	9.50153757e-02	2.83783580e-01	3.39787882e-01	1.83131044e-01	6.65638222e-02	1.09131383e-02	8.37065541e-04	3.86355712e-14	7.10344052e-26
6.3	1.54549510e-26	2.80979634e-21	5.92519273e-17	3.81361891e-13	7.26874046e-10	8.75221264e-07	7.31860704e-05	1.50689844e-03	1.42630025e-02	7.95482449e-02	2.05661747e-01	2.86382369e-01	2.56830606e-01	1.20453089e-01	3.52799800e-02	2.82747876e-10	1.34636370e-19
6.4	3.78099833e-29	9.28638482e-24	2.73298467e-19	2.50773218e-15	6.99590295e-12	1.31488856e-08	1.50054001e-06	5.11353440e-05	8.41864065e-04	8.32931586e-03	4.24094357e-02	1.32588314e-01	2.58974482e-01	2.93966037e-01	2.62837769e-01	1.34030707e-07	5.56901025e-15
6.5	5.82838945e-32	1.92651616e-26	7.84542045e-22	1.01448131e-17	4.07874480e-14	1.17242340e-10	1.85346703e-08	1.01521058e-06	2.79169733e-05	4.70039930e-04	4.40167373e-03	2.78612929e-02	1.08210986e-01	2.63526027e-01	5.95492349e-01	8.68063893e-06	1.32617115e-11
6.6	9.65488014e-35	4.28012610e-29	2.39298335e-24	4.31728508e-20	2.46905890e-16	1.06559216e-12	2.35309910e-10	2.02151629e-08	8.98749627e-07	2.48889169e-05	4.06757311e-04	4.82415745e-03	3.47627089e-02	1.66003816e-01	7.93802890e-01	1.73857679e-04	4.91472452e-09
6.7	2.25461672e-37	1.33635244e-31	1.01876256e-26	2.54168174e-22	2.04411919e-18	1.30297966e-14	4.03473818e-12	5.32320126e-10	3.72510057e-08	1.64904212e-06	4.50921777e-05	9.44045841e-04	1.19514600e-02	1.04439477e-01	8.80903064e-01	1.71465486e-03	5.19677658e-07
6.8	7.77515492e-40	6.14089825e-34	6.34353860e-29	2.17120126e-24	2.43112708e-20	2.25454072e-16	9.79620130e-14	1.94955927e-11	2.09951082e-09	1.44977178e-07	6.41103193e-06	2.26076658e-04	4.81241704e-03	7.28827284e-02	9.11822397e-01	1.02282804e-02	2.15420288e-05
6.9	3.69953794e-42	3.88243320e-36	5.40386283e-31	2.51981325e-26	3.89534120e-22	5.18530985e-18	3.15661466e-15	9.33085036e-13	1.51752222e-10	1.60102088e-08	1.11315224e-06	6.36557973e-05	2.19775911e-03	5.52326883e-02	9.01129775e-01	4.09505037e-02	4.24488999e-04
7	2.16423758e-44	3.00990065e-38	5.61871657e-33	3.54801121e-28	7.51430615e-24	1.41864562e-19	1.20669277e-16	5.22600755e-14	1.26237837e-11	1.99870702e-09	2.13418753e-07	1.91888228e-05	1.04292433e-03	4.19887890e-02	8.35598745e-01	1.16820201e-01	4.52993604e-03
7.1	1.38272497e-46	2.54127920e-40	6.33329816e-35	5.38746036e-30	1.55245914e-25	4.11308157e-21	4.87004392e-18	3.05329370e-15	1.08000634e-12	2.52648925e-10	4.06083857e-08	5.59682735e-06	4.66931455e-04	2.92532339e-02	6.97415279e-01	2.44364182e-01	2.84947355e-02
7.2	8.68965428e-49	2.10558961e-42	6.97805827e-37	7.95435787e-32	3.10069628e-27	1.14189668e-22	1.87404553e-19	1.68272612e-16	8.60711971e-14	2.93441021e-11	6.97713906e-09	1.44279313e-06	1.80849760e-04	1.72168415e-02	4.96120269e-01	3.75752742e-01	1.10727848e-01
7.3	5.01333662e-51	1.59817258e-44	7.01816197e-39	1.06751008e-33	5.59870598e-29	2.84178271e-24	6.43679294e-21	8.19927399e-18	5.99920789e-15	2.94562209e-12	1.02084245e-09	3.10911391e-07	5.74915792e-05	8.15173301e-03	2.89491896e-01	4.26070078e-01	2.76228489e-01
7.4	2.67415075e-53	1.11894195e-46	6.48786742e-41	1.31183253e-35	9.21418160e-31	6.39853986e-26	1.99162050e-22	3.56787982e-19	3.69764995e-16	2.58676710e-13	1.28989549e-10	5.69646621e-08	1.52956950e-05	3.17500791e-03	1.41885996e-01	3.75431051e-01	4.79492592e-01
7.5	1.40992896e-55	7.72996972e-49	5.89993565e-43	1.57948237e-37	1.47919777e-32	1.39618884e-27	5.94692673e-24	1.48684080e-20	2.16349173e-17	2.13627591e-14	1.51556857e-11	9.57558686e-09	3.68245729e-06	1.10203339e-03	6.31354959e-02	2.83255491e-01	6.52503288e-01
7.6	7.84166065e-58	5.62236297e-51	5.63430376e-45	1.99085105e-39	2.47683317e-34	3.15870002e-29	1.83331231e-25	6.35269465e-22	1.28799240e-18	1.78005883e-15	1.77901749e-12	1.58921574e-09	8.64622854e-07	3.68140338e-04	2.74396524e-02	1.99541111e-01	7.72650230e-01
7.7	4.76811371e-60	4.46337063e-53	5.85855689e-47	2.72441452e-41	4.48695329e-36	7.69051560e-31	6.05855097e-27	2.89159827e-23	8.11035991e-20	1.55673379e-16	2.17227698e-13	2.71563117e-10	2.06861567e-07	1.23869476e-04	1.21470126e-02	1.38099397e-01	8.49629514e-01
7.8	3.20837319e-62	3.91464555e-55	6.71479494e-49	4.09812426e-43	8.90639495e-38	2.04222047e-32	2.17534357e-28	1.42169440e-24	5.48230270e-21	1.45181202e-17	2.80629678e-14	4.86461520e-11	5.13996809e-08	4.28221003e-05	5.56851226e-03	9.61278466e-02	8.98260768e-01
7.9	2.38698760e-64	3.79002271e-57	8.47538931e-51	6.77175130e-45	1.93664778e-39	5.91488530e-34	8.48917293e-30	7.55877585e-26	3.98401146e-22	1.44649562e-18	3.84565538e-15	9.17241539e-12	1.33337418e-08	1.53107336e-05	2.65413330e-03	6.78927914e-02	9.29437751e-01
8	1.94883536e-66	4.02117080e-59	1.17025066e-52	1.22143346e-46	4.58425689e-41	1.85788319e-35	3.58022632e-31	4.32306180e-27	3.09870429e-23	1.53436641e-19	5.57612840e-16	1.81697276e-12	3.60767554e-09	5.66273185e-06	1.31245195e-03	4.87553542e-02	9.49926527e-01

4	3.30757121e-01	6.69242854e-01	2.53604093e-08	2.45563893e-22	2.58316207e-43	4.48216437e-77	5.20673623e-119	2.48733399e-182	8.66425382e-246	1.00000000e-300	1.00000000e-300	1.00000000e-300	1.00000000e-300	1.00000000e-300	1.00000000e-300	1.00000000e-300	1.00000000e-300
4.1	4.28313312e-02	9.57162891e-01	5.77759032e-06	1.09372209e-16	2.51188587e-33	1.72777364e-60	1.89476783e-94	1.03788773e-157	4.13007451e-221	1.24126905e-284	1.00000000e-300	1.00000000e-300	1.00000000e-300	1.00000000e-300	1.00000000e-300	1.00000000e-300	1.00000000e-300
4.2	4.63887530e-03	9.94743683e-01	6.17441937e-04	1.20952220e-11	2.94147786e-24	2.55504403e-45	7.09038584e-72	4.45796029e-135	2.02846626e-198	6.95037264e-262	1.00000000e-300	1.00000000e-300	1.00000000e-300	1.00000000e-300	1.00000000e-300	1.00000000e-300	1.00000000e-300
4.3	1.00819747e-03	9.78140711e-01	2.08510056e-02	8.58353913e-08	3.12283146e-17	1.74045269e-33	3.87674532e-54	2.80618554e-117	1.46399496e-180	5.73261398e-244	1.00000000e-300	1.00000000e-300	1.00000000e-300	1.00000000e-300	1.00000000e-300	1.00000000e-300	1.00000000e-300
4.4	5.15369513e-04	7.76927185e-01	2.22502703e-01	5.47426210e-05	5.25345838e-12	1.66390354e-24	1.91949159e-40	1.60492608e-103	9.62820855e-167	4.31990692e-230	1.49669366e-293	1.00000000e-300	1.00000000e-300	1.00000000e-300	1.00000000e-300	1.00000000e-300	1.00000000e-300
4.5	2.38402139e-04	4.04677312e-01	5.92456342e-01	2.62792906e-03	1.53605489e-08	3.64586354e-18	2.47102667e-30	3.84722497e-84	2.66225518e-147	1.37250873e-210	5.44689551e-274	1.00000000e-300	1.00000000e-300	1.00000000e-300	1.00000000e-300	1.00000000e-300	1.00000000e-300
4.6	9.77330082e-05	1.81304346e-01	7.90489184e-01	2.81051008e-02	3.63593888e-06	1.53257071e-13	1.08358135e-22	8.63650273e-57	9.31350939e-110	6.77803913e-165	3.08963403e-228	1.10930419e-291	1.00000000e-300	1.00000000e-300	1.00000000e-300	1.00000000e-300	1.00000000e-300
4.7	3.60355951e-05	7.56441998e-02	7.82755710e-01	1.41349089e-01	2.14965228e-04	5.67169457e-10	1.06024766e-16	2.51407994e-43	4.23116640e-75	2.26265816e-112	1.02374976e-166	4.21625866e-230	1.39620460e-293	1.00000000e-300	1.00000000e-300	1.00000000e-300	1.00000000e-300
4.8	1.06596047e-05	2.64250405e-02	5.74421572e-01	3.94550996e-01	4.59138960e-03	3.42685913e-07	5.69480418e-12	1.23512352e-32	1.81484009e-57	9.70112943e-87	7.34064862e-122	6.39383586e-175	1.13572540e-229	3.52359581e-293	1.00000000e-300	1.00000000e-300	1.00000000e-300
4.9	2.32367117e-06	7.07697821e-03	3.01026362e-01	6.49734645e-01	4.21113781e-02	4.82831368e-05	3.00125596e-08	3.73086277e-24	1.85550315e-43	2.37359818e-66	5.65237790e-94	1.10930707e-125	1.09837291e-161	3.06789617e-215	4.42016456e-270	1.00000000e-300	1.00000000e-300
5	3.83542263e-07	1.48550176e-03	1.17503165e-01	6.86813414e-01	1.92083508e-01	2.08960020e-03	2.44264109e-05	1.90086372e-17	2.33927195e-32	3.69668299e-50	8.24873881e-72	8.16090266e-97	2.72383911e-125	4.25269210e-158	3.57324661e-194	8.63311575e-258	1.00000000e-300
5.1	4.66295145e-08	2.35861520e-04	3.32866594e-02	4.68849933e-01	4.61075792e-01	3.24246681e-02	4.12703915e-03	3.36513884e-12	1.22852980e-23	2.27951420e-37	2.85810709e-54	5.75922415e-74	1.96778277e-96	2.47186604e-122	6.31972498e-151	1.74834010e-214	3.56527612e-278
5.2	3.39641410e-09	2.28968042e-05	5.57382406e-03	1.72202124e-01	5.03267060e-01	1.68387307e-01	1.50546755e-01	3.01075523e-08	5.94115643e-17	1.99887880e-27	1.47476460e-40	4.72369970e-56	1.03892404e-73	4.21465516e-94	1.00063114e-116	3.17690935e-180	7.40210479e-244
5.3	7.33568896e-11	6.68944019e-07	2.72787871e-04	1.71067404e-02	1.29326470e-01	1.61087741e-01	6.92195029e-01	1.05626160e-05	2.98874929e-12	4.14131775e-20	2.98886943e-30	2.07563838e-42	3.28476254e-56	3.34861367e-72	4.61987098e-90	1.68731592e-153	4.50070930e-217
5.4	1.02453917e-12	1.27587813e-08	8.49249069e-06	1.01358996e-03	1.76776380e-02	6.73579445e-02	9.13519979e-01	4.22337383e-04	6.22503297e-09	1.09296290e-14	1.89293644e-22	6.10770181e-32	1.22176788e-42	4.11828285e-55	3.65437453e-69	1.53920248e-132	4.70948959e-196
5.5	2.62148662e-14	4.48341023e-10	4.76059918e-07	1.02428435e-04	3.75257589e-03	3.73992005e-02	9.52411521e-01	6.33157302e-03	2.22489583e-06	1.90062126e-10	2.65323363e-16	1.20427100e-23	7.61971991e-32	1.69612450e-41	1.68540326e-52	8.20706692e-116	2.88645831e-179
5.6	1.26242828e-15	2.97370459e-11	4.93269770e-08	1.82777346e-05	1.30273522e-03	2.99949078e-02	9.21716703e-01	4.67592518e-02	2.07700715e-04	3.74158562e-07	1.78684882e-11	4.47068514e-17	2.94675726e-23	1.20318103e-30	3.34074626e-39	9.21481793e-93	1.22203478e-147
5.7	7.96124100e-17	2.58333772e-12	6.56759801e-09	4.03179668e-06	5.24800831e-04	2.53211860e-02	7.88333706e-01	1.79859986e-01	5.85470682e-03	1.01493918e-04	8.25207018e-08	5.39304709e-12	1.49625119e-16	4.02337037e-22	1.03632267e-28	6.30094790e-62	2.14701912e-98
5.8	4.80622552e-18	2.14602949e-13	8.21539062e-10	8.08664109e-07	1.82559241e-04	1.71029681e-02	5.42094237e-01	3.78899364e-01	5.68145172e-02	4.86825435e-03	3.72566794e-05	3.46101401e-08	1.87746755e-11	1.44556271e-15	1.43882847e-20	5.80305846e-47	4.75377959e-76
5.9	2.25704055e-19	1.38368310e-14	7.84787682e-11	1.20450008e-07	4.51959410e-05	7.75088196e-03	2.65818927e-01	4.47872426e-01	2.16649807e-01	5.92514719e-02	2.59043041e-03	2.06265271e-05	1.12551021e-07	1.24101524e-10	2.38089050e-14	2.66451222e-35	1.68094949e-58
6	6.95714269e-21	5.83754039e-16	4.83453423e-12	1.12991715e-08	6.80146514e-06	2.03992861e-03	8.09981656e-02	2.85170039e-01	3.49595542e-01	2.39735103e-01	4.05767480e-02	1.81945470e-03	5.76930888e-05	5.11790005e-07	1.08894673e-09	2.71791814e-26	8.58556948e-45
6.1	1.32569347e-22	1.51727300e-17	1.81069593e-13	6.31267956e-10	5.91894517e-07	2.99302428e-04	1.45991984e-02	9.81626044e-02	2.61274526e-01	3.91302648e-01	1.94752726e-01	3.50940789e-02	4.31642058e-03	1.94937997e-04	2.96530408e-06	2.22901786e-19	4.02272209e-34
6.2	1.47929120e-24	2.30048762e-19	3.90902355e-15	1.99744466e-11	2.84605958e-08	2.35475630e-05	1.47885995e-03	1.78520904e-02	9.32475065e-02	2.78561985e-01	3.38571098e-01	1.89305687e-01	6.88119660e-02	1.12818813e-02	8.65349075e-04	3.99410251e-14	7.34345804e-26
6.3	8.02933011e-27	1.69033555e-21	4.04588001e-17	2.98447106e-13	6.32880373e-10	8.35093455e-07	6.98956654e-05	1.44666444e-03	1.38220249e-02	7.71083017e-02	2.01639856e-01	2.89224307e-01	2.59392709e-01	1.21661491e-01	3.56339136e-02	2.85584441e-10	1.35987061e-19
6.4	1.97596568e-29	5.61087410e-24	1.87368696e-19	1.96941037e-15	6.10740286e-12	1.25632377e-08	1.43499869e-06	4.91252375e-05	8.15083823e-04	8.06604964e-03	4.14436966e-02	1.32752651e-01	2.59311521e-01	2.94365425e-01	2.63194865e-01	1.34212804e-07	5.57657641e-15
6.5	3.07583345e-32	1.17363324e-26	5.42107228e-22	8.02625840e-18	3.58465217e-14	1.12652600e-10	1.78248882e-08	9.80259763e-07	2.71361969e-05	4.57000015e-04	4.31223457e-03	2.78612314e-02	1.08216658e-01	2.63555994e-01	5.95560066e-01	8.68162606e-06	1.32632196e-11
6.6	5.14059536e-35	2.62666008e-29	1.66527136e-24	3.43833987e-20	2.18298392e-16	1.02903055e-12	2.27433798e-10	1.96086806e-08	8.76949884e-07	2.42901292e-05	3.99552465e-04	4.82366354e-03	3.47612691e-02	1.66005503e-01	7.93810960e-01	1.73859446e-04	4.91477448e-09
6.7	1.20937712e-37	8.24902520e-32	7.12913228e-27	2.03445041e-22	1.81543508e-18	1.26273950e-14	3.91334966e-12	5.18026142e-10	3.64459143e-08	1.61366466e-06	4.43813630e-05	9.43923381e-04	1.19507596e-02	1.04439643e-01	8.80904465e-01	1.71465759e-03	5.19678484e-07
6.8	4.19546879e-40	3.80757478e-34	4.45782928e-29	1.74449494e-24	2.16641850e-20	2.19065013e-16	9.52622943e-14	1.90182726e-11	2.05828911e-09	1.42155219e-07	6.31944240e-06	2.26043520e-04	4.81195995e-03	7.28793333e-02	9.11826333e-01	1.02283245e-02	2.15421218e-05
