4	7.10376178e-02	9.28888488e-01	7.38942231e-05	4.82135179e-15	8.73363528e-31	5.03451380e-92	2.41065000e-153	3.74537781e-216	2.91860888e-279	1.00000000e-300	1.00000000e-300	1.00000000e-300	1.00000000e-300	1.00000000e-300	1.00000000e-300
4.1	1.09133249e-02	9.85463915e-01	3.62276040e-03	4.08470797e-11	1.52988522e-23	1.57603902e-80	9.30492123e-142	1.62891776e-204	1.42397252e-267	1.00000000e-300	1.00000000e-300	1.00000000e-300	1.00000000e-300	1.00000000e-300	1.00000000e-300
4.2	2.16851106e-03	9.10055198e-01	8.77762169e-02	7.44541899e-08	1.52567335e-17	1.00761766e-67	7.77224115e-129	1.53409589e-191	1.50445807e-254	1.00000000e-300	1.00000000e-300	1.00000000e-300	1.00000000e-300	1.00000000e-300	1.00000000e-300
4.3	5.78990141e-04	4.98641821e-01	5.00769133e-01	1.00559901e-05	1.82951473e-13	4.14700023e-54	1.35483552e-104	1.92105499e-160	1.11128601e-221	2.76102190e-285	1.00000000e-300	1.00000000e-300	1.00000000e-300	1.00000000e-300	1.00000000e-300
4.4	6.99393363e-05	1.07529210e-01	8.92036648e-01	3.64201586e-04	4.26944764e-10	9.64224737e-42	1.23257330e-81	1.64160118e-129	8.90561952e-187	4.16117770e-248	1.00000000e-300	1.00000000e-300	1.00000000e-300	1.00000000e-300	1.00000000e-300
4.5	1.08061696e-05	2.31746648e-02	9.70346819e-01	6.46743679e-03	2.73635039e-07	5.22210100e-32	2.06426312e-63	2.19299404e-101	1.20129411e-148	3.06146674e-201	1.97811463e-259	1.00000000e-300	1.00000000e-300	1.00000000e-300	1.00000000e-300
4.6	1.90348570e-06	5.54193600e-03	9.16323638e-01	7.80338147e-02	9.87074607e-05	8.11920329e-24	2.51953529e-48	3.38321668e-78	2.84046410e-116	5.24484035e-160	2.02479381e-210	2.04166930e-268	1.00000000e-300	1.00000000e-300	1.00000000e-300
4.7	2.44102194e-07	9.45748595e-04	5.15409028e-01	4.68228984e-01	1.54159948e-02	6.11516523e-17	9.97444838e-36	8.01161683e-59	2.57378585e-88	4.24370662e-123	3.97294508e-163	8.82576795e-211	1.01592463e-262	1.00000000e-300	1.00000000e-300
4.8	1.77033250e-08	9.06127589e-05	1.26434995e-01	6.27560561e-01	2.45913814e-01	2.37861511e-12	4.79840401e-27	2.73906968e-45	7.95023132e-69	1.14407512e-96	6.69359969e-129	1.94725064e-167	8.52929440e-210	1.78852448e-273	1.00000000e-300
4.9	4.15851909e-10	2.81469810e-06	9.36815643e-03	2.14299303e-01	7.76329718e-01	7.77698642e-09	6.72961803e-20	7.74743435e-34	4.19095702e-52	1.00890519e-73	5.62504389e-99	3.78050237e-129	2.52229932e-162	1.26395712e-225	6.10795199e-289
5	1.10357579e-11	9.94717678e-08	6.79014618e-04	5.11181184e-02	9.48201236e-01	1.53134692e-06	5.84119756e-15	8.95589054e-26	3.70599755e-40	2.53521972e-57	1.75431678e-77	1.56718382e-101	5.71087230e-128	7.03578861e-190	2.58238129e-251
5.1	4.19743453e-13	5.06202037e-09	6.59137789e-05	1.40060199e-02	9.85830246e-01	9.78152808e-05	5.63774846e-11	3.30864225e-19	2.22394989e-30	7.66788363e-44	8.82871726e-60	9.26616430e-79	1.31421595e-99	7.83952130e-161	4.91346446e-222
5.2	2.44057742e-14	3.95511804e-10	9.21854135e-06	4.83299917e-03	9.92561082e-01	2.59661155e-03	8.84540338e-08	6.65843636e-14	1.86863078e-22	7.12807155e-33	2.34515476e-45	3.44672118e-60	1.87705783e-76	1.30441353e-137	5.00978623e-200
5.3	2.94800294e-15	6.42646910e-11	2.46520609e-06	2.68732663e-03	9.71861073e-01	2.54324585e-02	1.66756534e-05	4.53861134e-10	1.08624969e-16	7.03869309e-25	8.24156423e-35	1.31218384e-46	1.61912742e-59	2.30718631e-121	6.39809713e-177
5.4	3.92765611e-16	1.15203273e-11	7.07433138e-07	1.51127938e-03	8.32633349e-01	1.64378359e-01	1.47532594e-03	9.79368449e-07	1.22651353e-11	7.67074826e-18	1.69784247e-25	1.34453254e-34	1.57037774e-44	4.13932963e-105	9.87922774e-152
5.5	6.22152303e-17	2.45673921e-12	2.26613679e-07	8.22333431e-04	5.22969081e-01	4.48850205e-01	2.71686137e-02	1.89496262e-04	4.42979399e-08	8.36126793e-13	9.40887216e-19	7.34763814e-26	1.27984755e-33	8.50916204e-83	3.22271550e-117
5.6	6.48981770e-18	3.45800157e-13	4.63952996e-08	2.69530609e-04	1.99204717e-01	6.03756858e-01	1.87049325e-01	9.69213331e-03	2.73807094e-05	9.62240123e-09	3.19126845e-13	1.29731837e-18	1.64931606e-24	9.01850222e-65	3.41538881e-90
5.7	4.28557989e-19	3.08871207e-14	5.82896657e-09	5.09679690e-05	4.40857859e-02	3.79956495e-01	4.52006007e-01	1.21258958e-01	2.63136750e-03	1.04080005e-05	5.76392915e-09	6.26856013e-13	2.76304309e-17	3.18652033e-51	5.58155961e-71
5.8	1.93379064e-20	1.88760437e-15	4.83035964e-10	6.00166900e-06	6.43211778e-03	1.27158845e-01	4.27515011e-01	3.97030165e-01	4.08059955e-02	1.04684471e-03	5.01212008e-06	6.69784755e-09	4.48813319e-12	3.77578592e-40	3.56708878e-57
5.9	4.93495816e-22	6.52414074e-17	2.23718190e-11	3.88899148e-07	5.26479277e-04	2.22345515e-02	1.90619665e-01	5.34584187e-01	2.20645508e-01	3.03752941e-02	1.00133272e-03	1.24985660e-05	9.51001600e-08	2.08723917e-30	1.72704554e-45
6	1.08795840e-23	1.94499088e-18	8.74328957e-13	2.09981123e-08	3.73612206e-05	2.93326394e-03	5.21326138e-02	3.32969904e-01	3.90632839e-01	1.92750879e-01	2.67802015e-02	1.68760030e-03	7.53167163e-05	2.13002634e-24	3.44671481e-38
6.1	1.21695225e-25	2.94489161e-20	1.71646085e-14	5.56759105e-10	1.31830360e-06	1.84812878e-04	6.42097394e-03	8.59345130e-02	2.55468528e-01	3.94132161e-01	1.96126645e-01	5.10482822e-02	1.06827655e-02	1.14244060e-17	1.41417415e-29
6.2	6.08461303e-28	1.99551975e-22	1.48782348e-16	6.33798415e-12	2.02831677e-08	4.83064904e-06	3.05087153e-04	7.71593657e-03	5.04125789e-02	2.05315571e-01	2.99073475e-01	2.50741415e-01	1.86431085e-01	4.97043391e-10	2.55240272e-19
6.3	2.06117132e-30	9.12239248e-25	8.58200919e-19	3.91130168e-14	1.71273098e-10	6.58702950e-08	7.06157426e-06	3.10735779e-04	3.95769212e-03	3.58171589e-02	1.26366491e-01	2.73040561e-01	5.60499068e-01	1.16589723e-06	9.35155352e-14
6.4	5.47820022e-33	3.27380766e-27	3.86505747e-21	1.79679721e-16	1.08145661e-12	6.59064652e-10	1.16867304e-07	8.68064418e-06	2.05952735e-04	3.88228889e-03	3.08424040e-02	1.57828678e-01	8.07140173e-01	9.17038148e-05	6.98876954e-10
6.5	2.51177654e-35	2.06811522e-29	3.02299905e-23	1.68653776e-18	1.40748354e-14	1.31068504e-11	3.64395130e-09	4.32852007e-07	1.74114868e-05	6.01037240e-04	9.14469966e-03	9.29219175e-02	8.96586457e-01	7.27979024e-04	6.16754381e-08
6.6	1.37668004e-37	1.56630616e-31	2.81440382e-25	2.04089614e-20	2.35618757e-16	3.32142945e-13	1.42515660e-10	2.65350077e-08	1.75938009e-06	1.06896850e-04	2.97088165e-03	5.69829255e-02	9.35387654e-01	4.54663551e-03	3.22044101e-06
6.7	1.03744451e-39	1.63789452e-33	3.57981846e-27	3.79689129e-22	6.04164270e-18	1.27144727e-14	8.22487741e-12	2.32998350e-09	2.44275199e-07	2.46377221e-05	1.16603056e-03	3.91691922e-02	9.38544027e-01	2.10142297e-02	8.16360472e-05
6.8	1.06453028e-41	2.32941628e-35	6.16078208e-29	9.56026240e-24	2.09154233e-19	6.47055156e-16	6.16166562e-13	2.59349659e-10	4.16648157e-08	6.65186332e-06	5.03742508e-04	2.80902351e-02	8.92455678e-01	7.75696952e-02	1.37395561e-03
6.9	1.10496226e-43	3.34945725e-37	1.06843340e-30	2.42640625e-25	7.28883040e-21	3.29403565e-17	4.57077126e-14	2.82924551e-11	6.87231627e-09	1.70168790e-06	2.00768194e-04	1.81605249e-02	7.35962556e-01	2.28719507e-01	1.69549351e-02
7	1.35675293e-45	5.69209784e-39	2.13014317e-32	7.09208058e-27	2.90277249e-22	1.90378018e-18	3.76087687e-15	3.33028105e-12	1.18479209e-09	4.33357111e-07	7.47095422e-05	1.03642987e-02	5.14270276e-01	3.89440684e-01	8.58495976e-02
7.1	1.29380909e-47	7.51065385e-41	3.48419392e-34	1.69307769e-28	9.42198425e-24	8.93201355e-20	2.49599283e-16	3.14016524e-13	1.62056778e-10	8.64029303e-08	2.14699194e-05	4.50097904e-03	2.74672185e-01	4.55868306e-01	2.64936974e-01
7.2	1.11597611e-49	8.95969699e-43	5.68300010e-36	3.99912469e-30	3.01497389e-25	4.10327859e-21	1.60342526e-17	2.83093053e-14	2.08284884e-11	1.58124925e-08	5.52754644e-06	1.70531205e-03	1.28954628e-01	3.88613544e-01	4.80720972e-01
7.3	9.30854333e-52	1.03340896e-44	8.96981252e-38	9.14594062e-32	9.29733053e-27	1.80873996e-22	9.77666047e-19	2.40393368e-15	2.49020368e-12	2.64416907e-09	1.27856881e-06	5.67716070e-04	5.43564283e-02	2.81720085e-01	6.63354489e-01
7.4	7.52848498e-54	1.15568848e-46	1.37325322e-39	2.02934845e-33	2.77533416e-28	7.70217839e-24	5.72860755e-20	1.95446253e-16	2.83329073e-13	4.17268017e-10	2.76887850e-07	1.75099552e-04	2.14438081e-02	1.86301391e-01	7.92079424e-01
7.5	7.19243590e-56	1.52629571e-48	2.48215707e-41	5.12005646e-35	9.39555488e-30	3.71391963e-25	3.75409060e-21	1.76559261e-17	3.54283523e-14	7.12493568e-11	6.39248108e-08	5.61021975e-05	8.95583990e-03	1.24496862e-01	8.66491132e-01
7.6	7.07340560e-58	2.07500522e-50	4.61835230e-43	1.32850533e-36	3.27741027e-31	1.83706411e-26	2.51494995e-22	1.62808198e-18	4.51180095e-15	1.23605290e-11	1.49487007e-08	1.81136651e-05	3.78045179e-03	8.24060566e-02	9.13795363e-01
7.7	7.82129403e-60	3.17171331e-52	9.66099387e-45	3.86832922e-38	1.28797253e-32	1.01404224e-27	1.86636244e-23	1.65771147e-19	6.31376106e-16	2.34437003e-12	3.79696340e-09	6.28315599e-06	1.72554843e-03	5.64826395e-02	9.41785525e-01
7.8	9.12903379e-62	5.11726601e-54	2.13342171e-46	1.18860315e-39	5.36134638e-34	5.96936124e-29	1.47509640e-24	1.79356910e-20	9.37226377e-17	4.70591947e-13	1.01842976e-09	2.28960177e-06	8.28244810e-04	3.98041072e-02	9.59365357e-01
7.9	1.09895191e-63	8.51476486e-56	4.85908482e-48	3.76591678e-41	2.30644597e-35	3.64562594e-30	1.20860810e-25	2.00913303e-21	1.43901608e-17	9.75871318e-14	2.81826881e-10	8.58387775e-07	4.09287836e-04	2.85081384e-02	9.71081715e-01
8	1.39759425e-65	1.49712067e-57	1.16972692e-49	1.26051436e-42	1.04707859e-36	2.40818102e-31	1.06682795e-26	2.43103061e-22	2.38528495e-18	2.18260787e-14	8.34651946e-11	3.40623757e-07	2.13398034e-04	2.09596279e-02	9.78826633e-01

4	6.49160720e-02	9.35009543e-01	7.43852583e-05	1.06237692e-14	4.96922020e-30	2.79356140e-91	1.31236864e-152	1.93346065e-215	1.45676931e-278	1.00000000e-300	1.00000000e-300	1.00000000e-300	1.00000000e-300	1.00000000e-300	1.00000000e-300
4.1	1.01769567e-02	9.86197867e-01	3.62517671e-03	9.10480032e-11	8.97983049e-23	9.03809680e-80	5.33802329e-141	8.83632394e-204	7.46973578e-267	1.00000000e-300	1.00000000e-300	1.00000000e-300	1.00000000e-300	1.00000000e-300	1.00000000e-300
4.2	2.03062446e-03	9.10201815e-01	8.77673918e-02	1.69088712e-07	9.25400170e-17	5.98742021e-67	4.76772233e-128	8.86853112e-191	8.41117356e-254	1.00000000e-300	1.00000000e-300	1.00000000e-300	1.00000000e-300	1.00000000e-300	1.00000000e-300
4.3	5.26335561e-04	4.98765021e-01	5.00686733e-01	2.19107472e-05	1.06028465e-12	2.36605905e-53	7.86766472e-104	1.05859840e-159	7.74595184e-221	1.78771327e-284	1.00000000e-300	1.00000000e-300	1.00000000e-300	1.00000000e-300	1.00000000e-300
4.4	6.17729633e-05	1.07573660e-01	8.91633619e-01	7.30946649e-04	2.16894229e-09	4.84409557e-41	6.21249661e-81	7.89810141e-129	6.64503159e-186	2.97564930e-247	1.00000000e-300	1.00000000e-300	1.00000000e-300	1.00000000e-300	1.00000000e-300
4.5	9.33227737e-06	2.31297529e-02	9.66139612e-01	1.07203409e-02	9.61647630e-07	1.82002206e-31	7.17113402e-63	7.28226081e-101	5.97981111e-148	1.50993279e-200	9.68818906e-259	1.00000000e-300	1.00000000e-300	1.00000000e-300	1.00000000e-300
4.6	1.58324080e-06	5.39680859e-03	8.88077491e-01	1.06296466e-01	2.27651240e-04	1.86120135e-23	5.73564671e-48	7.39113940e-78	8.96503652e-116	1.67889894e-159	6.43661890e-210	6.49165168e-268	1.00000000e-300	1.00000000e-300	1.00000000e-300
4.7	1.88906741e-07	8.63599099e-04	4.67021227e-01	5.10188151e-01	2.19268337e-02	8.66032227e-17	1.40035356e-35	1.08556512e-58	4.84538401e-88	8.23382484e-123	7.65681354e-163	1.70132142e-210	1.95837274e-262	1.00000000e-300	1.00000000e-300
4.8	1.27966747e-08	7.77268851e-05	1.07234701e-01	6.14477403e-01	2.78210156e-01	2.68709127e-12	5.39787260e-27	3.02928916e-45	1.17087242e-68	1.72407203e-96	1.00881185e-128	2.93554084e-167	1.28581763e-209	2.69625623e-273	1.00000000e-300
4.9	3.00695477e-10	2.42714461e-06	7.96081271e-03	2.05372869e-01	7.86663883e-01	7.89748243e-09	6.84815519e-20	7.92070461e-34	5.47663177e-52	1.33925245e-73	7.51180606e-99	5.05015806e-129	3.36939618e-162	1.68844841e-225	8.15926561e-289
5	8.16863268e-12	8.80389897e-08	5.90786526e-04	4.96800920e-02	9.49727487e-01	1.54626722e-06	5.97465673e-15	9.46688567e-26	4.84002251e-40	3.37159216e-57	2.34566289e-77	2.09625553e-101	7.63882799e-128	9.41102798e-190	3.45417748e-251
5.1	3.16748977e-13	4.57589535e-09	5.84832728e-05	1.38060729e-02	9.86036012e-01	9.94272188e-05	5.86462499e-11	3.66250953e-19	2.95774974e-30	1.04349174e-43	1.21054326e-59	1.27114952e-78	1.80286570e-99	1.07544000e-160	6.74038124e-222
5.2	1.85623414e-14	3.60717807e-10	8.24752800e-06	4.79518042e-03	9.92531421e-01	2.66505734e-03	9.38030559e-08	7.74471638e-14	2.55251840e-22	1.00315611e-32	3.34066265e-45	4.91279841e-60	2.67547221e-76	1.85925127e-137	7.14071970e-200
5.3	2.24616229e-15	5.87813378e-11	2.21381477e-06	2.66237033e-03	9.71090789e-01	2.62267560e-02	1.78699805e-05	5.41211583e-10	1.49603422e-16	1.00504183e-24	1.19466697e-34	1.90340282e-46	2.34864325e-59	3.34671470e-121	9.28083078e-177
5.4	2.98279042e-16	1.05131794e-11	6.34673571e-07	1.48618191e-03	8.27642938e-01	1.69282982e-01	1.58608076e-03	1.18266904e-06	1.68442532e-11	1.09847906e-17	2.47466128e-25	1.96125773e-34	2.29069613e-44	6.03800354e-105	1.44107422e-151
5.5	4.68804295e-17	2.22374118e-12	2.02090242e-07	7.96321134e-04	5.13589170e-01	4.56485871e-01	2.89023784e-02	2.25997577e-04	5.92709503e-08	1.17063178e-12	1.34379557e-18	1.05020439e-25	1.82929737e-33	1.21622203e-82	4.60625566e-117
5.6	4.83206578e-18	3.08883672e-13	4.09277979e-08	2.55718084e-04	1.91950979e-01	6.01703563e-01	1.94815251e-01	1.12392745e-02	3.51608757e-05	1.29584685e-08	4.39026474e-13	1.78606255e-18	2.27066980e-24	1.24160803e-64	4.70208252e-90
5.7	3.13114786e-19	2.70086208e-14	5.04651170e-09	4.69959684e-05	4.12630665e-02	3.66972896e-01	4.54429477e-01	1.34090956e-01	3.18337884e-03	1.32171685e-05	7.48084196e-09	8.14227927e-13	3.58893717e-17	4.13899490e-51	7.24992920e-71
5.8	1.37984149e-20	1.60715483e-15	4.08105524e-10	5.34608008e-06	5.81621766e-03	1.18404200e-01	4.12416666e-01	4.15915698e-01	4.61934463e-02	1.24234114e-03	6.07625703e-06	8.12585913e-09	5.44502361e-12	4.58080066e-40	4.32760835e-57
5.9	3.45000795e-22	5.42660367e-17	1.85028734e-11	3.35864095e-07	4.61678570e-04	2.00354082e-02	1.77113787e-01	5.32680776e-01	2.34739329e-01	3.38163483e-02	1.13801363e-03	1.42142996e-05	1.08154981e-07	2.37376376e-30	1.96412474e-45
6	7.46649087e-24	1.58580243e-18	7.09801412e-13	1.76937270e-08	3.19883558e-05	2.57683453e-03	4.70902544e-02	3.19382004e-01	3.96001821e-01	2.04083976e-01	2.89277300e-02	1.82397149e-03	8.14028908e-05	2.30214898e-24	3.72523609e-38
6.1	8.21512613e-26	2.35680108e-20	1.36950928e-14	4.59014112e-10	1.10516779e-06	1.58763509e-04	5.65883493e-03	7.97981963e-02	2.48607799e-01	3.99421169e-01	2.02560705e-01	5.27537589e-02	1.10396670e-02	1.18060851e-17	1.46142042e-29
6.2	4.10248949e-28	1.59052237e-22	1.18330548e-16	5.19488213e-12	1.69189539e-08	4.12337099e-06	2.66707595e-04	7.06881705e-03	4.80927970e-02	2.03139318e-01	3.01087328e-01	2.52558654e-01	1.87782237e-01	5.00645695e-10	2.57090116e-19
6.3	1.41491618e-30	7.38203940e-25	6.93410130e-19	3.23438872e-14	1.44164029e-10	5.67082091e-08	6.21543814e-06	2.85522642e-04	3.76557626e-03	3.52681690e-02	1.26418485e-01	2.73274830e-01	5.60979978e-01	1.16689757e-06	9.35957718e-14
6.4	3.84937362e-33	2.70457501e-27	3.18981573e-21	1.50563950e-16	9.22340906e-13	5.74739931e-10	1.04014013e-07	8.03654064e-06	1.96407774e-04	3.82560079e-03	3.08323896e-02	1.57841255e-01	8.07204494e-01	9.17111225e-05	6.98932647e-10
6.5	1.79863179e-35	1.73990220e-29	2.54138949e-23	1.43475093e-18	1.21660290e-14	1.15710764e-11	3.27950536e-09	4.03235761e-07	1.66472557e-05	5.92686777e-04	9.14158172e-03	9.29230682e-02	8.96597560e-01	7.27988039e-04	6.16762019e-08
6.6	1.00029901e-37	1.33655285e-31	2.40041908e-25	1.75831166e-20	2.06066242e-16	2.96310089e-13	1.29465126e-10	2.48527847e-08	1.68629928e-06	1.05506780e-04	2.96996563e-03	5.69830616e-02	9.35389888e-01	4.54664637e-03	3.22044870e-06
6.7	7.60184816e-40	1.40976277e-33	3.08026445e-27	3.30230276e-22	5.33450174e-18	1.14344906e-14	7.52342665e-12	2.19170096e-09	2.34652281e-07	2.43424469e-05	1.16568782e-03	3.91692176e-02	9.38544636e-01	2.10142433e-02	8.16361002e-05
6.8	7.85824095e-42	2.02028367e-35	5.34183502e-29	8.38442093e-24	1.86156281e-19	5.86588791e-16	5.67635316e-13	2.45117205e-10	4.01453920e-08	6.57926462e-06	5.03594286e-04	2.80902414e-02	8.92455876e-01	7.75697124e-02	1.37395591e-03
6.9	8.21620355e-44	2.92652376e-37	9.33405499e-31	2.14497569e-25	6.53649413e-21	3.01050262e-17	4.24156317e-14	2.68721281e-11	6.64374718e-09	1.68496001e-06	2.00713551e-04	1.81605262e-02	7.35962609e-01	2.28719523e-01	1.69549363e-02
7	1.01494073e-45	5.00449930e-39	1.87253965e-32	6.31113140e-27	2.61951611e-22	1.74901652e-18	3.50427331e-15	3.16914530e-12	1.14677164e-09	4.29143361e-07	7.46935082e-05	1.03642989e-02	5.14270286e-01	3.89440692e-01	8.58495994e-02
7.1	9.73003203e-48	6.63968828e-41	3.07985385e-34	1.51579339e-28	8.55146700e-24	8.24601291e-20	2.33522235e-16	2.99478246e-13	1.57066710e-10	8.56014090e-08	2.14658648e-05	4.50097906e-03	2.74672186e-01	4.55868308e-01	2.64936975e-01
7.2	8.42373541e-50	7.95168129e-43	5.04331515e-36	3.59722581e-30	2.74872097e-25	3.80244020e-21	1.50593902e-17	2.70687774e-14	2.02246195e-11	1.56816508e-08	5.52636625e-06	1.70531205e-03	1.28954628e-01	3.88613544e-01	4.80720973e-01
7.3	7.04780126e-52	9.20114909e-45	7.98595329e-38	8.26035582e-32	8.50885605e-27	1.68208925e-22	9.21297493e-19	2.30432422e-15	2.42215898e-12	2.62425577e-09	1.27828971e-06	5.67716070e-04	5.43564284e-02	2.81720085e-01	6.63354490e-01
7.4	5.71474282e-54	1.03177084e-46	1.22594049e-39	1.83945825e-33	2.54854669e-28	7.18645472e-24	5.41449435e-20	1.87795166e-16	2.76077458e-13	4.14417523e-10	2.76825537e-07	1.75099552e-04	2.14438081e-02	1.86301391e-01	7.92079424e-01
7.5	5.49098686e-56	1.37071954e-48	2.22909660e-41	4.66802911e-35	8.67233863e-30	3.47616932e-25	3.55925820e-21	1.70041416e-17	3.45747571e-14	7.07898608e-11	6.39131584e-08	5.61021975e-05	8.95583990e-03	1.24496862e-01	8.66491132e-01
7.6	5.42288967e-58	1.87170311e-50	4.16575961e-43	1.21649415e-36	3.03648565e-31	1.72371489e-26	2.39027658e-22	1.57071784e-18	4.40858582e-15	1.22862381e-11	1.49457383e-08	1.81136651e-05	3.78045179e-03	8.24060566e-02	9.13795363e-01
7.7	6.00376906e-60	2.86497490e-52	8.72667302e-45	3.54708277e-38	1.19456716e-32	9.52809759e-28	1.77629090e-23	1.60071057e-19	6.17431331e-16	2.33187075e-12	3.79620118e-09	6.28315599e-06	1.72554843e-03	5.64826395e-02	9.41785525e-01
7.8	7.02529016e-62	4.63500489e-54	1.93236389e-46	1.09272330e-39	4.98488707e-34	5.62140639e-29	1.40513547e-24	1.73355034e-20	9.17161705e-17	4.68354274e-13	1.01816481e-09	2.28960177e-06	8.28244810e-04	3.98041072e-02	9.59365357e-01
7.9	8.48890100e-64	7.74285845e-56	4.41858426e-48	3.47564801e-41	2.15256571e-35	3.44387252e-30	1.15245313e-25	1.94444417e-21	1.40955348e-17	9.71949031e-14	2.81780702e-10	8.58387775e-07	4.09287836e-04	2.85081384e-02	9.71081715e-01
8	1.08226436e-65	1.36497645e-57	1.06645072e-49	1.16629248e-42	9.79650775e-37	2.28043371e-31	1.02030094e-26	2.35524174e-22	2.33712062e-18	2.17405098e-14	8.34524736e-11	3.40623757e-07	2.13398034e-04	2.09596279e-02	9.78826633e-01

4	5.92907633e-02	9.40634399e-01	7.48377121e-05	2.33969495e-14	2.82580936e-29	1.54918713e-90	7.14038906e-152	9.97493234e-215	7.26678372e-278	1.00000000e-300	1.00000000e-300	1.00000000e-300	1.00000000e-300	1.00000000e-300	1.00000000e-300
4.1	9.49036900e-03	9.86882184e-01	3.62744692e-03	2.02940116e-10	5.27052793e-22	5.18273319e-79	3.06202745e-140	4.79290533e-203	3.91793295e-266	1.00000000e-300	1.00000000e-300	1.00000000e-300	1.00000000e-300	1.00000000e-300	1.00000000e-300
4.2	1.90137904e-03	9.10340445e-01	8.77577922e-02	3.84000232e-07	5.61283565e-16	3.55768149e-66	2.92452799e-127	5.12655369e-190	4.70228961e-253	1.00000000e-300	1.00000000e-300	1.00000000e-300	1.00000000e-300	1.00000000e-300	1.00000000e-300
4.3	4.78445484e-04	4.98864177e-01	5.00609637e-01	4.77401900e-05	6.14463277e-12	1.34992385e-52	4.56893572e-103	5.83309643e-159	5.39872490e-220	1.15736494e-283	1.00000000e-300	1.00000000e-300	1.00000000e-300	1.00000000e-300	1.00000000e-300
4.4	5.45422602e-05	1.07580897e-01	8.90898169e-01	1.46638054e-03	1.10142832e-08	2.43262735e-40	3.12976274e-80	3.79832656e-128	4.95608477e-185	2.12700811e-246	1.00000000e-300	1.00000000e-300	1.00000000e-300	1.00000000e-300	1.00000000e-300
4.5	8.03662469e-06	2.30206064e-02	9.59247482e-01	1.77205048e-02	3.37004098e-06	6.32530469e-31	2.48425878e-62	2.41168027e-100	2.96882775e-147	7.42780432e-200	4.73279845e-258	1.00000000e-300	1.00000000e-300	1.00000000e-300	1.00000000e-300
4.6	1.30222354e-06	5.19706648e-03	8.51099657e-01	1.43182796e-01	5.19178563e-04	4.21876774e-23	1.29113378e-47	1.59659456e-77	2.79794164e-115	5.31448576e-159	2.02340224e-209	2.04111428e-267	1.00000000e-300	1.00000000e-300	1.00000000e-300
4.7	1.44598120e-07	7.79923637e-04	4.18550038e-01	5.49822431e-01	3.08474627e-02	1.21310393e-16	1.94454887e-35	1.45477212e-58	9.02147955e-88	1.57994402e-122	1.45934267e-162	3.24335107e-210	3.73338643e-262	1.00000000e-300	1.00000000e-300
4.8	9.18140256e-09	6.61764961e-05	9.02786326e-02	5.97240989e-01	3.12414193e-01	3.01307055e-12	6.02703263e-27	3.32523336e-45	1.71143179e-68	2.57846988e-96	1.50897635e-128	4.39220581e-167	1.92386207e-209	4.03418413e-273	1.00000000e-300
4.9	2.17279756e-10	2.09153814e-06	6.76029071e-03	1.96679879e-01	7.96557730e-01	8.01406860e-09	6.96370710e-20	8.09243366e-34	7.15183274e-52	1.77648567e-73	1.00243651e-98	6.74146880e-129	4.49781551e-162	2.25391407e-225	1.08918243e-288
5	6.04711888e-12	7.79272583e-08	5.14011450e-04	4.82803219e-02	9.51204027e-01	1.56126444e-06	6.11072746e-15	1.00066630e-25	6.32093152e-40	4.48387834e-57	3.13629950e-77	2.80395643e-101	1.02177146e-127	1.25882136e-189	4.62031609e-251
5.1	2.39018093e-13	4.13615404e-09	5.18882030e-05	1.36092214e-02	9.86237822e-01	1.01064542e-04	6.10013842e-11	4.05434299e-19	3.93369946e-30	1.42009148e-43	1.65988083e-59	1.74380519e-78	2.47323113e-99	1.47532436e-160	9.24667917e-222
5.2	1.41190822e-14	3.28990539e-10	7.37820597e-06	4.75766148e-03	9.92499614e-01	2.73524636e-03	9.94713345e-08	9.00837636e-14	3.48720999e-22	1.41195734e-32	4.75971631e-45	7.00372609e-60	3.81417534e-76	2.65056400e-137	1.01798691e-199
5.3	1.71132688e-15	5.37646638e-11	1.98800643e-06	2.63756611e-03	9.70296165e-01	2.70451305e-02	1.91497917e-05	6.45353572e-10	2.06006217e-16	1.43483130e-24	1.73144473e-34	2.76052386e-46	3.40626044e-59	4.85377329e-121	1.34600803e-176
5.4	2.26492050e-16	9.59240199e-12	5.69297488e-07	1.46128945e-03	8.22530204e-01	1.74301672e-01	1.70483733e-03	1.42783335e-06	2.31270538e-11	1.57265594e-17	3.60575772e-25	2.85996490e-34	3.34036187e-44	8.80479803e-105	2.10141769e-151
5.5	3.53105771e-17	2.01204406e-12	1.80153236e-07	7.70814414e-04	5.04161840e-01	4.64064058e-01	3.07335972e-02	2.69431002e-04	7.92715392e-08	1.63828731e-12	1.91846906e-18	1.50051551e-25	2.61367130e-33	1.73771889e-82	6.58134560e-117
5.6	3.59516710e-18	2.75701545e-13	3.60769162e-08	2.42423313e-04	1.84812069e-01	5.99153427e-01	2.02725094e-01	1.30218167e-02	4.51161515e-05	1.74373149e-08	6.03502273e-13	2.45711133e-18	3.12379232e-24	1.70809760e-64	6.46872095e-90
5.7	2.28266423e-19	2.35652547e-14	4.35943307e-09	4.32375386e-05	3.85373747e-02	3.53691614e-01	4.55903576e-01	1.47964483e-01	3.84295411e-03	1.67471348e-05	9.68777368e-09	1.05527616e-12	4.65142463e-17	5.36432428e-51	9.39623561e-71
5.8	9.81851995e-21	1.36466390e-15	3.43851505e-10	4.74897615e-06	5.24483385e-03	1.09944007e-01	3.96719600e-01	4.34464466e-01	5.21448218e-02	1.47016692e-03	7.34555258e-06	9.83109323e-09	6.58767693e-12	5.54209440e-40	5.23576897e-57
5.9	2.40575312e-22	4.50232522e-17	1.52637260e-11	2.89319253e-07	4.03819775e-04	1.80091565e-02	1.64161484e-01	5.29450014e-01	2.49113209e-01	3.75556083e-02	1.29017095e-03	1.61258156e-05	1.22699488e-07	2.69298366e-30	2.22825705e-45
6	5.11273250e-24	1.29006312e-18	5.75004484e-13	1.48765731e-08	2.73271040e-05	2.25893146e-03	4.24497102e-02	3.05742141e-01	4.00641945e-01	2.15640404e-01	3.11841852e-02	1.96753116e-03	8.78098838e-05	2.48334467e-24	4.01843896e-38
6.1	5.54035438e-26	1.88427234e-20	1.09159799e-14	3.78058244e-10	9.25575317e-07	1.36239572e-04	4.98213183e-03	7.40205736e-02	2.41662210e-01	4.04363831e-01	2.08980400e-01	5.44574862e-02	1.13962024e-02	1.21873726e-17	1.50861823e-29
6.2	2.76548044e-28	1.26742232e-22	9.40884919e-17	4.25714173e-12	1.41097446e-08	3.51887911e-06	2.33106699e-04	6.47487354e-03	4.58693410e-02	2.00951970e-01	3.03041697e-01	2.54327827e-01	1.89097652e-01	5.04152717e-10	2.58891032e-19
6.3	9.71478853e-31	5.97455092e-25	5.60342661e-19	2.67479556e-14	1.21353158e-10	4.88253408e-08	5.47113663e-06	2.62348670e-04	3.58263217e-03	3.47283759e-02	1.26466164e-01	2.73503795e-01	5.61449997e-01	1.16787526e-06	9.36741913e-14
6.4	2.70488558e-33	2.23437298e-27	2.63260950e-21	1.26171715e-16	7.86666349e-13	5.01224424e-10	9.25784992e-08	7.44034717e-06	1.87306154e-04	3.76973897e-03	3.08228360e-02	1.57853542e-01	8.07267325e-01	9.17182612e-05	6.98987051e-10
6.5	1.28774135e-35	1.46345956e-29	2.13604526e-23	1.22029031e-18	1.05151802e-14	1.02144715e-11	2.95130191e-09	3.75627072e-07	1.59157305e-05	5.84449773e-04	9.13846235e-03	9.29242051e-02	8.96608530e-01	7.27996946e-04	6.16769565e-08
6.6	7.26829611e-38	1.14058097e-31	2.04747367e-25	1.51505314e-20	1.80219429e-16	2.64346756e-13	1.17608688e-10	2.32774193e-08	1.61617311e-06	1.04129548e-04	2.96897286e-03	5.69832012e-02	9.35392179e-01	4.54665751e-03	3.22045659e-06
6.7	5.57030036e-40	1.21341455e-33	2.65038168e-27	2.87209630e-22	4.70970725e-18	1.02825387e-14	6.88127362e-12	2.06158477e-09	2.25404304e-07	2.40502448e-05	1.16534509e-03	3.91692429e-02	9.38545241e-01	2.10142569e-02	8.16361528e-05
6.8	5.80210457e-42	1.75236973e-35	4.63249951e-29	7.35311928e-24	1.65688369e-19	5.31782606e-16	5.22934700e-13	2.31675517e-10	3.86827171e-08	6.50755022e-06	5.03446064e-04	2.80902476e-02	8.92456074e-01	7.75697296e-02	1.37395622e-03
6.9	6.10906362e-44	2.55699470e-37	8.15442648e-31	1.89629577e-25	5.86230857e-21	2.75139014e-17	3.93609007e-14	2.55243539e-11	6.42307994e-09	1.66849891e-06	2.00669837e-04	1.81605273e-02	7.35962654e-01	2.28719537e-01	1.69549373e-02
7	7.59254902e-46	4.39991101e-39	1.64619494e-32	5.61638149e-27	2.36384582e-22	1.60683913e-18	3.26515320e-15	3.01581563e-12	1.10986400e-09	4.24955895e-07	7.46721294e-05	1.03642991e-02	5.14270299e-01	3.89440702e-01	8.58496016e-02
7.1	7.31661188e-48	5.86895113e-41	2.72228646e-34	1.35700754e-28	7.76092675e-24	7.61213926e-20	2.18488226e-16	2.85618043e-13	1.52233802e-10	8.48049137e-08	2.14618101e-05	4.50097909e-03	2.74672187e-01	4.55868310e-01	2.64936977e-01
7.2	6.35924954e-50	7.05773472e-43	4.47605356e-36	3.23612248e-30	2.50618128e-25	3.52399084e-21	1.41449077e-17	2.58841770e-14	1.96386579e-11	1.55521867e-08	5.52525549e-06	1.70531206e-03	1.28954629e-01	3.88613545e-01	4.80720974e-01
7.3	5.33756728e-52	8.19446865e-45	7.11179209e-38	7.46227219e-32	7.78860889e-27	1.56456018e-22	8.68318820e-19	2.20909634e-15	2.35631644e-12	2.60489036e-09	1.27803208e-06	5.67716070e-04	5.43564284e-02	2.81720085e-01	6.63354490e-01
7.4	4.33793977e-54	9.21204240e-47	1.09453642e-39	1.66734081e-33	2.34047321e-28	6.70547159e-24	5.11775959e-20	1.80449430e-16	2.69019385e-13	4.11594075e-10	2.76763224e-07	1.75099552e-04	2.14438081e-02	1.86301391e-01	7.92079424e-01
7.5	4.19171666e-56	1.23093019e-48	2.00172040e-41	4.25585408e-35	8.00469212e-30	3.25348780e-25	3.37441631e-21	1.63754674e-17	3.37401415e-14	7.03307459e-11	6.38995640e-08	5.61021975e-05	8.95583990e-03	1.24496862e-01	8.66491132e-01
7.6	4.15788383e-58	1.68847363e-50	3.75786263e-43	1.11403330e-36	2.81333315e-31	1.61745397e-26	2.27188281e-22	1.51544408e-18	4.30787308e-15	1.22126640e-11	1.49432825e-08	1.81136651e-05	3.78045179e-03	8.24060566e-02	9.13795363e-01
7.7	4.60796104e-60	2.58750735e-52	7.88131180e-45	3.25187007e-38	1.10773179e-32	8.95186763e-28	1.69042461e-23	1.54555397e-19	6.03754457e-16	2.31937634e-12	3.79543900e-09	6.28315599e-06	1.72554843e-03	5.64826395e-02	9.41785525e-01
7.8	5.40690617e-62	4.19849741e-54	1.75038107e-46	1.00471285e-39	4.63570310e-34	5.29463654e-29	1.33870965e-24	1.67569518e-20	8.97696062e-17	4.66187813e-13	1.01801098e-09	2.28960177e-06	8.28244810e-04	3.98041072e-02	9.59365357e-01
7.9	6.55749685e-64	7.04114711e-56	4.01814161e-48	3.20771143e-41	2.00913981e-35	3.25354864e-30	1.09887641e-25	1.88182682e-21	1.38072455e-17	9.68027978e-14	2.81734522e-10	8.58387775e-07	4.09287836e-04	2.85081384e-02	9.71081715e-01
8	8.38006632e-66	1.24430570e-57	9.72171134e-50	1.07894839e-42	9.16557266e-37	2.15946841e-31	9.75807844e-27	2.28168528e-22	2.28990106e-18	2.16552662e-14	8.34409090e-11	3.40623757e-07	2.13398034e-04	2.09596279e-02	9.78826633e-01

4	5.40971845e-02	9.45827560e-01	7.52558764e-05	5.00974245e-14	1.51118225e-28	8.04243900e-90	3.61071928e-151	4.78769407e-214	3.37351612e-277	1.00000000e-300	1.00000000e-300	1.00000000e-300	1.00000000e-300	1.00000000e-300	1.00000000e-300
4.1	8.82993013e-03	9.87540510e-01	3.62955969e-03	4.39312335e-10	2.91192985e-21	2.78784302e-78	1.64632106e-139	2.43959653e-202	1.92918295e-265	1.00000000e-300	1.00000000e-300	1.00000000e-300	1.00000000e-300	1.00000000e-300	1.00000000e-300
4.2	1.77564914e-03	9.10478098e-01	8.77454075e-02	8.45655821e-07	3.20718670e-15	1.98698179e-65	1.70253585e-126	2.81659179e-189	2.49969318e-252	1.00000000e-300	1.00000000e-300	1.00000000e-300	1.00000000e-300	1.00000000e-300	1.00000000e-300
4.3	4.33989876e-04	4.98984200e-01	5.00479964e-01	1.01845953e-04	3.40329249e-11	7.34950068e-52	2.55082576e-102	3.10317115e-158	3.53285765e-219	7.04505327e-283	1.00000000e-300	1.00000000e-300	1.00000000e-300	1.00000000e-300	1.00000000e-300
4.4	4.80563976e-05	1.07535371e-01	8.89503130e-01	2.91338744e-03	5.46477006e-08	1.19248993e-39	1.54602741e-79	1.80211471e-127	3.47227541e-184	1.43283063e-245	1.00000000e-300	1.00000000e-300	1.00000000e-300	1.00000000e-300	1.00000000e-300
4.5	6.88404507e-06	2.28182677e-02	9.47791143e-01	2.93716958e-02	1.20096634e-05	2.23360872e-30	8.75161170e-62	8.16828541e-100	1.44290315e-146	3.60263343e-199	2.27229125e-257	1.00000000e-300	1.00000000e-300	1.00000000e-300	1.00000000e-300
4.6	1.05213641e-06	4.92338473e-03	8.01260630e-01	1.92596805e-01	1.21812806e-03	9.83223436e-23	2.98646665e-47	3.56098791e-77	8.67580491e-115	1.68419219e-158	6.34830142e-209	6.42355411e-267	1.00000000e-300	1.00000000e-300	1.00000000e-300
4.7	1.07940313e-07	6.88268160e-04	3.65641717e-01	5.88911500e-01	4.47584075e-02	1.75204435e-16	2.78320782e-35	2.01645296e-58	1.68052846e-87	3.05050511e-122	2.78994377e-162	6.21984792e-210	7.19925965e-262	1.00000000e-300	1.00000000e-300
4.8	6.41097171e-09	5.49303224e-05	7.38429792e-02	5.71553458e-01	3.54548626e-01	3.41372362e-12	6.79528339e-27	3.69319553e-45	2.46129743e-68	3.81486463e-96	2.22898171e-128	6.51081233e-167	2.85969068e-209	5.99654150e-273	1.00000000e-300
4.9	1.54415900e-10	1.77536194e-06	5.62983229e-03	1.86065378e-01	8.08303006e-01	8.14914846e-09	7.09166851e-20	8.28388171e-34	9.14857694e-52	2.32038066e-73	1.31712499e-98	8.89493857e-129	5.93414050e-162	2.97367527e-225	1.43700016e-288
5	4.43039093e-12	6.84033103e-08	4.41223894e-04	4.65435890e-02	9.53013541e-01	1.57740810e-06	6.25444975e-15	1.05654695e-25	8.10480702e-40	5.88154325e-57	4.14296629e-77	3.72397420e-101	1.35690886e-127	1.67171028e-189	6.13576330e-251
5.1	1.79508168e-13	3.72796981e-09	4.56462187e-05	1.33530675e-02	9.86498479e-01	1.02803500e-04	6.35718018e-11	4.47934160e-19	5.15512139e-30	1.91205682e-43	2.25946652e-59	2.38947725e-78	3.38845507e-99	2.02127098e-160	1.26684306e-221
5.2	1.07216480e-14	2.99953596e-10	6.56171850e-06	4.70615775e-03	9.92476848e-01	2.81032665e-03	1.05866915e-07	1.04596880e-13	4.71148991e-22	1.97282563e-32	6.76555775e-45	1.00331233e-59	5.46369197e-76	3.79685357e-137	1.45823577e-199
5.3	1.30358342e-15	4.92065290e-11	1.77666193e-06	2.60735748e-03	9.69445100e-01	2.79251642e-02	2.06005623e-05	7.68395916e-10	2.81373193e-16	2.03951933e-24	2.51454337e-34	4.04548396e-46	4.99179599e-59	7.11309265e-121	1.97254368e-176
5.4	1.72027547e-16	8.75950563e-12	5.08459317e-07	1.43398836e-03	8.17057927e-01	1.79667128e-01	1.83872757e-03	1.72091162e-06	3.15520769e-11	2.24574275e-17	5.28086722e-25	4.23114845e-34	4.94186728e-44	1.30261765e-104	3.10892284e-151
5.5	2.65565949e-17	1.82009468e-12	1.59846543e-07	7.44211861e-04	4.94260177e-01	4.71914498e-01	3.27602876e-02	3.20560158e-04	1.05472222e-07	2.28944126e-12	2.75823763e-18	2.17956702e-25	3.79647643e-33	2.52411572e-82	9.55970379e-117
5.6	2.66599404e-18	2.45681052e-13	3.16293907e-08	2.28978715e-04	1.77471433e-01	5.96000625e-01	2.11193956e-01	1.50473363e-02	5.76168355e-05	2.34404673e-08	8.36257759e-13	3.44018364e-18	4.37365033e-24	2.39152314e-64	9.05691563e-90
5.7	1.65513964e-19	2.04868719e-14	3.74115878e-09	3.95638349e-05	3.58325565e-02	3.39823166e-01	4.57026849e-01	1.62640679e-01	4.61597453e-03	2.11940866e-05	1.26464425e-08	1.39200295e-12	6.13547012e-17	7.07582170e-51	1.23941217e-70
5.8	6.94387553e-21	1.15435301e-15	2.87937180e-10	4.19555388e-06	4.70877852e-03	1.01763240e-01	3.81121879e-01	4.52063419e-01	5.85914062e-02	1.73811728e-03	8.95265323e-06	1.20998544e-08	8.10767133e-12	6.82083842e-40	6.44383361e-57
5.9	1.66797295e-22	3.72490149e-17	1.25341164e-11	2.48145438e-07	3.52074920e-04	1.61526743e-02	1.52022584e-01	5.24739348e-01	2.63516729e-01	4.17213215e-02	1.47625779e-03	1.86208056e-05	1.41677951e-07	3.10951916e-30	2.57291126e-45
6	3.47489931e-24	1.04426953e-18	4.62851522e-13	1.24346792e-08	2.32384935e-05	1.97335215e-03	3.81815990e-02	2.91646643e-01	4.04051799e-01	2.27946968e-01	3.39217860e-02	2.15828341e-03	9.63184735e-05	2.72397545e-24	4.40781709e-38
6.1	3.69361129e-26	1.49329468e-20	8.61658167e-15	3.08435354e-10	7.68785642e-07	1.16086463e-04	4.36037915e-03	6.82018238e-02	2.33492197e-01	4.08226567e-01	2.16779102e-01	5.69132922e-02	1.19097838e-02	1.27366088e-17	1.57660563e-29
6.2	1.83213523e-28	9.96067102e-23	7.37376875e-17	3.43816959e-12	1.16072067e-08	2.96557795e-06	2.01404400e-04	5.85943951e-03	4.32526612e-02	1.97121578e-01	3.04731530e-01	2.57431609e-01	1.91398801e-01	5.10287806e-10	2.62041505e-19
6.3	6.53211350e-31	4.75434517e-25	4.45014888e-19	2.17451819e-14	1.00509479e-10	4.14084116e-08	4.74912099e-06	2.37644882e-04	3.36212870e-03	3.38202968e-02	1.25972031e-01	2.74043674e-01	5.62558264e-01	1.17018057e-06	9.38590983e-14
6.4	1.86046557e-33	1.81466640e-27	2.13533156e-21	1.03968862e-16	6.60336887e-13	4.30706931e-10	8.12995426e-08	6.79482831e-06	1.76269575e-04	3.67479304e-03	3.06705004e-02	1.57895895e-01	8.07483922e-01	9.17428700e-05	6.99174595e-10
6.5	9.02998613e-36	1.21064537e-29	1.76538252e-23	1.02113887e-18	8.95216292e-15	8.89260261e-12	2.62276577e-09	3.45479195e-07	1.50309920e-05	5.70563273e-04	9.09716191e-03	9.29294696e-02	8.96659326e-01	7.28038190e-04	6.16804508e-08
6.6	5.17874595e-38	9.58095415e-32	1.71880668e-25	1.28529478e-20	1.55412531e-16	2.32812298e-13	1.05606036e-10	2.15476145e-08	1.53153051e-06	1.01817308e-04	2.95663143e-03	5.69840437e-02	9.35406009e-01	4.54672473e-03	3.22050421e-06
6.7	4.00890442e-40	1.02950674e-33	2.24781064e-27	2.46253033e-22	4.10363658e-18	9.13609421e-15	6.22556966e-12	1.91803303e-09	2.14256707e-07	2.35543916e-05	1.16065677e-03	3.91694466e-02	9.38550123e-01	2.10143662e-02	8.16365775e-05
6.8	4.21429720e-42	1.50032096e-35	3.96510669e-29	6.36571804e-24	1.45703510e-19	4.76834342e-16	4.76962891e-13	2.16779547e-10	3.69120132e-08	6.38495520e-06	5.01561109e-04	2.80903040e-02	8.92457868e-01	7.75698856e-02	1.37395898e-03
6.9	4.47411696e-44	2.20722881e-37	7.03797423e-31	1.65616092e-25	5.19859186e-21	2.48910966e-17	3.61878710e-14	2.40195745e-11	6.15403882e-09	1.64007527e-06	1.99981295e-04	1.81605403e-02	7.35963182e-01	2.28719701e-01	1.69549495e-02
7	5.59523840e-46	3.82119953e-39	1.42956553e-32	4.93772554e-27	2.10964324e-22	1.46145379e-18	3.01578353e-15	2.84526187e-12	1.06508751e-09	4.17865031e-07	7.44331212e-05	1.03643017e-02	5.14270426e-01	3.89440798e-01	8.58496227e-02
7.1	5.42390311e-48	5.12701536e-41	2.37791211e-34	1.20069104e-28	6.96823681e-24	6.95904742e-20	2.02720521e-16	2.70231752e-13	1.46382552e-10	8.34673190e-08	2.13989628e-05	4.50097938e-03	2.74672205e-01	4.55868340e-01	2.64936994e-01
7.2	4.73968788e-50	6.19826417e-43	3.93067274e-36	2.88074448e-30	2.26256187e-25	3.23684441e-21	1.31834149e-17	2.45695337e-14	1.89340919e-11	1.53355216e-08	5.51102381e-06	1.70531208e-03	1.28954630e-01	3.88613551e-01	4.80720981e-01
7.3	3.99246968e-52	7.22195644e-45	6.26752883e-38	6.67151714e-32	7.06132335e-27	1.44268570e-22	8.12210613e-19	2.10252402e-15	2.27645619e-12	2.57111924e-09	1.27468285e-06	5.67716072e-04	5.43564286e-02	2.81720086e-01	6.63354492e-01
7.4	3.25555612e-54	8.14409686e-47	9.67621189e-40	1.49650429e-33	2.12996113e-28	6.20556900e-24	4.80298673e-20	1.72169281e-16	2.60376746e-13	4.06561525e-10	2.75978080e-07	1.75099552e-04	2.14438082e-02	1.86301392e-01	7.92079424e-01
7.5	3.16655881e-56	1.09532811e-48	1.78113766e-41	3.84436263e-35	7.32612281e-30	3.02210298e-25	3.17835780e-21	1.56684873e-17	3.27230726e-14	6.95305892e-11	6.37415629e-08	5.61015864e-05	8.95583991e-03	1.24496862e-01	8.66491133e-01
7.6	3.15728557e-58	1.51006933e-50	3.36072428e-43	1.01131395e-36	2.58629387e-31	1.50723515e-26	2.14649982e-22	1.45347082e-18	4.18515657e-15	1.20842992e-11	1.49097226e-08	1.81131703e-05	3.78045179e-03	8.24060566e-02	9.13795363e-01
7.7	3.50685686e-60	2.31914412e-52	7.06408018e-45	2.95806373e-38	1.02028776e-32	8.35961728e-28	1.60031375e-23	1.48455847e-19	5.87243960e-16	2.29727328e-12	3.78705890e-09	6.28293561e-06	1.72554843e-03	5.64826395e-02	9.41785525e-01
7.8	4.12864696e-62	3.77512736e-54	1.57389923e-46	9.16792619e-40	4.28253843e-34	4.95747997e-29	1.26916741e-24	1.61203730e-20	8.74116760e-17	4.62128383e-13	1.01572327e-09	2.28954962e-06	8.28244810e-04	3.98041072e-02	9.59365357e-01
7.9	5.02600013e-64	6.35474688e-56	3.62638086e-48	2.93754143e-41	1.86263250e-35	3.05512275e-30	1.04298937e-25	1.81302668e-21	1.34601204e-17	9.60401619e-14	2.81113987e-10	8.58387775e-07	4.09287836e-04	2.85081384e-02	9.71081715e-01
8	6.44216788e-66	1.12631955e-57	8.79989020e-50	9.90912006e-43	8.52209635e-37	2.03365982e-31	9.29195716e-27	2.20066819e-22	2.23366700e-18	2.14922383e-14	8.32709093e-11	3.40623757e-07	2.13398034e-04	2.09596279e-02	9.78826633e-01

4	4.90939148e-02	9.50830410e-01	7.56756178e-05	9.59897317e-14	6.32361384e-28	3.20689395e-89	1.36362167e-150	1.72428451e-213	1.17652424e-276	1.00000000e-300	1.00000000e-300	1.00000000e-300	1.00000000e-300	1.00000000e-300	1.00000000e-300
4.1	8.12609335e-03	9.88242014e-01	3.63189147e-03	8.45302731e-10	1.25364984e-20	1.15276965e-77	6.89175486e-139	9.72816289e-202	7.45296040e-265	1.00000000e-300	1.00000000e-300	1.00000000e-300	1.00000000e-300	1.00000000e-300	1.00000000e-300
4.2	1.63932718e-03	9.10635191e-01	8.77238379e-02	1.64346530e-06	1.42735286e-14	8.56918911e-65	8.27796206e-126	1.30272707e-188	1.12074595e-251	1.00000000e-300	1.00000000e-300	1.00000000e-300	1.00000000e-300	1.00000000e-300	1.00000000e-300
4.3	3.90329446e-04	4.99280842e-01	5.00130906e-01	1.97922518e-04	1.53804784e-10	3.24481797e-51	1.22316400e-101	1.44773677e-157	1.77753265e-218	3.40245224e-282	1.00000000e-300	1.00000000e-300	1.00000000e-300	1.00000000e-300	1.00000000e-300
4.4	4.20838736e-05	1.07560826e-01	8.86898199e-01	5.49865258e-03	2.39133791e-07	5.13275322e-39	6.91866835e-79	7.99108798e-127	1.80434423e-183	7.37837146e-245	1.00000000e-300	1.00000000e-300	1.00000000e-300	1.00000000e-300	1.00000000e-300
4.5	5.83245230e-06	2.25254176e-02	9.28348800e-01	4.90759057e-02	4.40440215e-05	8.08393087e-30	3.18245603e-61	2.94621077e-99	6.06757180e-146	1.57223237e-198	9.71578038e-257	1.00000000e-300	1.00000000e-300	1.00000000e-300	1.00000000e-300
4.6	8.20966211e-07	4.54024126e-03	7.27773353e-01	2.64493012e-01	3.19257242e-03	2.55133885e-22	7.66867479e-47	9.06206798e-77	2.55722180e-114	5.25475878e-158	1.94055908e-208	1.99488365e-266	1.00000000e-300	1.00000000e-300	1.00000000e-300
4.7	7.48346930e-08	5.69591672e-04	2.95255607e-01	6.29596254e-01	7.45784721e-02	2.89963535e-16	4.55250510e-35	3.26132315e-58	3.12475095e-87	6.00568887e-122	5.38111372e-162	1.21887827e-209	1.62421444e-261	1.00000000e-300	1.00000000e-300
4.8	4.07103858e-09	4.18112851e-05	5.42485407e-02	5.19452863e-01	4.26256781e-01	4.08919008e-12	8.07567269e-27	4.37986907e-45	3.31797544e-68	5.40782979e-96	3.11390866e-128	9.26341832e-167	4.35997091e-209	9.26037745e-273	1.00000000e-300
