4	1.00557150e-002	9.89942350e-001	1.93535118e-006	5.07294284e-018	7.82740756e-037	6.13914318e-056	2.99616554e-075	9.52675846e-095	9.22777844e-115	1.55062652e-134	1.85850675e-154	2.09338449e-174	1.75046784e-194	1.13762776e-214	
4.1	6.55494815e-003	9.93361241e-001	8.38104628e-005	2.58736575e-013	4.72785467e-032	4.37359359e-051	2.51298184e-070	9.36945616e-090	9.95797233e-110	1.97156338e-129	2.85795953e-149	3.74308741e-169	3.61930711e-189	2.70865672e-209	
4.2	5.27088004e-003	9.93095760e-001	1.63335825e-003	1.46818104e-009	3.17712458e-028	3.46677350e-047	2.34526688e-066	1.02534293e-085	1.17787815e-105	2.74570071e-125	4.78820556e-145	7.30054059e-165	8.16880262e-185	7.04389292e-205	
4.3	4.18393872e-003	9.77810266e-001	1.80042430e-002	1.55176795e-006	3.97685276e-025	5.11834637e-044	4.07641476e-063	2.08982608e-082	2.59441358e-102	7.07348705e-122	1.44960387e-141	2.57606602e-161	3.33834334e-181	3.31876264e-201	
4.4	2.92814780e-003	8.78021051e-001	1.18645344e-001	4.05457879e-004	1.23056202e-022	1.86802583e-041	1.75138368e-060	1.05276730e-079	1.43294083e-099	4.42033757e-119	1.00039324e-138	2.07451473e-158	3.11615029e-178	3.57356685e-198	
4.5	1.42472870e-003	5.67510125e-001	4.03945773e-001	2.71193738e-002	2.17358535e-018	3.88994640e-037	4.28700919e-056	3.01795790e-075	4.60433573e-095	1.46243671e-114	3.31467975e-134	8.03052561e-154	1.39931444e-173	1.85236615e-193	
4.6	3.03196959e-004	1.65049847e-001	4.75801753e-001	3.58845203e-001	3.25256449e-013	3.84538501e-030	4.91385326e-049	3.99240597e-068	6.94693921e-088	1.96746983e-107	4.09923708e-127	1.16165186e-146	2.34999971e-166	3.59316185e-186	
4.7	2.11851025e-005	1.60926590e-002	1.53021546e-001	8.30864608e-001	1.31977602e-009	1.98161798e-022	1.84980358e-039	1.58808687e-058	3.12394143e-078	7.11863420e-098	1.31819236e-117	4.37472574e-137	1.02830683e-156	1.81727813e-176	
4.8	1.20304059e-006	1.29505625e-003	3.51618979e-002	9.63541234e-001	6.08739791e-007	1.53156333e-016	1.27803235e-029	2.43190680e-047	5.10765295e-067	9.27685886e-087	1.54339076e-106	6.00587891e-126	1.64166819e-145	3.35561636e-165	
4.9	8.50987398e-008	1.31777059e-004	9.57368738e-003	9.90218674e-001	7.57761959e-005	5.72232160e-012	5.44865992e-022	6.69622778e-036	3.58069316e-053	5.46020488e-073	8.41533334e-093	3.84472466e-112	1.22314913e-131	2.89379467e-151	
5	7.42844823e-009	1.68984312e-005	3.33369114e-003	9.93236348e-001	3.41303499e-003	2.02768576e-008	4.63313266e-016	5.28751362e-027	1.50170974e-040	6.45563479e-057	9.55385416e-077	5.13123914e-096	1.90165628e-115	5.21130218e-135	
5.1	7.95448807e-010	2.73995642e-006	1.51697721e-003	9.39087590e-001	5.93819376e-002	1.07548885e-005	1.89414372e-011	4.95267203e-020	1.27880955e-030	1.62019029e-043	2.79151904e-059	1.76958586e-076	7.64664185e-096	2.42920193e-115	
5.2	8.99775007e-011	4.85649276e-007	7.41794899e-004	6.50845518e-001	3.47433982e-001	9.78161809e-004	5.70306781e-008	1.19110682e-014	7.17502930e-023	5.57142070e-033	2.15302244e-045	7.81369330e-059	3.94073699e-078	1.45253851e-097	
5.3	8.46414865e-012	7.35146141e-008	2.88372434e-004	2.74650584e-001	7.06318497e-001	1.87236114e-002	1.88618558e-005	1.38724981e-010	6.75524465e-017	9.16620524e-025	1.73876249e-034	6.44208288e-045	3.79615962e-064	1.62499877e-083	
5.4	7.19856891e-013	1.01660086e-008	9.30187577e-005	8.89209647e-002	7.77878203e-001	1.31738971e-001	1.36864698e-003	1.85423839e-007	3.14800083e-012	2.74648857e-018	7.69894880e-026	7.39972554e-034	5.10009342e-053	2.53799125e-072	
5.5	5.07585006e-014	1.15779472e-009	2.24120236e-005	2.21180496e-002	5.28338656e-001	4.20053623e-001	2.94236364e-002	4.36090175e-005	1.30940988e-008	3.32609667e-013	5.33160776e-019	4.47595496e-025	3.61284604e-044	2.09246267e-063	
5.6	2.48329240e-015	8.97851023e-011	3.36551804e-006	3.64776540e-003	2.04365998e-001	5.94230882e-001	1.95674457e-001	2.07118720e-003	6.34131177e-006	2.51005712e-009	1.08490016e-013	3.34895127e-018	3.16955449e-037	2.13898940e-056	
5.7	8.87793708e-017	4.96203675e-012	3.33661153e-007	4.23371733e-004	4.96753576e-002	4.30934754e-001	4.92291941e-001	2.61473282e-002	5.24933755e-004	1.97830366e-006	1.26984137e-009	7.24553297e-013	8.05211314e-032	6.34024657e-051	
5.8	2.80373837e-018	2.35833844e-013	2.66771098e-008	4.18531911e-005	9.42247396e-003	2.06760633e-001	6.43240352e-001	1.28292866e-001	1.19494846e-002	2.90578962e-004	1.72174304e-006	1.05087469e-008	2.58900606e-025	3.50480444e-044	
5.9	8.15505560e-020	1.00596587e-014	1.81465980e-009	3.67354336e-006	1.48207069e-003	7.21110614e-002	5.10530943e-001	3.03350909e-001	1.00496014e-001	1.15756839e-002	4.31413958e-004	1.82284878e-005	1.57783604e-018	1.70007569e-033	
6	1.71163985e-021	3.02425225e-016	8.32465860e-011	2.24353682e-007	1.53742278e-004	1.49613846e-002	2.12335206e-001	3.14429678e-001	3.02641365e-001	1.28909546e-001	2.20145791e-002	4.55427423e-003	2.73474876e-013	3.90772076e-025	
6.1	1.60005910e-023	3.96655937e-018	1.60680578e-012	5.89114461e-009	6.57367016e-006	1.18113451e-003	3.07621551e-002	9.92672100e-002	2.37835574e-001	3.06610876e-001	1.83391057e-001	1.40945412e-001	1.61849424e-009	7.38800096e-019	
6.2	5.31581196e-026	1.81634068e-020	1.05103610e-014	5.31648601e-011	9.34123978e-008	2.91289649e-005	1.30763937e-003	8.31860662e-003	4.40315960e-002	1.45980528e-001	2.43377632e-001	5.56954336e-001	4.39368160e-007	2.06842190e-014	
6.3	1.48906530e-028	6.90757429e-023	5.57254398e-017	3.92102316e-013	1.05577346e-009	5.44475065e-007	4.02347989e-005	4.68013684e-004	4.98535020e-003	3.72364130e-002	1.43545984e-001	8.13703936e-001	1.95228587e-005	3.86082697e-011	
6.4	6.30083621e-031	3.91822277e-025	4.31974513e-019	4.24464377e-015	1.71248437e-011	1.40556360e-008	1.65083624e-006	3.31486862e-005	6.59812647e-004	9.97907051e-003	7.70392479e-002	9.11940770e-001	3.46270906e-004	1.40932924e-008	
6.5	4.40852321e-033	3.63634763e-027	5.38971930e-021	7.40150108e-017	4.38942032e-013	5.55839481e-010	1.00887525e-007	3.34323272e-006	1.17138692e-004	3.29263104e-003	4.58576936e-002	9.47384513e-001	3.34299042e-003	1.58866773e-006	
6.6	4.85879838e-035	5.26910232e-029	1.03588298e-022	1.98515186e-018	1.70193460e-014	3.24014750e-011	8.88231960e-009	4.68617208e-007	2.75231414e-005	1.34278598e-003	3.13488781e-002	9.47225342e-001	1.99843214e-002	7.06715784e-005	
6.7	7.45418382e-037	1.05502148e-030	2.72054640e-024	7.25485959e-020	8.85756106e-016	2.48004087e-012	1.00689411e-009	8.21169090e-008	7.76318684e-006	6.22268608e-004	2.31330658e-002	8.96088460e-001	7.87006905e-002	1.44766909e-003	
6.8	1.34810885e-038	2.47500199e-032	8.29333151e-026	3.06518340e-021	5.25768018e-017	2.12364363e-013	1.25538747e-010	1.54409172e-008	2.27063360e-006	2.85993762e-004	1.63198406e-002	7.59423258e-001	2.08931028e-001	1.50375937e-002	
6.9	2.44758433e-040	5.79882082e-034	2.50496068e-027	1.27751311e-022	3.03961603e-018	1.74111779e-014	1.47612975e-011	2.68160277e-009	5.95714294e-007	1.13635099e-004	9.68807847e-003	5.34005310e-001	3.72546305e-001	8.36460735e-002	
7	3.97914836e-042	1.21137074e-035	6.70001810e-029	4.69245853e-024	1.53030145e-019	1.22393178e-015	1.46802738e-012	3.86746883e-010	1.26528646e-007	3.54372788e-005	4.42043524e-003	2.92031237e-001	4.43925417e-001	2.59587346e-001	
7.1	5.74702516e-044	2.23975029e-037	1.57652469e-030	1.50882443e-025	6.66767814e-021	7.33954665e-017	1.22998158e-013	4.62473984e-011	2.17872367e-008	8.72157788e-006	1.56477216e-003	1.26503356e-001	3.76027537e-001	4.95895591e-001	
7.2	8.12551054e-046	4.04141929e-039	3.60062020e-032	4.68642539e-027	2.77534171e-022	4.14798194e-018	9.60102312e-015	5.07885677e-012	3.37681471e-009	1.88661230e-006	4.79771692e-004	4.84856958e-002	2.60504204e-001	6.90528438e-001	
7.3	1.24415326e-047	7.87537583e-041	8.83529185e-034	1.55665266e-028	1.22208570e-023	2.44820627e-019	7.74202893e-016	5.68796077e-013	5.24051004e-010	3.99924606e-007	1.42247528e-004	1.83022168e-002	1.67508433e-001	8.14046703e-001	
7.4	2.17237458e-049	1.74577534e-042	2.45453395e-035	5.82762213e-030	6.00106008e-025	1.59138594e-020	6.80534646e-017	6.86205225e-014	8.61332265e-011	8.80239499e-008	4.32539389e-005	7.18874902e-003	1.07039662e-001	8.85728247e-001	
7.5	4.39902208e-051	4.47844619e-044	7.85245172e-037	2.50192934e-031	3.34374081e-026	1.15966449e-021	6.64039316e-018	9.08936666e-015	1.52983146e-011	2.05525039e-008	1.37881951e-005	2.99146891e-003	6.98348967e-002	9.27159826e-001	
7.6	1.03405386e-052	1.33083412e-045	2.89584653e-038	1.23335113e-032	2.11672184e-027	9.48626943e-023	7.20455721e-019	1.32490530e-015	2.94525806e-012	5.11133052e-009	4.62806586e-006	1.32050161e-003	4.68745896e-002	9.51800276e-001	
7.7	2.80705102e-054	4.55811747e-047	1.22471926e-039	6.94746718e-034	1.51500603e-028	8.67072502e-024	8.65237095e-020	2.11682540e-016	6.12557300e-013	1.35066812e-009	1.63208937e-006	6.15267806e-004	3.23665942e-002	9.67016505e-001	
7.8	8.74416428e-056	1.78804319e-048	5.90126073e-041	4.44387779e-035	1.21827875e-029	8.80021000e-025	1.14325373e-020	3.68566482e-017	1.36885700e-013	3.77461893e-010	6.02003326e-007	3.00624792e-004	2.29261304e-002	9.76772642e-001	
7.9	3.10481374e-057	7.97995457e-050	3.21730900e-042	3.20650307e-036	1.09342089e-030	9.85300210e-026	1.65101669e-021	6.94874177e-018	3.26729697e-014	1.10992689e-010	2.31101463e-007	1.53010691e-004	1.65985837e-002	9.83248174e-001	
8	1.24923316e-058	4.02732635e-051	1.97193114e-043	2.59408507e-037	1.08868775e-031	1.20971261e-026	2.59015190e-022	1.41010395e-018	8.28206185e-015	3.41709409e-011	9.18848638e-008	8.06429191e-005	1.22407609e-002	9.87678504e-001	
