4	9.99518508e-001	4.81492192e-004	9.06365840e-014	1.00901247e-030	1.67332085e-049	1.83478163e-068	1.16125420e-087	4.31693011e-107	1.15614508e-126	2.35947975e-146	3.40965282e-166	3.57031709e-186	2.90269682e-206	1.83714989e-226	8.58401031e-247	2.79609456e-267	1.33899749e-287	1.00000000e-300	1.00000000e-300	
4.1	9.73109348e-001	2.68906468e-002	4.80850676e-009	1.20249947e-021	2.40379704e-040	3.17685227e-059	2.41328796e-078	1.06443541e-097	3.33919569e-117	8.19494857e-137	1.42739298e-156	1.79406372e-176	1.71451044e-196	1.30163258e-216	7.25952360e-237	2.85538216e-257	1.58385964e-277	6.99430179e-298	1.00000000e-300	
4.2	5.76242028e-001	4.23739529e-001	1.84432530e-005	1.39661976e-014	1.82267307e-030	2.90128308e-049	2.63753008e-068	1.37235552e-087	5.04895155e-107	1.49006952e-126	3.12822941e-146	4.71950487e-166	5.30138488e-186	4.82777969e-206	3.19149844e-226	1.51557529e-246	9.74897264e-267	4.97092221e-287	1.00000000e-300	
4.3	8.55817585e-002	9.11154453e-001	3.26378648e-003	1.51969023e-009	2.02431782e-021	1.30247930e-037	1.36449563e-056	7.96925378e-076	3.44259094e-095	1.22177341e-114	3.09161014e-134	5.59861310e-154	7.39227462e-174	8.07457632e-194	6.16144702e-214	3.52606559e-234	2.63355411e-254	1.55197955e-274	7.44390405e-295	
4.4	9.29370386e-003	8.82487669e-001	1.08210062e-001	8.56513747e-006	1.35287296e-014	7.66316639e-027	6.20159062e-043	3.29959597e-062	1.67560226e-081	7.15121958e-101	2.18111434e-120	4.74103758e-140	7.35808914e-160	9.64072317e-180	7.98866686e-200	5.45524915e-220	4.73669285e-240	3.22882948e-260	1.78348955e-280	
4.5	6.11886879e-004	3.45079808e-001	6.51597679e-001	2.71062489e-003	6.85880225e-010	3.16166269e-019	9.11838847e-032	3.27397351e-050	1.95671379e-069	1.00421544e-088	3.69156138e-108	9.63099759e-128	1.75696833e-147	2.76126975e-167	2.28430654e-187	1.80150358e-207	1.82067529e-227	1.43688367e-247	9.14571743e-268	
4.6	3.41110685e-005	7.43419335e-002	8.75013234e-001	5.06101957e-002	5.25451711e-007	2.99912680e-014	4.12389143e-024	1.07243851e-038	1.30950784e-055	8.08188510e-075	3.57969841e-094	1.11963543e-113	2.40074498e-133	4.52552353e-153	3.50870176e-173	2.99147562e-193	3.52307195e-213	3.22153616e-233	2.36425669e-253	
4.7	4.59877009e-006	2.28124302e-002	7.58814612e-001	2.18327296e-001	4.10624884e-005	9.57845392e-011	1.68188875e-018	4.89751349e-030	4.26935592e-043	3.16858833e-062	1.68694475e-081	6.26697657e-101	1.57766950e-120	3.56414663e-140	2.55531017e-160	2.17380704e-180	2.98686027e-200	3.16757015e-220	2.68210851e-240	
4.8	1.08709555e-006	8.02767830e-003	5.17929084e-001	4.73124758e-001	9.17349848e-004	4.25207328e-008	3.72717096e-014	3.00676320e-023	3.18640794e-033	2.84373756e-052	1.80108782e-071	7.61752589e-091	2.22949802e-110	5.99295205e-130	4.08545371e-150	3.29233114e-170	5.28413177e-190	6.50434733e-210	6.35873236e-230	
4.9	2.88710072e-007	2.69531742e-003	2.94380535e-001	6.93843911e-001	9.07506204e-003	4.88569344e-006	1.04268056e-010	7.89660082e-018	2.49158052e-025	2.67368522e-044	1.95946150e-063	8.45689038e-083	2.74422896e-102	8.47455055e-122	5.75208752e-142	4.37321335e-162	8.20859928e-182	1.17378052e-201	1.32558671e-221	
5	7.38633998e-008	8.57068244e-004	1.49629694e-001	7.98576195e-001	5.07284948e-002	2.08413115e-004	6.15817988e-008	1.86940591e-013	5.74018788e-019	7.39571975e-038	5.98068878e-057	2.26885007e-076	7.19538903e-096	2.31549124e-115	1.63638957e-135	1.21160193e-155	2.66291991e-175	4.42720563e-195	5.77979272e-215	
5.1	1.70644820e-008	2.52502724e-004	6.82475414e-002	7.48848157e-001	1.78631912e-001	4.00940783e-003	1.04611423e-005	6.54207568e-010	8.03833238e-014	6.06421288e-029	9.31192550e-047	2.83442167e-066	7.42267236e-086	2.15081347e-105	1.63125784e-125	1.23299913e-145	3.17717771e-165	6.14683816e-185	9.28301040e-205	
5.2	3.23993702e-009	6.30233797e-005	2.58100497e-002	5.40031190e-001	3.96193428e-001	3.73011616e-002	6.00656750e-004	4.86117456e-007	1.18140436e-009	3.46049481e-021	5.25524477e-035	1.76433531e-051	8.69903970e-071	2.04890588e-090	1.68620351e-110	1.36578933e-130	4.13136916e-150	9.30949831e-170	1.62759158e-189	
5.3	4.49571234e-010	1.17880432e-005	7.19694231e-003	2.71510401e-001	5.33177906e-001	1.74643114e-001	1.33367800e-002	1.19757211e-004	3.31056093e-006	6.83704900e-015	1.58571767e-025	1.70527073e-038	8.05077910e-054	5.71592170e-071	1.60774936e-090	1.45589909e-110	5.17689823e-130	1.35997957e-149	2.75461216e-169	
5.4	3.48613524e-011	1.25463202e-006	1.12759256e-003	7.48012825e-002	3.75276130e-001	4.01944589e-001	1.30401412e-001	1.36431963e-002	2.80454224e-003	1.02127952e-009	8.36158216e-018	5.87001026e-028	4.22582851e-040	1.07732331e-053	3.29439794e-069	9.14103218e-087	2.49891867e-105	7.66069489e-125	1.79912985e-144	
5.5	3.97729437e-013	1.98766246e-008	2.60317834e-005	3.13574033e-003	4.29596604e-002	1.63467526e-001	2.44687136e-001	2.60375780e-001	2.85342077e-001	6.02908481e-006	5.45164652e-012	7.15327022e-020	1.87570651e-029	3.43099398e-040	1.78631255e-052	2.19765240e-066	4.83767671e-081	1.73238199e-100	4.72154477e-120	
5.6	1.61583987e-016	1.12852928e-011	2.13629863e-008	5.14887998e-006	2.11630338e-004	3.10859058e-003	2.33029388e-002	1.85953649e-001	7.87027372e-001	3.90634162e-004	1.51288981e-008	1.37591400e-014	4.25619835e-022	1.57272298e-030	3.22138389e-040	3.35317018e-051	9.88053932e-063	4.13757928e-082	1.30994088e-101	
5.7	5.73689804e-020	5.61216168e-015	1.52510565e-011	8.14056790e-009	1.00987500e-006	5.47149507e-005	1.88848799e-003	8.20257092e-002	9.11089250e-001	4.93713920e-003	3.68058943e-006	1.04328415e-010	1.55628154e-016	4.25284946e-023	1.07731090e-030	2.54056841e-039	2.40872499e-048	1.18092121e-067	4.34737597e-087	
5.8	4.82817578e-023	6.61047339e-018	2.56398671e-014	3.13850050e-011	1.08514273e-008	1.90080777e-006	2.52733866e-004	4.51374500e-002	9.24896055e-001	2.94972262e-002	2.14525512e-004	9.77847112e-008	3.43414825e-012	3.10652423e-017	3.89114119e-023	7.29652672e-030	7.17021089e-037	4.12057404e-056	1.76590985e-075	
5.9	9.34690793e-026	1.78548343e-020	9.83084717e-017	2.66881685e-013	2.29797544e-010	1.12000153e-007	4.75286218e-005	2.76636205e-002	8.62678566e-001	1.05248864e-001	4.34311261e-003	1.81885314e-005	8.38064461e-009	1.30501514e-012	3.89072837e-017	2.52190084e-022	1.04404006e-027	7.04242871e-047	3.51769666e-066	
6	3.33124742e-028	8.83465730e-023	6.86891318e-019	3.86631743e-015	7.40982253e-012	8.75032541e-009	1.00242703e-005	1.57423274e-002	6.96686404e-001	2.47436510e-001	3.91736292e-002	9.47568452e-004	3.52219824e-006	5.48042926e-009	2.15885696e-012	2.48154926e-016	2.11583099e-020	1.67763320e-039	9.77983678e-059	
6.1	1.68009225e-030	6.14922245e-025	6.71489940e-021	7.27030373e-017	2.80648821e-013	7.13227367e-010	1.91594668e-006	6.97438795e-003	4.29526182e-001	3.72665621e-001	1.73596330e-001	1.68944283e-002	3.37792594e-004	3.33023487e-006	1.07573032e-008	1.27484021e-011	1.26709159e-014	1.21965846e-031	2.31408524e-050	
6.2	9.26954554e-033	4.64980204e-027	7.09129014e-023	1.37657169e-018	9.83120385e-015	4.87063400e-011	2.73118490e-007	2.04050169e-003	1.74131069e-001	3.27266406e-001	3.74811792e-001	1.12638615e-001	8.72819123e-003	3.76319948e-004	6.77949289e-006	5.30116616e-008	3.90558592e-010	1.22200580e-023	1.33369975e-038	
6.3	4.79247671e-035	3.27048476e-029	6.92450155e-025	2.26577160e-020	2.78917534e-016	2.48317039e-012	2.64273065e-008	3.67659934e-004	4.34348729e-002	1.61970577e-001	4.02113965e-001	3.09034331e-001	7.20840239e-002	1.02120385e-002	7.54448517e-004	2.70278626e-005	1.02941995e-006	2.10058653e-017	2.34871979e-029	
6.4	2.15514100e-037	1.98510170e-031	5.79889325e-027	3.03475180e-022	6.07369173e-018	9.08924569e-014	1.69856421e-009	4.06992150e-005	6.64995809e-003	4.60052364e-002	2.25840311e-001	3.87576624e-001	2.25678789e-001	8.50889673e-002	2.02605612e-002	2.49082708e-003	3.68025241e-004	1.36726012e-012	3.97769433e-022	
6.5	7.04617539e-040	8.69003560e-034	3.47980289e-029	2.78766786e-024	8.64631910e-020	2.05927896e-015	6.34201631e-011	2.45819579e-006	5.54458731e-004	6.74736036e-003	6.10813303e-002	2.11800545e-001	2.68554518e-001	2.31330393e-001	1.47353197e-001	4.98629799e-002	2.27127542e-002	5.57397211e-009	1.42046293e-016	
6.6	1.17340327e-042	1.92192764e-036	1.04812739e-031	1.23948612e-026	5.72774602e-022	2.07661412e-017	1.00083127e-012	5.96517611e-008	1.85253681e-005	3.79863001e-004	6.00478919e-003	3.89923378e-002	9.73717599e-002	1.71426355e-001	2.53045220e-001	2.00037486e-001	2.32721920e-001	1.68436634e-006	1.58336350e-012	
6.7	1.14639174e-045	2.47277715e-039	1.82437905e-034	3.09109082e-029	2.06095773e-024	1.09668175e-019	7.92888564e-015	6.97385433e-010	2.97184301e-007	9.90988197e-006	2.61863516e-004	3.00055353e-003	1.36851847e-002	4.53140802e-002	1.38705741e-001	2.26895544e-001	5.72062724e-001	6.41000640e-005	1.11812505e-009	
6.8	1.28006921e-048	3.60581487e-042	3.57548075e-037	8.46913212e-032	7.93619962e-027	6.01703826e-022	6.30441920e-017	7.91291529e-012	4.60977254e-009	2.42656505e-007	1.03413590e-005	1.99402512e-004	1.56711463e-003	9.15653592e-003	5.32780906e-002	1.64687837e-001	7.70305548e-001	7.94733499e-004	1.49019127e-007	
6.9	2.18305949e-051	7.96138136e-045	1.05413376e-039	3.42127404e-034	4.41060693e-029	4.65076575e-024	6.86523276e-019	1.19616500e-013	9.48801260e-011	7.68768574e-009	5.12859747e-007	1.60092003e-005	2.07061937e-004	2.03070622e-003	2.09589416e-002	1.14219055e-001	8.57222575e-001	5.33815740e-003	6.97264253e-006	
7	5.70555028e-054	2.67006391e-047	4.69034086e-042	2.05206868e-036	3.57637807e-031	5.14237903e-026	1.04503162e-020	2.47054898e-015	2.65715058e-012	3.24249507e-010	3.30166102e-008	1.61552820e-006	3.31232895e-005	5.23615342e-004	9.06395054e-003	8.24993313e-002	8.84111702e-001	2.36144334e-002	1.52195307e-004	
7.1	2.08558160e-056	1.24109484e-049	2.87454923e-044	1.67278871e-038	3.88589391e-033	7.49759390e-028	2.05818318e-022	6.47713777e-017	9.40600331e-014	1.69629206e-011	2.57970948e-009	1.92571529e-007	6.06792026e-006	1.49568699e-004	4.14661908e-003	6.03791055e-002	8.58449723e-001	7.50545208e-002	1.81420013e-003	
7.2	9.52505272e-059	7.14079345e-052	2.16721872e-046	1.65926671e-040	5.07835743e-035	1.29775721e-029	4.73815443e-024	1.95311402e-018	3.81347372e-015	9.99629850e-013	2.22791388e-010	2.47885988e-008	1.16905202e-006	4.36924300e-005	1.86631757e-003	4.19727403e-002	7.65235271e-001	1.77914516e-001	1.29662686e-002	
7.3	4.87859727e-061	4.56285160e-054	1.80376931e-048	1.80079422e-042	7.19269816e-037	2.40834239e-031	1.15433512e-025	6.14648585e-020	1.60689685e-016	6.03241073e-014	1.93773132e-011	3.14918254e-009	2.17241103e-007	1.20208457e-005	7.65348701e-004	2.58152053e-002	5.98476745e-001	3.16485963e-001	5.84444969e-002	
7.4	2.57614833e-063	2.97595871e-056	1.52325778e-050	1.96872611e-044	1.01833885e-038	4.42886736e-033	2.75705676e-027	1.87343676e-021	6.53063282e-018	3.46475973e-015	1.58027647e-012	3.68529849e-010	3.64386096e-008	2.92371909e-006	2.69547779e-004	1.32965511e-002	3.93639220e-001	4.21214105e-001	1.71577616e-001	
7.5	1.36159778e-065	1.92249283e-058	1.26665151e-052	2.10668411e-046	1.40221344e-040	7.86405571e-035	6.30049486e-029	5.40430172e-023	2.50230398e-019	1.85401052e-016	1.18467317e-013	3.90203284e-011	5.42977432e-009	6.20320032e-007	8.07244586e-005	5.69488802e-003	2.17227208e-001	4.30648413e-001	3.46348140e-001	
7.6	7.45714868e-068	1.27312814e-060	1.07335598e-054	2.28606589e-048	1.94761913e-042	1.40011866e-036	1.43249027e-030	1.53570796e-024	9.40850597e-021	9.62964019e-018	8.51499272e-015	3.90512492e-012	7.52000515e-010	1.20331209e-007	2.16013027e-005	2.13600560e-003	1.05952374e-001	3.63575155e-001	5.28314743e-001	
7.7	4.48339004e-070	9.15351600e-063	9.81631504e-057	2.66638383e-050	2.89479125e-044	2.65401646e-038	3.44408068e-032	4.57177854e-026	3.69263556e-022	5.16917618e-019	6.25534255e-016	3.94277497e-013	1.03441032e-010	2.28425339e-008	5.53941781e-006	7.53514066e-004	4.89760864e-002	2.75827408e-001	6.74437429e-001	
7.8	3.08807701e-072	7.45585490e-065	1.01090798e-058	3.48992854e-052	4.81023643e-046	5.60069366e-040	9.16247824e-034	1.49263836e-027	1.58404316e-023	3.00521372e-020	4.92517366e-017	4.21568212e-014	1.48469806e-011	4.46305040e-009	1.43420890e-006	2.63713220e-004	2.25857311e-002	2.00008470e-001	7.77140647e-001	
7.9	2.48709543e-074	7.02156681e-067	1.19617759e-060	5.23306944e-054	9.12621695e-048	1.34436095e-041	2.75737421e-035	5.46501950e-029	7.59608613e-025	1.93653624e-021	4.25663331e-018	4.89283175e-015	2.28057371e-012	9.21396305e-010	3.85421293e-007	9.42232782e-005	1.06700941e-002	1.43450716e-001	8.45784580e-001	
8	2.35391323e-076	7.68491949e-069	1.63430785e-062	9.03783550e-056	1.98864107e-049	3.69402490e-043	9.44843009e-037	2.25909622e-030	4.10038323e-026	1.39355989e-022	4.07069665e-019	6.21759613e-016	3.78337252e-013	2.03000379e-010	1.08704620e-007	3.47778305e-005	5.21608256e-003	1.03407787e-001	8.91341244e-001	
