4	1.10630629e-001	8.89369371e-001	2.51116293e-010	5.94078061e-027	6.03094321e-046	3.35257280e-065	
4.1	1.71563724e-002	9.82843553e-001	7.46993718e-008	1.99649160e-020	2.36369099e-039	1.52142829e-058	
4.2	5.94859149e-003	9.94045852e-001	5.55646143e-006	2.60735089e-015	3.60325436e-034	2.68759183e-053	
4.3	3.69875697e-003	9.96131317e-001	1.69925828e-004	3.19017598e-011	5.15084521e-030	4.45536304e-049	
4.4	2.72613096e-003	9.94547261e-001	2.72654478e-003	6.32411713e-008	1.19413088e-026	1.19898677e-045	
4.5	2.00760752e-003	9.71771049e-001	2.61918414e-002	2.95017911e-005	6.52117397e-024	7.60761788e-043	
4.6	1.29388386e-003	8.42789388e-001	1.51959800e-001	3.95692807e-003	1.02500468e-021	1.39076089e-040	
4.7	5.11651060e-004	4.57155284e-001	4.06643347e-001	1.35689717e-001	4.12380614e-020	6.51511334e-039	
4.8	5.87523527e-005	7.32184845e-002	2.52205862e-001	6.74516902e-001	2.40795695e-019	4.43511494e-038	
4.9	3.26122772e-006	5.74033039e-003	6.31120682e-002	9.31144340e-001	1.97770429e-015	4.25239590e-034	
5	2.15872674e-007	5.41188893e-004	1.62661326e-002	9.83192463e-001	6.68508638e-012	7.30702913e-028	
5.1	1.95728336e-008	7.02109359e-005	5.09289051e-003	9.94836875e-001	4.36371365e-009	2.09560499e-021	
5.2	2.34945298e-009	1.20775641e-005	1.91120327e-003	9.98075925e-001	7.91416146e-007	3.14587986e-016	
5.3	3.56689603e-010	2.62476087e-006	8.34628539e-004	9.99110610e-001	5.21366530e-005	4.55608589e-012	
5.4	6.66228751e-011	6.99755111e-007	4.17930316e-004	9.98047222e-001	1.53413730e-003	1.02828187e-008	
5.5	1.53843934e-011	2.29609811e-007	2.43609973e-004	9.76649836e-001	2.31011784e-002	5.14562977e-006	
5.6	4.15366572e-012	8.76103516e-008	1.57606223e-004	8.26942929e-001	1.72243227e-001	6.56150436e-004	
5.7	1.00706799e-012	2.98329384e-008	8.74908917e-005	4.70735275e-001	5.09591327e-001	1.95858774e-002	
5.8	1.96783951e-013	8.13369074e-009	3.76188057e-005	1.85446115e-001	6.49033029e-001	1.65483228e-001	
5.9	2.86913123e-014	1.64335856e-009	1.16508121e-005	5.29142803e-002	4.28121451e-001	5.18952617e-001	
6	3.17975325e-015	2.50678742e-010	2.65852109e-006	1.17515221e-002	1.82293190e-001	8.05952629e-001	
6.1	3.42234975e-016	3.68770031e-011	5.72724076e-007	2.62595961e-003	7.09426901e-002	9.26430778e-001	
6.2	4.04633554e-017	5.92045616e-012	1.32156618e-007	6.65746231e-004	2.97380816e-002	9.69596040e-001	
6.3	5.35789993e-018	1.05753566e-012	3.33640589e-008	1.93629153e-004	1.38519395e-002	9.85954398e-001	
6.4	7.87255327e-019	2.08279078e-013	9.14637413e-009	6.34886003e-005	7.11340660e-003	9.92823096e-001	
6.5	1.26786723e-019	4.46835952e-014	2.69318172e-009	2.30127429e-005	3.96671404e-003	9.96010271e-001	
6.6	2.21289524e-020	1.03275207e-014	8.43143990e-010	9.06279457e-006	2.36686363e-003	9.97624073e-001	
6.7	4.14837988e-021	2.54846046e-015	2.78321389e-010	3.82362019e-006	1.49226870e-003	9.98503907e-001	
6.8	8.29421031e-022	6.66738202e-016	9.62326606e-011	1.70911995e-006	9.83988078e-004	9.99014303e-001	
6.9	1.75772511e-022	1.83799550e-016	3.46498080e-011	8.01892251e-007	6.72868146e-004	9.99326330e-001	
7	3.92977179e-023	5.31278591e-017	1.29324723e-011	3.92025935e-007	4.73973885e-004	9.99525634e-001	
7.1	9.22943859e-024	1.60316273e-017	4.98210430e-012	1.98454042e-007	3.41993431e-004	9.99657808e-001	
7.2	2.26955286e-024	5.03175136e-018	1.97364056e-012	1.03480467e-007	2.51618668e-004	9.99748278e-001	
7.3	5.82598735e-025	1.63723322e-018	8.01481666e-013	5.53418361e-008	1.88072153e-004	9.99811873e-001	
7.4	1.55709743e-025	5.50548174e-019	3.32636563e-013	3.02420477e-008	1.42382297e-004	9.99857587e-001	
7.5	4.32373662e-026	1.90810754e-019	1.40709845e-013	1.68311917e-008	1.08898952e-004	9.99891084e-001	
7.6	1.24477023e-026	6.79875986e-020	6.05269950e-014	9.51462066e-009	8.39675567e-005	9.99916023e-001	
7.7	3.70893217e-027	2.48449354e-020	2.64183467e-014	5.45006999e-009	6.51634932e-005	9.99934831e-001	
7.8	1.14185719e-027	9.29113295e-021	1.16765049e-014	3.15668321e-009	5.08218709e-005	9.99949175e-001	
7.9	3.62540369e-028	3.54734852e-021	5.21706321e-015	1.84549927e-009	3.97892450e-005	9.99960209e-001	
8	1.18526960e-028	1.38008041e-021	2.35268944e-015	1.08737967e-009	3.12395713e-005	9.99968759e-001	
