4	8.87742029e-001	1.12257703e-001	2.68859652e-007	5.25311448e-026	4.85231339e-045	
4.1	5.78928635e-001	4.20968334e-001	1.03030995e-004	2.35166152e-023	2.51910653e-042	
4.2	2.39543987e-001	7.52760249e-001	7.69576465e-003	2.05384699e-021	2.55367847e-040	
4.3	7.03588049e-002	7.68460482e-001	1.61180713e-001	5.03469462e-020	7.27294275e-039	
4.4	8.99526467e-003	2.87692934e-001	7.03311801e-001	2.57387668e-019	4.32424427e-038	
4.5	6.37881646e-004	5.21287991e-002	9.47233319e-001	4.06590256e-019	7.95333234e-038	
4.6	5.59964288e-005	1.04797979e-002	9.89464206e-001	3.66440887e-018	8.35611901e-037	
4.7	6.89298092e-006	2.70423309e-003	9.97288874e-001	4.95665868e-014	1.31938317e-032	
4.8	1.13832443e-006	8.70982467e-004	9.99127879e-001	1.00066135e-010	1.39900161e-026	
4.9	2.38945605e-007	3.36058040e-004	9.99663658e-001	4.47653300e-008	3.08710666e-020	
5	6.09416488e-008	1.49989208e-004	9.99843893e-001	6.05655244e-006	3.79078064e-015	
5.1	1.82498945e-008	7.54310016e-005	9.99607536e-001	3.17015109e-004	4.69401421e-011	
5.2	6.29653303e-009	4.22107719e-005	9.92216974e-001	7.74071605e-003	9.32191146e-008	
5.3	2.40039603e-009	2.53329583e-005	9.05765610e-001	9.41695572e-002	3.94978386e-005	
5.4	7.85569646e-010	1.27213398e-005	5.51692205e-001	4.44980504e-001	3.31456819e-003	
5.5	1.96165407e-010	4.76670446e-006	2.02230640e-001	7.40392685e-001	5.73719082e-002	
5.6	4.43488147e-011	1.58590748e-006	5.99484732e-002	6.15610149e-001	3.24439792e-001	
5.7	7.46347144e-012	3.86122131e-007	1.31677318e-002	2.77401685e-001	7.09430197e-001	
5.8	1.06921629e-012	7.88255278e-008	2.56674844e-003	9.51002295e-002	9.02332943e-001	
5.9	1.62452917e-013	1.68385570e-008	5.58396352e-004	3.39556551e-002	9.65485932e-001	
6	2.75804164e-014	3.97118688e-009	1.42143408e-004	1.37209021e-002	9.86136951e-001	
6.1	5.19478435e-015	1.02769687e-009	4.16699185e-005	6.26555494e-003	9.93692774e-001	
6.2	1.06967985e-015	2.87833857e-010	1.37397730e-005	3.17532698e-003	9.96810933e-001	
6.3	2.37761016e-016	8.61988978e-011	4.99053888e-006	1.75277388e-003	9.98242235e-001	
6.4	5.64652328e-017	2.73355535e-011	1.96367662e-006	1.03716429e-003	9.98960872e-001	
6.5	1.42182223e-017	9.11273647e-012	8.26079450e-007	6.49319398e-004	9.99349855e-001	
6.6	3.77105902e-018	3.17277157e-012	3.67472479e-007	4.25484707e-004	9.99574148e-001	
6.7	1.04826519e-018	1.14810072e-012	1.71408016e-007	2.89353595e-004	9.99710475e-001	
6.8	3.04123268e-019	4.29946680e-013	8.32417849e-008	2.02822856e-004	9.99797094e-001	
6.9	9.17455698e-020	1.65982881e-013	4.18432512e-008	1.45710264e-004	9.99854248e-001	
7	2.86873317e-020	6.58287668e-014	2.16596505e-008	1.06793521e-004	9.99893185e-001	
7.1	9.27395290e-021	2.67435486e-014	1.14992606e-008	7.95547929e-005	9.99920434e-001	
7.2	3.09191734e-021	1.10981130e-014	6.23815796e-009	6.00477667e-005	9.99939946e-001	
7.3	1.06077125e-021	4.69177698e-015	3.44701982e-009	4.58054424e-005	9.99954191e-001	
7.4	3.73865769e-022	2.01654024e-015	1.93516364e-009	3.52393224e-005	9.99964759e-001	
7.5	1.35098631e-022	8.79156937e-016	1.10108522e-009	2.72936216e-005	9.99972705e-001	
7.6	4.99718811e-023	3.88059407e-016	6.33614129e-010	2.12489500e-005	9.99978750e-001	
7.7	1.88965357e-023	1.73181623e-016	3.68207813e-010	1.66119996e-005	9.99983388e-001	
7.8	7.29019326e-024	7.79872261e-017	2.15679547e-010	1.30260636e-005	9.99986974e-001	
7.9	2.86576613e-024	3.54022027e-017	1.27205911e-010	1.02376607e-005	9.99989762e-001	
8	1.14610219e-024	1.61793347e-017	7.54465166e-011	8.05887512e-006	9.99991941e-001	
