4	9.59844758e-001	4.01552422e-002	2.76572226e-011	5.43427960e-031	6.62523115e-050	3.99664061e-069	1.46956928e-088	
4.1	6.13927703e-001	3.86072179e-001	1.18448022e-007	2.41690924e-025	3.47521710e-044	2.43926237e-063	1.03727776e-082	
4.2	1.83718015e-001	8.16249919e-001	3.20655705e-005	5.82536506e-019	1.69733354e-037	1.38750392e-056	6.82860337e-076	
4.3	5.58912501e-002	9.42605976e-001	1.50277371e-003	4.08945746e-014	2.59610933e-028	2.47342733e-047	1.40984230e-066	
4.4	2.29495620e-002	9.55359914e-001	2.16905236e-002	2.14731342e-010	4.03085535e-021	4.48042077e-040	2.96010886e-059	
4.5	1.06085353e-002	8.55770935e-001	1.33620374e-001	1.55845581e-007	1.77001488e-015	2.29740782e-034	1.76087056e-053	
4.6	4.17590566e-003	5.84002321e-001	4.11798848e-001	2.29252817e-005	4.46615263e-011	6.77582970e-030	6.02992765e-049	
4.7	1.24157955e-003	2.88549768e-001	7.09299940e-001	9.08601187e-004	1.11514758e-007	1.97963392e-026	2.04772063e-045	
4.8	3.16969173e-004	1.20888794e-001	8.64633580e-001	1.41114299e-002	4.92263394e-005	1.02367201e-023	1.23206317e-042	
4.9	7.40868819e-005	4.62368959e-002	8.39487748e-001	1.08488190e-001	5.71307942e-003	1.39336604e-021	1.95357248e-040	
5	1.14829385e-005	1.17031913e-002	4.84484363e-001	3.40254161e-001	1.63546802e-001	7.08362438e-020	1.15842031e-038	
5.1	5.69878671e-007	9.44206890e-004	8.17544145e-002	2.32805845e-001	6.84494963e-001	4.52303354e-015	8.63949256e-034	
5.2	1.69456329e-008	4.53031409e-005	7.64838207e-003	7.04935824e-002	9.21812715e-001	1.35714262e-011	3.04404121e-026	
5.3	6.51032755e-010	2.77962467e-006	8.63710528e-004	2.16664164e-002	9.77467086e-001	6.95642634e-009	3.26902678e-020	
5.4	3.56182729e-011	2.39863259e-007	1.30762533e-004	7.80735151e-003	9.92060632e-001	1.01400281e-006	2.19010270e-015	
5.5	2.66983308e-012	2.79535763e-008	2.56846586e-005	3.28612234e-003	9.96632388e-001	5.57765815e-005	1.65952470e-011	
5.6	2.65752015e-013	4.25495148e-009	6.36949043e-006	1.60571857e-003	9.96971960e-001	1.41592544e-003	2.22864636e-008	
5.7	3.53231359e-014	8.48706206e-010	2.01083032e-006	9.32913005e-004	9.80216831e-001	1.88409087e-002	7.33568602e-006	
5.8	6.02564513e-015	2.12835775e-010	7.78311967e-007	6.27746822e-004	8.68854681e-001	1.29833237e-001	6.83557042e-004	
5.9	1.05606300e-015	5.37073339e-011	2.96583474e-007	3.96360704e-004	5.81174943e-001	4.00768890e-001	1.76595094e-002	
6	1.58291784e-016	1.13696277e-011	9.30015054e-008	1.97786075e-004	2.80231169e-001	5.74798447e-001	1.44772504e-001	
6.1	1.78944591e-017	1.78556387e-012	2.12689460e-008	6.95897025e-005	9.59571346e-002	4.38143124e-001	4.65830131e-001	
6.2	1.54458371e-018	2.11360270e-013	3.61076914e-009	1.76784895e-005	2.48797051e-002	2.15455962e-001	7.59646650e-001	
6.3	1.26883124e-019	2.35709474e-014	5.69647233e-010	4.08097045e-006	6.19356998e-003	9.33265888e-002	9.00475760e-001	
6.4	1.13116852e-020	2.83099422e-015	9.56190885e-011	9.84093801e-007	1.69275382e-003	4.22071691e-002	9.56099093e-001	
6.5	1.12531653e-021	3.77141408e-016	1.76067768e-011	2.56480093e-007	5.21010437e-004	2.07996054e-002	9.78679128e-001	
6.6	1.24239274e-022	5.54655378e-017	3.54388614e-012	7.21723452e-008	1.78839611e-004	1.11573556e-002	9.88663733e-001	
6.7	1.50444720e-023	8.90336787e-018	7.71673682e-013	2.17429804e-008	6.73733002e-005	6.44143883e-003	9.93491166e-001	
6.8	1.97610236e-024	1.54252332e-018	1.79908011e-013	6.95091831e-009	2.74342764e-005	3.95271726e-003	9.96019842e-001	
6.9	2.78871534e-025	2.85636878e-019	4.45109649e-014	2.33965297e-009	1.19202135e-005	2.54996831e-003	9.97438109e-001	
7	4.19626617e-026	5.60722765e-020	1.16013503e-014	8.23903844e-010	5.46906936e-006	1.71337116e-003	9.98281159e-001	
7.1	6.68925539e-027	1.15868445e-020	3.16488661e-015	3.01814325e-010	2.62659727e-006	1.19006250e-003	9.98807311e-001	
7.2	1.12370413e-027	2.50526738e-021	8.98913283e-016	1.14471099e-010	1.31107750e-006	8.49081638e-004	9.99149607e-001	
7.3	1.98042361e-028	5.63844209e-022	2.64612085e-016	4.47742715e-011	6.76246417e-007	6.19243948e-004	9.99380080e-001	
7.4	3.64721140e-029	1.31460436e-022	8.03827782e-017	1.79923552e-011	3.58628785e-007	4.59685928e-004	9.99539955e-001	
7.5	6.99403087e-030	3.16145631e-023	2.51036764e-017	7.40327725e-012	1.94723242e-007	3.46144837e-004	9.99653660e-001	
7.6	1.39203855e-030	7.81078667e-024	8.03235259e-018	3.11009914e-012	1.07854367e-007	2.63629913e-004	9.99736262e-001	
7.7	2.86890615e-031	1.97647643e-024	2.62582838e-018	1.33061228e-012	6.07637802e-008	2.02644019e-004	9.99797295e-001	
7.8	6.10630775e-032	5.10619268e-025	8.74581379e-019	5.78376735e-013	3.47284425e-008	1.56894700e-004	9.99843071e-001	
7.9	1.33885066e-032	1.34286601e-025	2.96029546e-019	2.54850482e-013	2.00875966e-008	1.22158145e-004	9.99877822e-001	
8	3.01753184e-033	3.58646965e-026	1.01615954e-019	1.13632116e-013	1.17369081e-008	9.55256969e-005	9.99904463e-001	
