4	7.71576594e-002	9.10649708e-001	1.21926325e-002	3.07894761e-021	4.34879606e-040	4.06429538e-059	2.25794188e-078	9.40809116e-098	2.50215190e-117	4.96458711e-137	7.82071063e-157	9.19002425e-177	7.78815614e-197	4.92921275e-217	2.41628076e-237	9.29338753e-258	2.86832949e-278	6.22197285e-299	1.00000000e-300	1.00000000e-300	1.00000000e-300	
4.1	1.96083231e-002	7.52527674e-001	2.27864003e-001	1.36292488e-018	2.30375564e-037	2.61247139e-056	1.75298355e-075	8.82181849e-095	2.82732469e-114	6.71334367e-134	1.23329971e-153	1.75040409e-173	1.78754937e-193	1.36018062e-213	7.88784863e-234	3.64739139e-254	1.34714364e-274	3.53999116e-295	1.00000000e-300	1.00000000e-300	1.00000000e-300	
4.2	1.94241682e-003	2.07351043e-001	7.90706541e-001	9.65506488e-014	2.38530004e-032	3.28214659e-051	2.65997779e-070	1.61681120e-089	6.24323745e-109	1.77349585e-128	3.80366287e-148	6.52037863e-168	8.02399507e-188	7.34058647e-208	5.03607743e-228	2.79968725e-248	1.23688414e-268	3.93648879e-289	1.00000000e-300	1.00000000e-300	1.00000000e-300	
4.3	1.22298440e-004	3.21022998e-002	9.67775401e-001	3.31115686e-010	2.74413457e-024	4.58165187e-043	4.48170974e-062	3.28932825e-081	1.52566245e-100	5.15652974e-120	1.29259011e-139	2.67628083e-159	3.96874103e-179	4.36509132e-199	3.54280604e-219	2.36802757e-239	1.24698661e-259	4.79739394e-280	2.74027186e-300	1.00000000e-300	1.00000000e-300	
4.4	1.03235342e-005	6.03721172e-003	9.93952268e-001	1.96539725e-007	6.78792031e-018	3.33395636e-032	3.88536775e-051	3.42082035e-070	1.83895299e-089	7.07561750e-109	2.07526544e-128	5.18972050e-148	9.27381659e-168	1.22630601e-187	1.17687717e-207	9.45738647e-228	5.84944735e-248	2.69547364e-268	1.78768646e-288	1.00000000e-300	1.00000000e-300	
4.5	1.26698394e-006	1.52499925e-003	9.98441769e-001	3.19645146e-005	8.59282318e-013	1.73756159e-023	1.25355626e-038	4.27276980e-057	2.19060231e-076	8.02359647e-096	2.75668126e-115	8.32632977e-135	1.79296061e-154	2.85044849e-174	3.22591244e-194	3.11652250e-214	2.17908160e-234	1.17104557e-254	9.02887873e-275	5.54327034e-295	1.00000000e-300	
4.6	2.71439160e-007	6.30722709e-004	9.97774991e-001	1.59400704e-003	7.42815346e-009	1.09501141e-016	2.24337431e-028	1.01329642e-042	2.16291887e-060	5.54936081e-080	2.23593248e-099	8.15706277e-119	2.11635388e-138	4.04509620e-158	5.34987793e-178	6.21399625e-198	4.61629615e-218	2.75238263e-238	2.47005531e-258	1.75617157e-278	1.01854284e-298	
4.7	1.44162288e-007	6.14151793e-004	9.79454759e-001	1.99276554e-002	3.28999887e-006	6.78137135e-012	4.81115247e-021	2.49907718e-032	2.05322551e-046	1.32707147e-064	6.27783465e-084	2.76617521e-103	8.63781918e-123	1.98470180e-142	3.00666839e-162	4.19814349e-182	3.11828232e-202	1.94576458e-222	2.03480777e-242	1.67694723e-262	1.12147879e-282	
4.8	1.12911853e-007	8.46058342e-004	9.12988510e-001	8.60109546e-002	1.54354145e-004	9.97590918e-009	6.36180031e-016	7.12146886e-025	3.92778263e-036	1.36338141e-050	1.51478399e-066	8.06122074e-086	3.01308991e-105	8.31059661e-125	1.40008029e-144	2.34633288e-164	1.69263662e-184	1.06301364e-204	1.29697495e-224	1.23993781e-244	9.56742140e-265	
4.9	7.69406552e-008	9.80450137e-004	7.72457650e-001	2.24104406e-001	2.45543626e-003	1.98136991e-006	4.64999580e-012	3.73874147e-019	3.87684480e-028	1.28788815e-039	5.53549987e-052	3.55660490e-071	1.56451190e-090	5.12719374e-110	9.31268843e-130	1.85352953e-149	1.30898978e-169	8.22281414e-190	1.17189194e-209	1.30083023e-229	1.15886880e-249	
5	3.97732661e-008	8.38359476e-004	5.60601891e-001	4.18154067e-001	2.02836396e-002	1.21997388e-004	5.43356596e-009	1.40841724e-014	1.03477932e-021	8.62031832e-031	2.76715942e-040	2.14143276e-059	1.07184182e-078	4.00389173e-098	7.60328851e-118	1.72484483e-137	1.22756020e-157	7.85940327e-178	1.30996604e-197	1.68977728e-217	1.73902651e-237	
5.1	1.50851850e-008	5.13877588e-004	3.31279227e-001	5.67658148e-001	9.74495307e-002	3.09763921e-003	1.56218509e-006	7.02786962e-011	1.69926052e-016	1.23802271e-023	8.03165119e-031	7.41748355e-050	4.04288633e-069	1.56108052e-088	2.95883344e-108	6.96491087e-128	5.15003761e-148	3.45779348e-168	6.74849425e-188	1.01249689e-207	1.20459340e-227	
5.2	4.02850432e-009	2.17429608e-004	1.48848195e-001	5.39052245e-001	2.75899196e-001	3.58470087e-002	1.35857364e-004	6.50454771e-008	2.81243321e-012	7.87974357e-018	3.65714725e-023	1.30912272e-040	7.50170602e-060	2.63940118e-079	4.64560622e-099	1.00765812e-118	7.88835226e-139	5.70999078e-159	1.30657425e-178	2.28202646e-198	3.14077797e-218	
5.3	6.94132874e-010	5.83274996e-005	4.55762073e-002	3.26485914e-001	4.34916236e-001	1.89054591e-001	3.89519126e-003	1.35260853e-005	6.49276685e-009	4.01425770e-013	5.84619998e-017	1.95147652e-030	4.91470070e-046	7.27053418e-064	1.10995438e-083	2.06522352e-103	1.72073281e-123	1.37460681e-143	3.69259876e-163	7.51475184e-183	1.19736012e-202	
5.4	7.30711859e-011	9.41127104e-006	8.85793250e-003	1.18881577e-001	3.69387753e-001	4.61083796e-001	4.09796341e-002	7.96739438e-004	3.15218791e-006	3.71578651e-009	8.87172724e-012	4.24924757e-022	3.25413869e-034	2.71838039e-048	1.13438649e-064	1.07662983e-082	9.54797652e-103	8.59017231e-123	2.71274310e-142	6.43867631e-162	1.18858362e-181	
5.5	4.76799967e-012	9.27871948e-007	1.09500564e-003	2.63148276e-002	1.74440977e-001	5.73750890e-001	2.02658846e-001	2.10381590e-002	6.84650325e-004	1.53530637e-005	3.63957938e-007	5.65837243e-015	2.66784746e-024	2.22380410e-035	2.18792899e-048	1.06737810e-062	9.73316292e-079	1.25569737e-096	2.05363169e-115	5.69030670e-135	1.21801162e-154	
5.6	1.16234703e-013	3.37238450e-008	5.13949903e-005	2.12803309e-003	2.79678660e-002	2.50089412e-001	3.82942009e-001	2.39321706e-001	7.09313404e-002	2.28782160e-002	3.68998295e-003	5.63548481e-009	4.56969505e-016	9.85888857e-025	4.90698809e-035	2.28946701e-046	4.24676549e-059	2.61104627e-073	3.47330728e-088	1.12470283e-107	2.79394567e-127	
5.7	5.50067361e-017	2.34988273e-011	4.72419956e-008	3.26102809e-006	7.99557381e-005	2.21557707e-003	1.57443979e-002	5.91258718e-002	1.40092571e-001	4.31498600e-001	3.51220538e-001	1.91799747e-005	9.44613755e-011	1.82746716e-017	1.37833845e-025	1.63206028e-034	1.37940734e-044	7.61484859e-056	1.36695972e-067	5.17846621e-087	1.49437746e-106	
5.8	1.96422282e-021	1.22105263e-015	3.28655195e-012	3.67459431e-010	1.59783334e-008	1.48011854e-006	4.48610103e-005	8.50990891e-004	1.22712792e-002	2.45447458e-001	7.40781588e-001	6.02250872e-004	7.54139385e-008	5.65600088e-013	2.49739865e-019	2.61935313e-026	3.08726977e-034	4.07428502e-043	2.36858355e-052	1.05097553e-071	3.52676352e-091	
5.9	1.77413560e-025	1.58731543e-019	5.77519278e-016	1.01990817e-013	7.53613181e-012	2.21943373e-009	2.42622953e-007	1.86094158e-005	1.23742937e-003	1.16055538e-001	8.77359846e-001	5.32017587e-003	8.15480067e-006	1.21523332e-009	1.47536590e-014	5.90777539e-020	3.79074407e-026	4.18434706e-033	2.53468622e-040	1.31891259e-059	5.15260613e-079	
6	5.89101175e-029	7.50756115e-023	3.71372446e-019	1.01299115e-016	1.22680629e-014	1.02132377e-011	3.37624702e-009	8.51002359e-007	2.05173282e-004	6.91841652e-002	9.04906788e-001	2.54366574e-002	2.65901629e-004	4.59731495e-007	8.37700154e-011	6.46586203e-015	1.06350692e-019	4.25484244e-025	1.09037898e-030	6.66287187e-050	3.03395650e-069	
6.1	5.65010077e-032	1.01571767e-025	6.84951218e-022	2.82889300e-019	5.44453170e-017	1.12597256e-013	9.62077276e-011	6.67755777e-008	4.78437862e-005	4.68663996e-002	8.66516042e-001	8.26888371e-002	3.83113491e-003	4.95921895e-005	8.31619710e-008	7.01571458e-011	1.60746027e-014	1.19036288e-018	6.30497912e-023	4.53074096e-042	2.40791930e-061	
6.2	1.13368927e-034	2.84938253e-028	2.62101613e-024	1.61011365e-021	4.79569874e-019	2.18909138e-015	4.23517873e-012	6.99469268e-009	1.26606536e-005	3.04011990e-002	7.42876085e-001	1.94987689e-001	2.96909528e-002	2.01041817e-003	2.08681223e-005	1.19625268e-007	2.32256787e-010	1.83832246e-013	1.13839657e-016	1.13483126e-033	3.11297813e-052	
6.3	3.48306533e-037	1.21381579e-030	1.52123577e-026	1.36776352e-023	6.16101545e-021	5.60882103e-017	2.20257389e-013	7.68069269e-010	3.07768397e-006	1.58325899e-002	5.05886989e-001	3.14600334e-001	1.28142323e-001	3.39108094e-002	1.58160573e-003	4.18089068e-005	4.59892793e-007	2.46867723e-009	1.13596172e-011	3.36885882e-025	4.55812724e-040	
6.4	1.09635185e-039	5.25701335e-033	8.95638120e-029	1.16165737e-025	7.75595506e-023	1.29381851e-018	9.42979434e-015	6.29824603e-011	5.01869096e-007	4.97041477e-003	2.08929262e-001	2.75674762e-001	2.59733964e-001	2.12872457e-001	3.45530429e-002	3.12067327e-003	1.41299031e-004	3.53861847e-006	8.43523029e-008	1.52041660e-018	1.86524667e-030	
6.5	2.38907318e-042	1.56510660e-035	3.61392109e-031	6.67348037e-028	6.48943137e-025	1.84972829e-020	2.32545700e-016	2.74772157e-012	3.99011567e-008	6.98706079e-004	3.89828102e-002	1.00346672e-001	1.96569029e-001	4.16044232e-001	1.92242829e-001	4.75419608e-002	6.91758740e-003	6.00499724e-004	5.56336222e-005	1.72629516e-013	5.00031634e-023	
6.6	3.57981340e-045	3.18337687e-038	9.92776564e-034	2.57904459e-030	3.59635723e-027	1.65387415e-022	3.37861132e-018	6.61970117e-014	1.63182745e-009	4.71997755e-005	3.52132145e-003	1.65627773e-002	6.22257379e-002	2.95780325e-001	3.32714006e-001	1.91925920e-001	7.42878731e-002	1.78330819e-002	5.10175435e-003	1.00009010e-009	2.34886274e-017	
6.7	3.68497544e-048	4.42160201e-041	1.85542932e-036	6.70824513e-033	1.32323860e-029	9.36592798e-025	2.96130118e-020	9.12669314e-016	3.60417919e-011	1.63022557e-006	1.63486411e-004	1.33381790e-003	9.02455794e-003	8.65493852e-002	2.09864845e-001	2.51205595e-001	2.23954079e-001	1.25789230e-001	9.21128601e-002	5.13632729e-007	4.18454619e-013	
6.8	2.35286693e-051	3.78858619e-044	2.13089871e-039	1.06175672e-035	2.92678404e-032	3.06791371e-027	1.44280486e-022	6.70065065e-018	4.04345356e-013	2.73612752e-008	3.69970519e-006	5.01987663e-005	5.81665442e-004	1.03623779e-002	4.92518886e-002	1.12113588e-001	2.06099153e-001	2.39532861e-001	3.81972531e-001	3.20088067e-005	4.60767745e-010	
6.9	1.38072401e-054	2.96838308e-047	2.22950945e-042	1.51746435e-038	5.78279011e-035	8.69879056e-030	5.89108184e-025	3.98040725e-020	3.53122510e-015	3.44827366e-010	6.29445728e-008	1.37209787e-006	2.61406845e-005	8.10933989e-004	7.00807151e-003	2.83751680e-002	9.86709160e-002	2.16532358e-001	6.48086823e-001	4.88080918e-004	7.26349280e-008	
7	1.13176751e-057	3.23352171e-050	3.23102410e-045	2.97969673e-041	1.55478299e-037	3.27103660e-032	3.10673421e-027	2.96776133e-022	3.75028465e-017	5.13119805e-012	1.26439409e-009	4.30199670e-008	1.30275511e-006	6.68371329e-005	9.88855100e-004	6.75726262e-003	4.15117009e-002	1.60423983e-001	7.86733374e-001	3.51310963e-003	3.53010446e-006	
7.1	1.42080318e-060	5.37093883e-053	7.11461746e-048	8.82535163e-044	6.25096694e-040	1.80107447e-034	2.34788981e-029	3.09765956e-024	5.43281449e-019	1.01646502e-013	3.37725721e-011	1.75011177e-009	8.18835818e-008	6.66183266e-006	1.60625784e-004	1.77546598e-003	1.82312524e-002	1.17519989e-001	8.46182892e-001	1.60454367e-002	7.75926587e-005	
7.2	2.57936182e-063	1.28489793e-055	2.24872466e-050	3.72699811e-046	3.55594121e-042	1.37928374e-036	2.42481609e-031	4.33511977e-026	1.03295057e-020	2.58988759e-015	1.15810991e-012	8.95135361e-011	6.31584252e-009	7.86864293e-007	2.96791323e-005	5.12556380e-004	8.40488852e-003	8.65444656e-002	8.50879964e-001	5.26909863e-002	9.36666363e-004	
7.3	6.15482995e-066	4.02475599e-058	9.27701656e-053	2.04181549e-048	2.60623093e-044	1.34184685e-038	3.13582403e-033	7.47844365e-028	2.37848945e-022	7.85642370e-017	4.71666563e-014	5.33937042e-012	5.56339219e-010	1.03031953e-007	5.87157286e-006	1.53860627e-004	3.87747653e-003	6.15651728e-002	7.95958855e-001	1.31503011e-001	6.93564874e-003	
7.4	1.74786285e-068	1.49491568e-060	4.52497345e-055	1.31514870e-050	2.23161080e-046	1.50764761e-040	4.62889136e-035	1.45379534e-029	6.08125912e-024	2.60826112e-018	2.09646869e-015	3.42071274e-013	5.16780114e-011	1.38646475e-008	1.15834860e-006	4.49160632e-005	1.68343469e-003	4.00176667e-002	6.71055581e-001	2.53729244e-001	3.34679849e-002	
7.5	5.41994414e-071	6.04155560e-063	2.39484536e-057	9.14377999e-053	2.05110272e-048	1.80105791e-042	7.19442638e-037	2.94439362e-031	1.59997809e-025	8.80002383e-020	9.44155849e-017	2.18914979e-014	4.71769108e-012	1.79224847e-009	2.13780058e-007	1.20028239e-005	6.50133133e-004	2.25570400e-002	4.90351310e-001	3.77700952e-001	1.08728347e-001	
7.6	1.74571180e-073	2.52783561e-065	1.30880611e-059	6.53297519e-055	1.92724672e-050	2.18233536e-044	1.12514477e-038	5.94739680e-033	4.15432416e-027	2.89783010e-021	4.13695141e-018	1.34588618e-015	4.07760857e-013	2.14909133e-010	3.57344554e-008	2.84949759e-006	2.17488742e-004	1.07692269e-002	3.04883264e-001	4.37562253e-001	2.46564882e-001	
7.7	5.86191196e-076	1.09885705e-067	7.41382637e-062	4.81580135e-057	1.85954028e-052	2.69741396e-046	1.78293121e-040	1.20826118e-034	1.07502323e-028	9.41679029e-023	1.78314283e-019	8.04734312e-017	3.38260626e-014	2.42742914e-011	5.50577989e-009	6.12902720e-007	6.44244068e-005	4.46075008e-003	1.65444339e-001	4.12771028e-001	4.17258840e-001	
7.8	2.13680807e-078	5.16866018e-070	4.53406780e-064	3.81593828e-059	1.92003307e-054	3.54827041e-048	2.98994246e-042	2.58143460e-036	2.90210841e-030	3.16336281e-024	7.91948336e-021	4.90653957e-018	2.82697270e-015	2.71490847e-012	8.23277795e-010	1.25937221e-007	1.78571808e-005	1.69672748e-003	8.28736549e-002	3.40172925e-001	5.75238709e-001	
7.9	8.82293370e-081	2.74458609e-072	3.12374477e-066	3.39214081e-061	2.21505038e-056	5.18962326e-050	5.54732443e-044	6.06808845e-038	8.55749992e-032	1.15081773e-025	3.79760186e-022	3.19932511e-019	2.49852582e-016	3.15965933e-013	1.25718695e-010	2.60438644e-008	4.88657714e-006	6.26010970e-004	4.04091786e-002	2.61019506e-001	6.97940391e-001	
8	4.22959311e-083	1.68639078e-074	2.48532945e-068	3.46722428e-063	2.92657884e-058	8.65600006e-052	1.16876687e-045	1.61199905e-039	2.83263286e-033	4.66154232e-027	2.02165784e-023	2.29578043e-020	2.40486827e-017	3.94436034e-014	2.02324582e-011	5.60015070e-009	1.36607000e-006	2.32058664e-004	1.98343682e-002	1.94395609e-001	7.85536592e-001	
