4	9.65062815e-001	3.49371849e-002	5.62113300e-010	1.90593657e-026	3.69009985e-045	3.64995040e-064	2.02752494e-083	7.55130331e-103	2.03484325e-122	3.85314004e-142	5.29277477e-162	5.53579623e-182	4.62086497e-202	2.62504401e-222	1.25540125e-242	6.96323283e-263	3.04990269e-283	1.00000000e-300	
4.1	4.96216431e-001	5.03780475e-001	3.09463775e-006	1.75352448e-018	7.66312018e-037	9.04427077e-056	5.92251376e-075	2.58771956e-094	8.31449270e-114	1.87082166e-133	3.05550019e-153	3.76358017e-173	3.73445145e-193	2.52771859e-213	1.47638490e-233	9.49077463e-254	4.79768205e-274	1.97313677e-294	
4.2	6.26810728e-002	9.36655806e-001	6.63120718e-004	8.94646684e-013	1.29878626e-026	1.80469695e-045	1.36419756e-064	7.00091123e-084	2.68213594e-103	7.17110299e-123	1.39255534e-142	2.01998193e-162	2.38258799e-182	1.90272161e-202	1.35521482e-222	1.01090170e-242	5.90342035e-263	2.79332845e-283	
4.3	7.38076590e-003	9.66065921e-001	2.65532952e-002	1.80687307e-008	1.00882256e-018	2.64700259e-033	2.05880267e-052	1.24233808e-071	5.67510887e-091	1.80299557e-110	4.16300063e-130	7.11149939e-150	9.97111565e-170	9.06382661e-190	7.80086635e-210	6.76043535e-230	4.56477741e-250	2.48653307e-270	
4.4	1.02353832e-003	7.44838746e-001	2.54113333e-001	2.43831629e-005	6.67085469e-013	4.36418487e-024	8.68665114e-042	6.17081135e-061	3.36119143e-080	1.26885294e-099	3.48337160e-119	7.00766798e-139	1.16798360e-158	1.11683266e-178	1.12641848e-198	1.13553684e-218	8.87346130e-239	5.56818605e-259	
4.5	1.51062021e-004	3.63413354e-001	6.33987413e-001	2.44816581e-003	4.77299312e-009	9.72900824e-018	1.30149879e-031	2.42833851e-048	1.57715042e-067	7.07464416e-087	2.30925844e-106	5.47100960e-126	1.08394777e-145	9.87112079e-166	1.09393481e-185	1.28427760e-205	1.16234736e-225	8.40757583e-246	
4.6	3.29280711e-005	1.43912125e-001	8.22152927e-001	3.39005212e-002	1.49904799e-006	2.52214795e-013	3.31593037e-024	4.48903285e-037	3.47636711e-056	1.85297538e-075	7.19071512e-095	2.00622597e-114	4.72497873e-134	3.84738925e-154	4.31737914e-174	5.90976544e-194	6.20070239e-214	5.17328750e-234	
4.7	9.77766558e-006	5.29127079e-002	7.94020940e-001	1.52975487e-001	8.10866789e-005	4.68280371e-010	1.49113555e-018	2.48554483e-028	2.29484335e-047	1.45280029e-066	6.69092385e-086	2.19799739e-105	6.15099733e-125	4.47085138e-145	4.79633036e-165	7.66395085e-185	9.32967016e-205	8.98292910e-225	
4.8	2.92108757e-006	1.74899247e-002	6.02346737e-001	3.78613155e-001	1.54710171e-003	1.60342491e-007	4.26112747e-014	2.13585370e-021	2.34724674e-040	1.75692122e-059	9.48251951e-079	3.65584066e-098	1.20966206e-117	8.17560189e-138	8.28252934e-158	1.54674859e-177	2.18646432e-197	2.43126877e-217	
4.9	7.63989419e-007	5.07560530e-003	3.64666020e-001	6.16400559e-001	1.38415025e-002	1.55483748e-005	1.50171487e-010	7.38203775e-016	9.54602650e-035	8.23288184e-054	4.93696441e-073	2.18034907e-092	8.25670872e-112	5.49348551e-132	5.36106715e-152	1.17151068e-171	1.92464255e-191	2.47316605e-211	
5	1.75581083e-007	1.33759951e-003	1.86460628e-001	7.41633260e-001	6.99972171e-002	5.71015573e-004	1.04284129e-007	2.06283397e-011	4.58074844e-027	9.95112228e-046	5.85153609e-065	2.68382154e-084	1.03582460e-103	7.17926669e-124	6.96137564e-144	1.78222623e-163	3.40580983e-183	5.06101468e-203	
5.1	3.51459756e-008	3.18233716e-004	8.13548954e-002	6.88269524e-001	2.20556470e-001	9.48075475e-003	2.00083508e-005	7.84202344e-008	7.94345457e-020	2.46889001e-034	1.70695954e-051	6.65766817e-071	2.13441529e-090	1.61307081e-110	1.60201689e-130	4.81115049e-150	1.07038144e-169	1.84066144e-189	
5.2	5.53618409e-009	6.15097185e-005	2.76625674e-002	4.64248127e-001	4.30607977e-001	7.59419810e-002	1.41529754e-003	6.25346958e-005	4.55815681e-014	2.51064005e-025	8.56063539e-039	5.60234017e-055	1.82678306e-073	1.54759663e-093	1.61826632e-113	5.70857315e-133	1.47994015e-152	2.94732470e-172	
5.3	5.23466645e-010	7.32742621e-006	5.68676035e-003	1.85689165e-001	4.60818033e-001	2.85442479e-001	4.73204913e-002	1.50357417e-002	1.88139230e-009	3.75417137e-018	1.09166705e-028	1.62151275e-041	3.19537426e-056	4.13220754e-073	2.31895583e-092	9.62182410e-112	2.90953254e-131	6.71575233e-151	
5.4	7.50612812e-012	1.35195564e-007	1.84640217e-004	1.23963397e-002	8.55538991e-002	1.86131235e-001	2.76284543e-001	4.39445963e-001	3.24490050e-006	7.12745704e-013	4.62527279e-021	3.25668780e-031	6.72141058e-043	2.98814801e-056	1.63276458e-071	9.87399613e-088	3.48596510e-107	9.33373968e-127	
5.5	7.85051464e-015	1.84935231e-010	4.73283152e-007	7.22262496e-005	1.53252393e-003	1.31270028e-002	1.43456308e-001	8.41646312e-001	1.65151800e-004	1.61100662e-009	8.25016687e-016	8.28680953e-024	4.61348310e-033	1.38348826e-043	1.19565319e-055	2.07445105e-068	8.55973200e-088	2.66102900e-107	
5.6	6.80609068e-018	2.12274652e-013	1.09419844e-009	4.03360650e-007	2.70999631e-005	9.45101838e-004	5.75191506e-002	9.38845406e-001	2.66226679e-003	5.70159584e-007	1.01942149e-011	5.71219729e-018	2.95600907e-025	1.64386260e-033	5.32946857e-043	5.45220213e-053	2.63226096e-072	9.51030046e-092	
5.7	1.05154687e-020	4.38014008e-016	4.70566512e-012	4.12476399e-009	8.18657430e-007	1.05123582e-004	2.73043953e-002	9.48369039e-001	2.41553371e-002	6.52612589e-005	2.13689769e-008	3.17621339e-013	6.56895841e-019	2.44904716e-025	9.52558239e-033	1.63440557e-040	9.24385256e-060	3.88576761e-079	
5.8	3.17831551e-023	1.77799405e-018	3.91756452e-014	7.65054819e-011	3.99960536e-008	1.61891791e-005	1.42971526e-002	8.49634013e-001	1.33122530e-001	2.91960945e-003	1.04636429e-005	2.27732797e-009	9.60629761e-014	1.07799871e-018	2.03673181e-024	2.15867080e-030	1.43204909e-049	7.01194287e-069	
5.9	1.43093261e-025	1.07829215e-020	4.64374421e-016	1.86296513e-012	2.27672443e-009	2.48675626e-006	6.18924116e-003	5.52125362e-001	3.91549953e-001	4.88649939e-002	1.26546020e-003	2.49929311e-006	1.25371292e-009	2.24770409e-013	1.00478892e-017	2.97316854e-022	2.31663436e-041	1.32295949e-060	
6	6.44614226e-028	6.55004701e-023	5.19364978e-018	3.95369874e-014	1.01415458e-010	2.60697410e-007	1.56874284e-003	1.99519308e-001	4.98290515e-001	2.64853867e-001	3.53353524e-002	4.30288776e-004	1.66158969e-006	2.87021209e-009	1.70479316e-012	7.49078228e-016	9.09330160e-035	6.06503142e-054	
6.1	2.29727979e-030	3.14464061e-025	4.32535791e-020	5.82173861e-016	2.85860718e-012	1.54140583e-008	1.97915883e-004	3.56913553e-002	2.55875714e-001	4.56880360e-001	2.37988252e-001	1.30895439e-002	2.73796133e-004	3.03159472e-006	1.49209929e-008	5.89257998e-011	5.83524319e-026	1.32811191e-042	
6.2	6.81372533e-033	1.25394255e-027	2.83438335e-022	6.34866750e-018	5.52577929e-014	5.68265584e-010	1.40622105e-005	3.63936657e-003	6.35982866e-002	3.14492681e-001	5.10448129e-001	9.89183738e-002	8.44565774e-003	4.31319962e-004	1.18406769e-005	2.81841334e-007	3.78006236e-019	1.99282538e-032	
6.3	1.99771824e-035	4.92624827e-030	1.74582590e-024	6.18521075e-020	8.95514869e-016	1.62447430e-011	7.12947347e-007	2.68413506e-004	1.00571173e-002	1.18040038e-001	4.98450341e-001	2.79684071e-001	7.77304487e-002	1.40653061e-002	1.54254557e-003	1.61006524e-004	7.02578777e-014	1.84237731e-024	
6.4	5.15839393e-038	1.69767616e-032	9.06399952e-027	4.86963566e-022	1.11324606e-017	3.34138364e-013	2.42964500e-008	1.34201398e-005	9.76649442e-004	2.40996418e-002	2.29823123e-001	3.20054400e-001	2.42010983e-001	1.26008852e-001	4.20740284e-002	1.49388784e-002	6.83066527e-010	2.62552808e-018	
6.5	7.42087282e-041	3.24437380e-035	2.52375446e-029	1.98577116e-024	6.86724911e-020	3.23687429e-015	3.68761350e-010	2.99452286e-007	3.92301717e-005	1.85252139e-003	3.57522678e-002	1.09511575e-001	1.95603091e-001	2.49202434e-001	2.05663491e-001	2.02374696e-001	3.94003035e-007	8.40989836e-014	
6.6	6.24017051e-044	3.60587881e-038	3.97439260e-032	4.45063677e-027	2.24855863e-022	1.59483036e-017	2.71837228e-012	3.23576024e-009	7.19570207e-007	6.04608733e-005	2.16984292e-003	1.32929650e-002	5.01757355e-002	1.37969845e-001	2.41858924e-001	5.54449082e-001	2.24208406e-005	1.22910424e-010	
6.7	6.27217912e-047	4.76494736e-041	7.27142558e-035	1.13191840e-029	8.11916072e-025	8.36806720e-020	2.05384011e-014	3.55935886e-011	1.28289711e-008	1.81197832e-006	1.13216672e-004	1.28627419e-003	9.39575858e-003	5.05929979e-002	1.69146580e-001	7.69100414e-001	3.62906286e-004	2.76900337e-008	
6.8	1.03999613e-049	1.03288018e-043	2.14071202e-037	4.54389492e-032	4.52102942e-027	6.58063585e-022	2.25268102e-016	5.63311290e-013	3.17089103e-010	7.19577609e-008	7.43063632e-006	1.47350670e-004	1.94182866e-003	1.89708910e-002	1.12016368e-001	8.63935569e-001	2.97854570e-003	1.94406970e-006	
6.9	2.86583871e-052	3.69960565e-046	1.02490130e-039	2.92000182e-034	3.95415550e-029	7.94073889e-024	3.69055819e-018	1.31791501e-014	1.12362461e-011	3.94931911e-009	6.46292931e-007	2.12895373e-005	4.78301763e-004	7.97957918e-003	7.86727355e-002	8.97351232e-001	1.54376745e-002	5.85369409e-005	
7	1.19167069e-054	1.98767556e-048	7.26137748e-042	2.74093902e-036	4.97415997e-031	1.35194424e-025	8.33760862e-020	4.20623986e-016	5.29167740e-013	2.79399688e-010	6.99856873e-008	3.67592521e-006	1.34404585e-004	3.64536907e-003	5.75373481e-002	8.82004743e-001	5.57710833e-002	9.03305410e-004	
7.1	6.57650968e-057	1.40882213e-050	6.71126382e-044	3.32069876e-038	7.97516024e-033	2.88781132e-027	2.31683090e-021	1.63340769e-017	2.96493663e-014	2.29076386e-011	8.52853757e-009	6.90069138e-007	3.95115513e-005	1.67286022e-003	4.09148673e-002	8.02382254e-001	1.47026568e-001	7.96324057e-003	
7.2	4.24994912e-059	1.16196933e-052	7.14813390e-046	4.59546253e-040	1.44563050e-034	6.88414197e-029	7.06086319e-023	6.88388872e-019	1.76691430e-015	1.95245639e-012	1.05326318e-009	1.27468203e-007	1.10630035e-005	7.06553553e-004	2.60903256e-002	6.44505461e-001	2.86049576e-001	4.26368922e-002	
7.3	2.90035273e-061	1.00550257e-054	7.92020564e-048	6.56724868e-042	2.68318294e-036	1.66205762e-030	2.14592486e-024	2.86439641e-020	1.02085850e-016	1.58071209e-013	1.20807957e-010	2.13122308e-008	2.72636834e-006	2.55009402e-004	1.39135197e-002	4.34084496e-001	4.08344294e-001	1.43399933e-001	
7.4	1.98830303e-063	8.68243818e-057	8.69103678e-050	9.23728011e-044	4.86819157e-038	3.88703707e-032	6.22877379e-026	1.12768185e-021	5.48682222e-018	1.16833720e-014	1.23943751e-011	3.11531407e-009	5.73206575e-007	7.65161987e-005	6.05523514e-003	2.40969899e-001	4.34971532e-001	3.17926241e-001	
7.5	1.40487176e-065	7.67405758e-059	9.69457369e-052	1.31379175e-045	8.88002307e-040	9.06769780e-034	1.78005011e-027	4.33376566e-023	2.83361037e-019	8.15353728e-016	1.17839997e-012	4.13421533e-010	1.07053080e-007	1.99274779e-005	2.25027960e-003	1.15524382e-001	3.71058482e-001	5.11146822e-001	
7.6	1.09168923e-067	7.40500922e-061	1.17303417e-053	2.01751827e-047	1.74068725e-041	2.25788200e-035	5.36396112e-029	1.74247872e-024	1.50825391e-020	5.76977248e-017	1.11636234e-013	5.36404912e-011	1.91685326e-008	4.87220121e-006	7.73365271e-004	5.17257279e-002	2.78830436e-001	6.68665579e-001	
7.7	9.83478365e-070	8.22215136e-063	1.62293744e-055	3.52805694e-049	3.86963070e-043	6.33705627e-037	1.80079300e-030	7.75089430e-026	8.75484086e-022	4.38339507e-018	1.11688039e-014	7.22234990e-012	3.49810299e-009	1.19089630e-006	2.62018043e-004	2.30061465e-002	1.98674611e-001	7.78056030e-001	
7.8	1.05349101e-071	1.07705394e-064	2.63296862e-057	7.20681844e-051	1.00138549e-044	2.05883881e-038	6.92125190e-032	3.92257641e-027	5.70271267e-023	3.68198558e-019	1.21632899e-015	1.04111926e-012	6.72133387e-010	3.01043565e-007	9.06025770e-005	1.04978532e-002	1.39852238e-001	8.49559004e-001	
7.9	1.35197229e-073	1.67664804e-066	5.04482534e-059	1.73232640e-052	3.04000142e-046	7.80616119e-040	3.07165808e-033	2.27985709e-028	4.20926334e-024	3.45454845e-020	1.45755102e-016	1.62553491e-013	1.37700412e-010	7.97915304e-008	3.24395535e-005	4.97508988e-003	9.91038306e-002	8.95888560e-001	
8	2.07462418e-075	3.09487733e-068	1.13892183e-060	4.88920584e-054	1.08048965e-047	3.44749138e-041	1.57179526e-034	1.52055155e-029	3.51992994e-025	3.62193065e-021	1.92420626e-017	2.75399668e-014	3.01583363e-011	2.22536940e-008	1.20732704e-005	2.45401615e-003	7.12058009e-002	9.26328087e-001	
