4	3.88969239e-001	6.10923244e-001	1.07516811e-004	8.76203116e-018	2.45091781e-036	2.91706475e-055	1.79401276e-074	6.35723871e-094	9.91923656e-114	1.12488507e-133	1.02448549e-153	7.02183340e-174	3.96938010e-194	1.89650268e-214	7.47537515e-235	2.51188681e-255	7.25769088e-276	3.26878840e-296	1.00000000e-300	1.00000000e-300	1.00000000e-300	1.00000000e-300	1.00000000e-300	1.00000000e-300	1.00000000e-300	1.00000000e-300	1.00000000e-300	1.00000000e-300	
4.1	1.50803089e-001	8.38359086e-001	1.08378246e-002	3.45964253e-012	2.12211632e-029	2.95518218e-048	2.13478450e-067	8.94525244e-087	1.66151277e-106	2.26003886e-126	2.48137776e-146	2.05872211e-166	1.40882920e-186	8.15814001e-207	3.89856638e-227	1.58975916e-247	5.58241154e-268	2.91951861e-288	1.00000000e-300	1.00000000e-300	1.00000000e-300	1.00000000e-300	1.00000000e-300	1.00000000e-300	1.00000000e-300	1.00000000e-300	1.00000000e-300	1.00000000e-300	
4.2	4.75120812e-002	7.31800731e-001	2.20687134e-001	5.31314816e-008	7.13574489e-021	1.16266577e-039	9.86564080e-059	4.88833654e-078	1.08086865e-097	1.76344549e-117	2.33411271e-137	2.34414565e-157	1.94196475e-177	1.36287792e-197	7.89616410e-218	3.90744462e-238	1.66749653e-258	1.01416892e-278	3.27478742e-299	1.00000000e-300	1.00000000e-300	1.00000000e-300	1.00000000e-300	1.00000000e-300	1.00000000e-300	1.00000000e-300	1.00000000e-300	1.00000000e-300	
4.3	8.80828616e-003	3.27136826e-001	6.64022356e-001	3.25310570e-005	1.29219318e-014	5.87367254e-032	5.85435318e-051	3.43021807e-070	9.02879045e-090	1.76685201e-109	2.81929473e-129	3.42738060e-149	3.43717655e-169	2.92351497e-189	2.05360703e-209	1.23332354e-229	6.39657458e-250	4.53111467e-270	1.77384696e-290	1.00000000e-300	1.00000000e-300	1.00000000e-300	1.00000000e-300	1.00000000e-300	1.00000000e-300	1.00000000e-300	1.00000000e-300	1.00000000e-300	
4.4	1.58240360e-003	1.30084376e-001	8.65316218e-001	3.01700186e-003	7.21956601e-010	5.76151354e-023	4.20187374e-041	2.91129615e-060	9.12203087e-080	2.14112076e-099	4.11825269e-119	6.06008607e-139	7.35661609e-159	7.58351485e-179	6.45790246e-199	4.70658294e-219	2.96645843e-239	2.45121338e-259	1.16342179e-279	4.83389477e-300	1.00000000e-300	1.00000000e-300	1.00000000e-300	1.00000000e-300	1.00000000e-300	1.00000000e-300	1.00000000e-300	1.00000000e-300	
4.5	3.02150923e-004	5.21452421e-002	8.61167420e-001	8.63816756e-002	3.51116072e-006	6.94516515e-016	1.07232953e-029	2.69821864e-048	1.00642247e-067	2.83339659e-087	6.55514666e-107	1.16629244e-126	1.71271799e-146	2.13977410e-166	2.20875347e-186	1.95326625e-206	1.49400814e-226	1.44209280e-246	8.29838188e-267	4.16962209e-287	1.00000000e-300	1.00000000e-300	1.00000000e-300	1.00000000e-300	1.00000000e-300	1.00000000e-300	1.00000000e-300	1.00000000e-300	
4.6	3.72649385e-005	1.30175362e-002	4.65905050e-001	5.19746137e-001	1.29401189e-003	1.33767596e-010	5.94753139e-021	3.33360229e-035	8.72515372e-054	2.94629355e-073	8.01407233e-093	1.70338215e-112	3.01563627e-132	4.56610180e-152	5.69225815e-172	6.09821642e-192	5.59623421e-212	6.31935839e-232	4.40864964e-252	2.67872745e-272	1.41724112e-292	1.00000000e-300	1.00000000e-300	1.00000000e-300	1.00000000e-300	1.00000000e-300	1.00000000e-300	1.00000000e-300	
4.7	3.24828343e-006	2.21767912e-003	1.57224441e-001	7.91331261e-001	4.92226075e-002	7.63211546e-007	2.00090313e-014	3.36643156e-025	1.49753623e-039	3.19431939e-057	9.03677546e-077	2.14197432e-096	4.51902850e-116	8.29149114e-136	1.21125006e-155	1.54816081e-175	1.61549463e-195	2.13712381e-215	1.80759859e-235	1.32814003e-255	8.48109856e-276	4.74945319e-296	1.00000000e-300	1.00000000e-300	1.00000000e-300	1.00000000e-300	1.00000000e-300	1.00000000e-300	
4.8	2.60106308e-007	3.32786424e-004	4.36646239e-002	5.93712853e-001	3.61999175e-001	2.90300430e-004	1.26050661e-009	1.29237675e-017	1.39328524e-028	2.79312950e-042	6.10920712e-062	1.32256822e-081	3.22995145e-101	7.16191368e-121	1.07636443e-140	1.52271908e-160	1.57409762e-180	2.44296121e-200	2.50495894e-220	2.22445515e-240	1.71441630e-260	1.15752907e-280	1.00000000e-300	1.00000000e-300	1.00000000e-300	1.00000000e-300	1.00000000e-300	1.00000000e-300	
4.9	1.75398545e-008	4.00268543e-005	9.21000838e-003	2.71627119e-001	7.08776858e-001	1.03434339e-002	2.53616828e-006	4.37692791e-012	2.42780624e-020	7.29276986e-031	1.98846750e-047	5.99005444e-066	1.58702163e-085	4.15255019e-105	4.94157079e-125	6.39842912e-145	5.49174244e-165	1.00128402e-184	1.24401652e-204	1.33173811e-224	1.23871092e-244	1.00781948e-264	7.16799059e-285	1.00000000e-300	1.00000000e-300	1.00000000e-300	1.00000000e-300	1.00000000e-300	
5	1.32401514e-009	5.11723447e-006	1.97665958e-003	1.13526019e-001	8.00558268e-001	8.35320319e-002	4.01865282e-004	3.78921071e-008	3.10155625e-014	3.05104294e-022	2.14291980e-035	4.49764728e-050	4.85541338e-066	2.84624902e-084	2.20059457e-104	2.10603366e-124	1.37075870e-144	2.94009115e-164	4.41594369e-184	5.65421727e-204	6.34471231e-224	6.19782389e-244	5.27654000e-264	3.54487068e-284	1.00000000e-300	1.00000000e-300	1.00000000e-300	1.00000000e-300	
5.1	1.05347308e-010	6.56932643e-007	4.11103112e-004	4.30350890e-002	6.66112040e-001	2.80373582e-001	1.00503515e-002	1.71774612e-005	7.06567495e-010	5.79893941e-016	2.13617238e-026	5.01328656e-038	1.49291549e-050	6.93447335e-065	1.85211051e-081	1.17265861e-099	5.90700486e-120	1.49253477e-139	2.69240511e-159	4.05647644e-179	5.47403168e-199	6.30133380e-219	6.28624680e-239	4.29505794e-259	1.60078191e-279	1.44749246e-299	1.00000000e-300	1.00000000e-300	
5.2	7.61167356e-012	7.34975182e-008	7.23941091e-005	1.31882466e-002	4.02105213e-001	5.08916365e-001	7.47764507e-002	9.40558206e-004	6.98877509e-007	1.47282754e-011	8.42145297e-020	5.51503922e-029	7.90637439e-039	3.67296081e-050	1.93335657e-063	4.77496505e-078	9.54089688e-095	4.32040613e-112	9.24388321e-132	1.60150437e-151	2.56138243e-171	3.28702638e-191	3.65006149e-211	2.38550519e-231	9.81124123e-252	1.03676743e-271	8.84764832e-292	1.00000000e-300	
5.3	4.61442950e-013	6.67904392e-009	1.01169195e-005	3.10121575e-003	1.74053889e-001	5.59394766e-001	2.49617060e-001	1.37438438e-002	7.90823231e-005	1.92216131e-008	6.58565381e-015	4.09306863e-022	7.69358592e-030	7.93405834e-039	1.87782526e-049	3.60164502e-061	1.62597132e-074	3.63045232e-088	9.06050143e-108	1.76624848e-127	3.21404898e-147	4.17089370e-167	4.77738240e-187	2.93992763e-207	1.35925268e-227	1.68060026e-247	1.66792404e-267	1.34304214e-287	
5.4	2.28338182e-014	4.83558769e-010	1.10592451e-006	5.56416644e-004	5.48603712e-002	4.00169554e-001	4.58442739e-001	8.37384250e-002	2.22752510e-003	3.86266304e-006	3.73782345e-011	9.42173458e-017	8.81279548e-023	6.78954747e-030	2.26312550e-038	9.62421017e-048	2.24412295e-058	4.54246531e-069	1.30253636e-088	2.82368220e-108	5.44681275e-128	6.50311347e-148	7.20327146e-168	4.27620746e-188	2.24767803e-208	3.25575855e-228	3.76088271e-248	3.50175299e-268	
5.5	9.00304769e-016	2.74103562e-011	9.33069368e-008	7.56573469e-005	1.26698558e-002	1.93371719e-001	5.09273190e-001	2.60264707e-001	2.41259862e-002	2.18757657e-004	3.28495567e-008	1.70596834e-012	3.80155188e-017	9.64248890e-023	1.82361167e-029	7.14810929e-037	3.39149697e-045	1.62215056e-053	5.30253189e-073	1.28012454e-092	2.43466887e-112	2.57345531e-132	2.69757054e-152	1.61521498e-172	9.72084123e-193	1.65171550e-212	2.22279633e-232	2.39494498e-252	
5.6	2.74175928e-017	1.18487145e-012	5.93629732e-009	7.64846914e-006	2.12140642e-003	6.36704341e-002	3.55722868e-001	4.51304137e-001	1.22535192e-001	4.63162948e-003	6.67419017e-006	4.14405576e-009	1.27576340e-012	5.86058429e-017	3.37516017e-022	8.91387585e-028	6.41749864e-034	2.50270046e-040	1.43102147e-057	1.85992303e-076	3.36242074e-096	3.21025467e-116	3.24737213e-136	2.06025386e-156	1.43013596e-176	2.85439186e-196	4.47923400e-216	5.58877312e-236	
5.7	6.32384140e-019	3.84283211e-014	2.80790139e-010	5.68075884e-007	2.55816770e-004	1.43684339e-002	1.59957182e-001	4.59662011e-001	3.22883007e-001	4.24727724e-002	3.98297490e-004	1.90499464e-006	6.12649840e-009	3.86302206e-012	5.68347175e-016	8.49219203e-020	5.90353338e-024	8.15138409e-029	2.59168188e-042	3.59221377e-057	2.02863136e-073	1.94077435e-091	9.96358606e-111	7.01117871e-131	5.66926393e-151	1.33096935e-170	2.43789605e-190	3.52521263e-210	
5.8	1.09857740e-020	9.31671695e-016	9.85129946e-012	3.09542029e-008	2.22562202e-005	2.24508119e-003	4.73111898e-002	2.85841265e-001	4.70792798e-001	1.85311107e-001	8.25542625e-003	2.13358924e-004	7.42030768e-006	6.66031148e-008	2.40697619e-010	1.21187160e-012	3.91292923e-015	1.00038187e-018	3.14313027e-029	7.34090288e-041	9.61605963e-054	4.13345988e-068	1.71929670e-083	3.72063720e-100	4.27942462e-118	1.04588432e-136	2.23828691e-156	3.75419216e-176	
5.9	1.42668930e-022	1.67763340e-017	2.54903779e-013	1.23035384e-009	1.39122130e-006	2.43253482e-004	9.28866219e-003	1.10817776e-001	3.94211378e-001	4.08434366e-001	6.70410049e-002	7.04956712e-003	2.59345789e-003	2.98418382e-004	1.88300014e-005	1.76098683e-006	1.31936414e-007	3.70401937e-010	2.80757680e-018	2.49679912e-027	1.65763675e-037	6.18544686e-049	3.57102894e-061	1.81983878e-074	8.42407302e-089	1.19380662e-103	2.98825187e-123	5.81881388e-143	
6	6.67173790e-025	1.08128819e-019	2.34487951e-015	1.71917995e-011	3.01352421e-008	8.85155288e-006	5.89470855e-004	1.31571927e-002	9.42290481e-002	2.30474487e-001	1.13765227e-001	3.88669425e-002	1.17195135e-001	1.24817743e-001	8.71713536e-002	9.01640882e-002	8.78828696e-002	1.67755964e-003	9.42497273e-010	9.41367131e-017	9.53793811e-025	8.38010887e-034	1.65291199e-043	4.31781245e-054	1.56420014e-065	2.28613402e-077	6.70066833e-097	1.51629706e-116	
6.1	5.96869027e-031	1.32557679e-025	4.07532459e-021	4.48614792e-017	1.20203007e-013	5.76675455e-011	6.47432765e-009	2.57997792e-007	3.50195645e-006	1.84423443e-005	2.33076474e-005	2.16816674e-005	3.89222435e-004	2.68866406e-003	1.37368683e-002	1.02855338e-001	8.14255497e-001	6.60061814e-002	1.03130379e-006	4.21201145e-012	2.51393463e-018	1.83862468e-025	4.04931465e-033	1.59332682e-041	1.22887865e-050	4.69801345e-060	1.61432666e-079	4.24979377e-099	
6.2	5.07775191e-037	1.53646685e-031	6.65148388e-027	1.08651486e-022	4.38946416e-019	3.35362080e-016	6.15836448e-014	4.20574329e-012	1.02719401e-010	1.07793257e-009	3.07413774e-009	6.77963891e-009	5.42208543e-007	1.78123076e-005	4.72561389e-004	1.82127092e-002	7.96104580e-001	1.85154668e-001	3.71136333e-005	2.72607961e-009	4.48024452e-014	1.18215848e-019	1.18109707e-025	2.62024089e-032	1.52185983e-039	5.11596403e-047	2.06363762e-066	6.32745945e-086	
6.3	2.23412738e-042	9.15804384e-037	5.54555063e-032	1.32861966e-027	7.98626994e-024	9.49463346e-021	2.77557761e-018	3.13489033e-016	1.31747444e-014	2.58184545e-013	1.50433079e-012	7.05525751e-012	1.97409441e-009	2.38949004e-007	2.49601646e-005	3.76592178e-003	6.57612447e-001	3.38107257e-001	4.88832890e-004	3.39721969e-007	8.30612542e-011	3.99204086e-015	8.64806082e-020	4.94084964e-025	9.36634224e-031	1.16413182e-036	5.51982843e-056	1.97369343e-075	
6.4	4.06409621e-047	2.24415996e-041	1.88802331e-036	6.55793703e-032	5.78990417e-028	1.04889568e-024	4.76441958e-022	8.62671838e-020	6.00335086e-018	2.08014562e-016	2.28990391e-015	2.09596997e-014	1.68538462e-011	6.11470161e-009	2.01387636e-006	9.54704445e-004	5.05199186e-001	4.90448686e-001	3.38162689e-003	1.37471380e-005	3.01073095e-008	1.49493421e-011	3.80327967e-015	3.00773016e-019	9.44911223e-024	2.18043064e-028	1.21709776e-047	5.08204000e-067	
6.5	2.39789536e-051	1.77385406e-045	2.05979382e-040	1.02583594e-035	1.31376703e-031	3.55785811e-028	2.45710133e-025	6.93994407e-023	7.73688193e-021	4.52817409e-019	8.85034034e-018	1.47647898e-016	2.91055350e-013	2.67959944e-010	2.32838480e-007	2.90608724e-004	3.69813006e-001	6.14592435e-001	1.50483215e-002	2.52139338e-004	3.24588430e-006	1.04354276e-008	1.88560867e-011	1.26286679e-014	3.79887487e-018	9.41095974e-022	3.84038763e-038	9.61231564e-056	
6.6	3.66963712e-055	3.61682097e-049	5.75931304e-044	4.06886743e-039	7.46974259e-035	2.97166240e-031	3.05959911e-028	1.31606474e-025	2.28397065e-023	2.17201823e-021	7.16967371e-020	2.06307012e-018	8.76821455e-015	1.79088643e-011	3.55760837e-008	1.01354089e-004	2.58553791e-001	6.90100030e-001	4.85030267e-002	2.60018411e-003	1.39556896e-004	2.00361689e-006	1.73147549e-008	6.64229124e-011	1.23502518e-013	2.12433368e-016	1.53372895e-029	9.57143736e-044	
6.7	1.17482551e-058	1.53460011e-052	3.33038271e-047	3.30395035e-042	8.59749265e-038	4.94383408e-034	7.45607006e-031	4.78165866e-028	1.25991084e-025	1.88394310e-023	1.00838961e-021	4.78488493e-020	3.95098318e-016	1.60597717e-012	6.49826418e-009	3.76484858e-005	1.68464471e-001	6.92091211e-001	1.19350507e-001	1.70045266e-002	2.90673824e-003	1.40508288e-004	4.31275492e-006	6.92904819e-008	5.65772241e-010	4.77626512e-012	1.38681783e-022	4.56316512e-034	
6.8	6.22291138e-062	1.07175866e-055	3.15084710e-050	4.34715402e-045	1.58631693e-040	1.29906129e-036	2.82413764e-033	2.64983698e-030	1.03719173e-027	2.37068805e-025	1.98975368e-023	1.50011543e-021	2.21145768e-017	1.63823424e-013	1.22983951e-009	1.31925162e-005	9.43498775e-002	5.79514561e-001	2.17811541e-001	7.18037873e-002	3.19041959e-002	4.21390222e-003	3.69050773e-004	1.93401984e-005	5.33291864e-007	1.67586242e-008	6.03223425e-017	3.04654976e-026	
6.9	3.84233189e-065	8.68155266e-059	3.43779964e-053	6.53670412e-048	3.31119702e-043	3.80921237e-039	1.17644272e-035	1.58802879e-032	9.05620355e-030	3.08822065e-027	3.95151182e-025	4.58922254e-023	1.12753189e-018	1.41702864e-014	1.82962984e-010	3.36657397e-006	3.61037755e-002	3.24909158e-001	2.42901376e-001	1.66663170e-001	1.65627404e-001	5.12409780e-002	1.08944782e-002	1.52894867e-003	1.16427828e-004	1.09170117e-005	1.91196302e-012	5.56102308e-020	
7	1.75264929e-068	5.17000230e-062	2.74264846e-056	7.12468293e-051	4.96189284e-046	7.91510899e-042	3.42689305e-038	6.55486327e-035	5.35332046e-032	2.66645603e-029	5.07916789e-027	8.85106536e-025	3.42637940e-020	6.89150739e-016	1.43887460e-011	4.26653751e-007	6.56482382e-003	8.52732787e-002	1.18006253e-001	1.55185581e-001	3.08616697e-001	1.99328345e-001	9.11219559e-002	2.93766306e-002	5.28920687e-003	1.23679666e-003	5.00642664e-009	3.84864681e-015	
7.1	5.08558814e-072	1.94917920e-065	1.37812979e-059	4.85141823e-054	4.60298045e-049	1.00605414e-044	6.03145908e-041	1.61255765e-037	1.85709635e-034	1.32617159e-031	3.68412632e-029	9.41843966e-027	5.48551034e-022	1.68362002e-017	5.40535064e-013	2.45392763e-008	5.25006300e-004	9.72792855e-003	2.35257782e-002	5.55376672e-002	2.03253877e-001	2.51022584e-001	2.24744738e-001	1.47905127e-001	5.57650507e-002	2.79907727e-002	1.44536388e-006	1.58173032e-011	
7.2	1.02117385e-075	5.06190283e-069	4.74654029e-063	2.24667122e-057	2.87857582e-052	8.52136343e-048	6.99372752e-044	2.58103056e-040	4.13295673e-037	4.16189502e-034	1.65659053e-031	6.09322632e-029	5.14014636e-024	2.31498898e-019	1.09666264e-014	7.30773755e-010	2.12452129e-005	5.56034868e-004	2.24286148e-003	9.01604829e-003	5.69223034e-002	1.25512369e-001	2.04537991e-001	2.50939121e-001	1.79868820e-001	1.70313508e-001	6.96887706e-005	6.63981603e-009	
7.3	1.75596360e-079	1.12052289e-072	1.38703869e-066	8.76199898e-061	1.50341258e-055	5.96194320e-051	6.62803370e-047	3.33755566e-043	7.33611348e-040	1.02646321e-036	5.76333754e-034	2.99800559e-031	3.54978576e-026	2.27189385e-021	1.53509958e-016	1.44989163e-011	5.62756894e-007	2.06246438e-005	1.33541917e-004	8.75540094e-004	9.06029720e-003	3.37677700e-002	9.44352359e-002	2.01259508e-001	2.53686866e-001	4.05860852e-001	8.98697779e-004	5.04328320e-007	
7.4	3.57088154e-083	2.91978980e-076	4.75011136e-070	3.97612850e-064	9.06192791e-059	4.76281220e-054	7.09986065e-050	4.82612438e-046	1.43887650e-042	2.76000314e-039	2.15585581e-036	1.56221312e-033	2.52921291e-028	2.24023442e-023	2.09928668e-018	2.72982158e-013	1.39525148e-008	7.10418281e-007	7.15115571e-006	7.37691969e-005	1.20035303e-003	7.23211185e-003	3.30821799e-002	1.15850947e-001	2.40902510e-001	5.96362731e-001	5.27474541e-003	1.27778021e-005	
7.5	1.01153489e-086	1.05491970e-079	2.24586471e-073	2.47356969e-067	7.42976491e-062	5.12161913e-057	1.01386855e-052	9.21025148e-049	3.68355717e-045	9.56780362e-042	1.02691018e-038	1.02259096e-035	2.21462769e-030	2.65589157e-025	3.37230869e-020	5.89222703e-015	3.92193696e-010	2.75414189e-008	4.19509509e-007	6.60703654e-006	1.63304379e-004	1.53284770e-003	1.10186472e-002	6.06202240e-002	1.97236013e-001	7.09527878e-001	1.97328636e-002	1.61167684e-004	
7.6	4.06220961e-090	5.37767502e-083	1.49216226e-076	2.14774815e-070	8.43553353e-065	7.54769510e-060	1.96553487e-055	2.36329171e-051	1.25458121e-047	4.36239483e-044	6.36119246e-041	8.59720438e-038	2.44471502e-032	3.89740241e-027	6.57602615e-022	1.51234073e-016	1.29888701e-011	1.24941308e-009	2.81410609e-008	6.59382667e-007	2.40398107e-005	3.40740307e-004	3.72074645e-003	3.09873852e-002	1.50865288e-001	7.57831817e-001	5.49856818e-002	1.24361233e-003	
7.7	2.22068065e-093	3.71364939e-086	1.33755717e-079	2.49862120e-073	1.27334554e-067	1.46350489e-062	4.96774798e-058	7.83274168e-054	5.46372640e-050	2.51623088e-046	4.93396471e-043	8.94886762e-040	3.28875255e-034	6.86319868e-029	1.51364039e-023	4.50183188e-018	4.95051695e-013	6.48083413e-011	2.11582565e-009	7.21385525e-008	3.78139554e-006	7.87908270e-005	1.26931101e-003	1.55085407e-002	1.08756689e-001	7.45750129e-001	1.22095850e-001	6.53683263e-003	
7.8	1.56584635e-096	3.29097000e-089	1.53247777e-082	3.69048814e-076	2.42134305e-070	3.53788166e-065	1.55108437e-060	3.17818214e-056	2.88478178e-052	1.74188413e-048	4.54937927e-045	1.09574120e-041	5.13296995e-036	1.38398126e-030	3.93396608e-025	1.49027321e-019	2.08427283e-014	3.69087950e-012	1.71643966e-010	8.35042120e-009	6.15286613e-007	1.84107223e-005	4.26546736e-004	7.44071500e-003	7.27092255e-002	6.72624252e-001	2.21959324e-001	2.48209020e-002	
7.9	1.35716954e-099	3.56646490e-092	2.13867953e-085	6.59364731e-079	5.52567975e-073	1.01547505e-067	5.69758799e-063	1.50366913e-058	1.75904856e-054	1.37905145e-050	4.75446312e-047	1.50576102e-043	8.88271489e-038	3.05946579e-032	1.10729061e-026	5.27149204e-021	9.32091375e-016	2.21994931e-013	1.44800887e-011	9.87825031e-010	1.00247784e-007	4.21884377e-006	1.37411614e-004	3.34111575e-003	4.41814503e-002	5.48132627e-001	3.33685506e-001	7.05175691e-002	
8	1.39923666e-102	4.57177088e-095	3.51630214e-088	1.37817248e-081	1.46347317e-075	3.34633785e-070	2.38064044e-065	8.02028848e-061	1.19783738e-056	1.20781243e-052	5.45045880e-049	2.24861779e-045	1.65232988e-039	7.19828585e-034	3.28162619e-028	1.94015505e-022	4.31398225e-017	1.37449438e-014	1.24032002e-012	1.16811707e-010	1.60263121e-008	9.30985231e-007	4.17665394e-005	1.38537626e-003	2.41522317e-002	4.00544982e-001	4.19317801e-001	1.54556895e-001	
