4	4.19315708e-003	9.95747742e-001	5.91012534e-005	1.97022299e-017	1.24697658e-036	1.31662610e-055	6.90779695e-075	1.54226322e-094	2.89084014e-114	4.42092085e-134	4.80221687e-154	4.27623942e-174	2.90900641e-194	1.66134004e-214	1.17012258e-234	4.63414883e-255	1.46929259e-275	3.82230123e-296	1.00000000e-300	1.00000000e-300	1.00000000e-300	1.00000000e-300	1.00000000e-300	1.00000000e-300	1.00000000e-300	
4.1	5.55488909e-004	9.95586403e-001	3.85810853e-003	2.79826492e-012	1.97761215e-029	2.50153328e-048	1.57497531e-067	4.21533417e-087	9.54429691e-107	1.75883109e-126	2.30999618e-146	2.49093791e-166	2.05251970e-186	1.42033056e-206	1.16430082e-226	5.58364097e-247	2.13335918e-267	6.68324669e-288	1.00000000e-300	1.00000000e-300	1.00000000e-300	1.00000000e-300	1.00000000e-300	1.00000000e-300	1.00000000e-300	
4.2	9.89655144e-005	9.22044676e-001	7.78563319e-002	2.68587281e-008	2.84210521e-021	4.30687257e-040	3.25390796e-059	1.03902288e-078	2.83831749e-098	6.30275017e-118	1.00086548e-137	1.30693707e-157	1.30445860e-177	1.09379389e-197	1.04509258e-217	6.06906260e-238	2.79435637e-258	1.05419564e-278	3.25720882e-299	1.00000000e-300	1.00000000e-300	1.00000000e-300	1.00000000e-300	1.00000000e-300	1.00000000e-300	
4.3	2.40949325e-005	6.31231505e-001	3.68726347e-001	1.80526297e-005	4.20185911e-015	3.25124608e-030	2.94790650e-049	1.06530301e-068	3.45877602e-088	9.25499309e-108	1.77700416e-127	2.80993701e-147	3.39725434e-167	3.45154718e-187	3.84938067e-207	2.70682840e-227	1.50187449e-247	6.82298062e-268	2.53265799e-288	1.00000000e-300	1.00000000e-300	1.00000000e-300	1.00000000e-300	1.00000000e-300	1.00000000e-300	
4.4	1.17103531e-005	3.28404816e-001	6.69839852e-001	1.74362114e-003	1.94180785e-010	8.14326939e-022	3.71475199e-038	1.16860199e-057	4.10785287e-077	1.32451566e-096	3.07483439e-116	5.88654042e-136	8.61966325e-156	1.05977294e-175	1.38153167e-195	1.17637234e-215	7.86555453e-236	4.30305516e-256	1.91886518e-276	7.24537524e-297	1.00000000e-300	1.00000000e-300	1.00000000e-300	1.00000000e-300	1.00000000e-300	
4.5	7.39441381e-006	1.49733769e-001	8.05770446e-001	4.44876991e-002	6.91309069e-007	2.80685485e-015	9.40309202e-028	1.64550819e-047	4.77748220e-067	1.85627004e-086	5.21043631e-106	1.20269517e-125	2.12847567e-145	3.12951298e-165	4.77518498e-185	4.92353097e-205	3.96707032e-225	2.61352548e-245	1.40015294e-265	6.36028409e-286	1.00000000e-300	1.00000000e-300	1.00000000e-300	1.00000000e-300	1.00000000e-300	
4.6	3.51290007e-006	5.40049466e-002	6.68070232e-001	2.77719808e-001	2.01500802e-004	1.82795831e-010	7.63584771e-020	3.81207961e-039	6.82752375e-059	3.19580778e-078	1.08461150e-097	2.90609158e-117	6.09396825e-137	1.00751728e-156	1.80187298e-176	2.24969783e-196	2.18438473e-216	1.73308849e-236	1.11538711e-256	6.09534459e-277	2.88427795e-297	1.00000000e-300	1.00000000e-300	1.00000000e-300	1.00000000e-300	
4.7	1.18851292e-006	1.56627768e-002	4.07650644e-001	5.70338464e-001	6.34662943e-003	2.97260527e-007	3.77451739e-014	1.62925535e-029	4.06552568e-047	2.28208009e-066	9.36314811e-086	2.44884219e-105	5.51963708e-125	8.67049495e-145	1.81992673e-164	2.75146156e-184	3.21872368e-204	3.07511577e-224	2.37754428e-244	1.56304272e-264	8.68405310e-285	1.00000000e-300	1.00000000e-300	1.00000000e-300	1.00000000e-300	
4.8	3.39133838e-007	4.27932086e-003	2.19509914e-001	7.25843389e-001	5.03326359e-002	3.44003581e-005	4.20081944e-010	2.57701851e-022	3.02295223e-036	2.57435356e-051	1.94029014e-069	3.55559856e-089	6.81815291e-109	8.22405514e-129	2.02862732e-148	3.71373422e-168	5.22796078e-188	6.01405834e-208	5.58512105e-228	4.41616276e-248	2.76563299e-268	1.11842162e-288	1.00000000e-300	1.00000000e-300	1.00000000e-300	
4.9	8.20704798e-008	1.08486174e-003	1.04210303e-001	7.06562355e-001	1.87228555e-001	9.13478398e-004	3.64658684e-007	7.75697840e-017	8.00964993e-028	2.03546545e-039	2.10432697e-053	3.74780721e-070	5.83193631e-089	4.91524342e-109	1.42677603e-128	3.16183053e-148	5.32940691e-168	7.37164838e-188	8.20887115e-208	7.79347873e-228	5.17564001e-248	2.12578142e-268	1.90124445e-288	1.00000000e-300	1.00000000e-300	
5	1.60314563e-008	2.38302346e-004	4.11356666e-002	5.30880163e-001	4.17807982e-001	9.89652145e-003	4.13490424e-005	1.00163767e-012	2.45355907e-021	2.68458430e-030	5.17356158e-041	2.11571846e-054	1.91060425e-069	2.28087367e-087	1.98286302e-106	5.31114539e-126	1.05780744e-145	1.74509608e-165	2.30357474e-185	2.60094024e-205	1.73465402e-225	7.36802457e-246	7.69056694e-266	6.41736227e-286	1.00000000e-300	
5.1	2.50030900e-009	4.41679056e-005	1.32449155e-002	3.09809259e-001	6.20270854e-001	5.55544652e-002	1.07633554e-003	1.22831027e-009	2.53609679e-016	2.72276641e-023	1.71533849e-031	3.45924197e-042	3.17097181e-054	1.59506588e-068	1.74684818e-083	5.62501426e-103	1.29331485e-122	2.47349216e-142	3.70705018e-162	4.82105026e-182	3.15637702e-202	1.42667556e-222	1.73997556e-242	1.68667658e-262	1.32746465e-282	
5.2	3.16320437e-010	6.92870802e-006	3.50845574e-003	1.43487946e-001	6.55854534e-001	1.85608766e-001	1.15330623e-002	3.06693962e-007	2.34831435e-012	9.13211851e-018	4.53167356e-024	1.37487608e-032	3.37430355e-042	1.38208985e-053	2.89050717e-065	1.10522968e-084	2.85367848e-104	5.95111462e-124	9.20740573e-144	1.29179608e-163	8.38447510e-184	4.14929237e-204	5.92011810e-224	6.67243516e-244	6.06860861e-264	
5.3	3.15822975e-011	8.85796954e-007	7.39343151e-004	5.14202283e-002	4.95079972e-001	3.87375937e-001	6.53606744e-002	2.29558988e-005	3.37209906e-009	2.37023244e-013	3.41214378e-018	6.12263330e-025	1.41806286e-032	1.30508822e-041	1.16417668e-050	5.18518029e-070	1.47251875e-089	3.09222754e-109	4.39774090e-129	6.14329744e-149	4.05873245e-169	2.24960229e-189	3.75961343e-209	4.93115793e-229	5.18583425e-249	
5.4	2.39409543e-012	8.80687708e-008	1.18652094e-004	1.37221815e-002	2.61625619e-001	5.11029533e-001	2.12882495e-001	6.20415382e-004	1.01598028e-006	7.68426176e-010	1.62733927e-013	8.26012804e-019	8.05533677e-025	6.60025028e-032	7.63522034e-039	3.88067108e-058	1.20469099e-077	2.40663841e-097	2.94310816e-117	3.88400945e-137	2.68529414e-157	1.69440569e-177	3.32112682e-197	5.07375349e-217	6.17432734e-237	
5.5	1.41962189e-013	6.96886791e-009	1.48753816e-005	2.80725285e-003	1.00908601e-001	4.53539575e-001	4.35468677e-001	7.17798514e-003	8.25734117e-005	4.52175726e-007	8.73315559e-010	7.23977415e-014	1.81339962e-018	9.14763728e-024	5.34254228e-029	2.81918791e-044	2.70749298e-061	3.92842030e-080	4.15384973e-100	5.15628263e-120	3.81494720e-140	2.77491068e-160	6.38762184e-180	1.13772119e-199	1.60328230e-219	
5.6	7.13269556e-015	4.72902647e-010	1.57239747e-006	4.76157365e-004	3.09824863e-002	2.99288152e-001	6.24287851e-001	4.25727547e-002	2.31957518e-003	7.05078608e-005	9.41886451e-007	9.91554233e-010	6.04123152e-013	1.65341037e-016	2.32405704e-020	3.15721237e-032	1.49956400e-045	1.81491192e-060	2.81212777e-077	2.03763523e-095	2.83337867e-115	2.40402059e-135	6.50790631e-155	1.35268573e-174	2.20915178e-194	
5.7	3.14577295e-016	2.83920580e-011	1.44749373e-007	6.92358855e-005	7.87382511e-003	1.54009416e-001	6.60538055e-001	1.45437090e-001	2.72691775e-002	4.38868698e-003	4.08512430e-004	5.77675601e-006	7.90095089e-008	7.33838561e-010	1.39543276e-012	1.00782356e-021	4.36905724e-032	7.36010144e-044	3.05467545e-057	1.13072959e-071	1.65686870e-087	9.25260239e-105	1.02228807e-122	2.48218544e-142	4.70208838e-162	
5.8	9.14625785e-018	1.12891573e-012	8.69629189e-009	6.47177320e-006	1.24691500e-003	4.68258591e-002	3.92017004e-001	2.30291051e-001	1.16944001e-001	1.14092954e-001	8.09128848e-002	1.41747487e-002	2.96186616e-003	5.17852632e-004	8.38349924e-006	8.85483019e-013	8.97889086e-021	5.14056068e-030	1.22684745e-040	4.35415084e-052	1.07370025e-064	1.91252092e-078	1.00463273e-092	2.85253055e-112	6.27357220e-132	
5.9	2.28444078e-021	3.86452205e-016	4.43586822e-012	5.06110608e-009	1.60608008e-006	1.10422596e-004	1.71966826e-003	2.33382768e-003	2.70911783e-003	1.61781826e-002	7.71558096e-002	1.22508764e-001	2.49090435e-001	4.84729742e-001	4.34621963e-002	2.23768668e-007	1.73083380e-013	1.10301663e-020	4.47032972e-029	4.03530910e-038	3.90801140e-048	4.53276713e-059	2.09728354e-070	6.97165687e-090	1.78184759e-109	
6	6.51170383e-027	1.51008139e-021	2.54913598e-017	4.39540621e-014	2.23897550e-011	2.70124408e-009	7.49052351e-008	2.10707306e-007	4.96705244e-007	1.52553217e-005	3.79631498e-004	3.84380206e-003	5.10287152e-002	7.15254734e-001	2.29454228e-001	2.28480861e-005	5.29771711e-010	1.54064007e-015	4.01268351e-022	3.20054149e-029	3.83554827e-037	8.20006671e-046	8.75473144e-055	3.41115583e-074	1.01425899e-093	
6.1	5.73743586e-032	1.82214347e-026	4.46783550e-022	1.14818447e-018	9.17041571e-016	1.86978936e-013	8.87826321e-012	4.76732600e-011	2.09815839e-010	2.64308930e-008	2.65272836e-006	1.25632754e-004	7.83955134e-003	5.53498739e-001	4.38120135e-001	4.13128114e-004	1.33578479e-007	8.57350379e-012	6.57001515e-017	1.97700752e-022	1.16778011e-028	1.68297798e-035	1.43009038e-042	6.53994778e-062	2.26483854e-081	
6.2	2.05884693e-036	8.93576815e-031	3.14593325e-026	1.18905867e-022	1.45737529e-019	4.85810149e-017	3.81587202e-015	3.66950558e-014	2.83437088e-013	1.18600424e-010	3.84585793e-008	6.59727072e-006	1.48531039e-003	3.92190150e-001	6.03070067e-001	3.23978443e-003	8.04626665e-006	6.19996607e-009	7.37927824e-013	4.16874583e-017	5.78920655e-022	2.50687333e-027	7.27533995e-033	3.91021173e-052	1.57918167e-071	
6.3	2.47876889e-040	1.46627988e-034	7.33184803e-030	4.02406990e-026	7.42258067e-023	3.92896574e-020	4.95218565e-018	8.11222462e-017	1.04927156e-015	1.21883009e-012	1.06444546e-009	5.37866792e-007	3.53775018e-004	2.71993500e-001	7.12153667e-001	1.53091963e-002	1.88280649e-004	1.04089948e-006	1.13187888e-009	6.70660881e-013	1.19991977e-016	8.09547138e-021	4.09533089e-025	2.59083374e-044	1.22191847e-063	
6.4	7.97805132e-044	6.41218998e-038	4.50787623e-033	3.55053156e-029	9.68212035e-026	7.93210748e-023	1.56219019e-020	4.18631109e-019	8.73488655e-018	2.42846459e-014	4.93094999e-011	6.21681465e-008	1.01000789e-004	1.83809425e-001	7.62621648e-001	5.11305798e-002	2.27743194e-003	5.94698618e-005	3.81158288e-007	1.46507039e-009	2.06976668e-012	1.27208538e-015	6.57000819e-019	6.88314575e-035	3.63985061e-052	
6.5	5.47957086e-047	5.96383308e-041	5.84000668e-036	6.52729409e-032	2.58957622e-028	3.21056538e-025	9.65092107e-023	4.09336287e-021	1.33692059e-019	7.87934088e-016	3.30438716e-012	9.09805755e-009	3.19435273e-005	1.16767722e-001	7.36466932e-001	1.28601559e-001	1.65993368e-002	1.49207450e-003	3.97397213e-005	6.78021864e-007	5.10595098e-009	1.85371314e-011	6.38686650e-014	1.07668661e-026	1.34561473e-040	
6.6	6.31945346e-050	9.28167882e-044	1.25509590e-038	1.97013787e-034	1.12067112e-030	2.06130633e-027	9.26493154e-025	6.05064731e-023	3.01687594e-021	3.41359737e-017	2.68739374e-013	1.45186400e-009	9.90162363e-006	6.42424652e-002	6.00451309e-001	2.38884253e-001	7.59946150e-002	1.87354235e-002	1.58883837e-003	9.04818881e-005	2.66975986e-006	4.07423842e-008	6.67324714e-010	4.19634359e-020	2.65036415e-031	
6.7	8.99138900e-053	1.77604978e-046	3.29019380e-041	7.18414853e-037	5.78232169e-033	1.55056414e-029	1.02324885e-026	1.00521567e-024	7.49061892e-023	1.50071701e-018	2.05328300e-014	1.99678509e-010	2.42846151e-006	2.55598849e-002	3.48020724e-001	2.84964267e-001	1.97980577e-001	1.13936454e-001	2.52615259e-002	3.89952143e-003	3.55969422e-004	1.76023854e-005	1.04616137e-006	7.68331527e-015	7.20156619e-024	
6.8	1.07362731e-055	2.84226259e-049	7.16034910e-044	2.15558744e-039	2.42549085e-035	9.33765831e-032	8.90203461e-029	1.28951477e-026	1.41012753e-024	4.68300684e-020	1.04607282e-015	1.70775124e-011	3.45711881e-007	5.53531728e-003	1.08439786e-001	1.68911523e-001	2.33636979e-001	2.79334081e-001	1.40086175e-001	5.03407393e-002	1.18794845e-002	1.56393108e-003	2.71637723e-004	9.25906258e-011	4.86599356e-018	
6.9	8.33516190e-059	2.94795064e-052	1.00317800e-046	4.12993435e-042	6.42635475e-038	3.50313352e-034	4.75598751e-031	9.98433152e-029	1.57690820e-026	8.22349883e-022	2.85003575e-017	7.38204123e-013	2.35246062e-008	5.47153294e-004	1.52693296e-002	4.25182751e-002	1.08909313e-001	2.48022123e-001	2.52557112e-001	1.88654028e-001	1.00339052e-001	3.02989727e-002	1.28845200e-002	9.77757298e-008	1.32949738e-013	
7	3.84757791e-062	1.81224755e-055	8.27816780e-050	4.62530499e-045	9.85362533e-041	7.51321812e-037	1.43409739e-033	4.29765735e-031	9.66671498e-029	7.57307609e-024	3.90669705e-019	1.53346668e-014	7.35174126e-010	2.40146247e-005	9.46463918e-004	4.48178797e-003	2.00678699e-002	8.14349484e-002	1.55111557e-001	2.20893678e-001	2.38171032e-001	1.47132089e-001	1.31724185e-001	1.23733464e-005	2.35496478e-010	
7.1	1.19356110e-065	7.46479523e-059	4.55098786e-053	3.42750048e-048	9.90486390e-044	1.04504113e-039	2.77234764e-036	1.17026100e-033	3.70267176e-031	4.20190460e-026	3.11874218e-021	1.78688913e-016	1.24191568e-011	5.55555178e-007	3.06833576e-005	2.37239948e-004	1.77202956e-003	1.21547036e-002	4.06241614e-002	1.03079789e-001	2.07338193e-001	2.39538139e-001	3.94937841e-001	2.86617324e-004	4.68595544e-008	
7.2	3.82145600e-069	3.16457232e-062	2.56113541e-056	2.58309814e-051	1.00419693e-046	1.45159233e-042	5.29706428e-039	3.11299196e-036	1.37015025e-033	2.18577508e-028	2.26991390e-023	1.84106453e-018	1.79945907e-013	1.08120451e-008	8.30803301e-007	1.01424863e-005	1.21600735e-004	1.35091416e-003	7.52875011e-003	3.22439529e-002	1.13187415e-001	2.27638894e-001	6.15552329e-001	2.36290910e-003	2.25115055e-006	
7.3	1.66038075e-072	1.81595466e-065	1.94130290e-059	2.60641191e-054	1.35231299e-049	2.65470243e-045	1.32021092e-041	1.06886003e-038	6.47982620e-036	1.41746672e-030	2.01278478e-025	2.25360695e-020	3.02087985e-015	2.40096636e-010	2.54917379e-008	4.77702158e-007	8.90111692e-006	1.54593966e-004	1.37828014e-003	9.53198711e-003	5.53113029e-002	1.82686802e-001	7.39781585e-001	1.11007778e-002	4.52660850e-005	
7.4	1.02251835e-075	1.47328788e-068	2.07053738e-062	3.67987761e-057	2.52943259e-052	6.68932326e-048	4.49500656e-044	4.96684388e-041	4.11059275e-038	1.20779886e-032	2.30061955e-027	3.48297330e-022	6.27077235e-017	6.51223207e-012	9.49148101e-010	2.66553647e-008	7.51079751e-007	1.97960876e-005	2.72787902e-004	2.93608350e-003	2.69205304e-002	1.39153250e-001	7.93512717e-001	3.66831813e-002	5.00874720e-004	
7.5	8.51518392e-079	1.61269510e-071	2.96616299e-065	6.94122397e-060	6.27663869e-055	2.21969305e-050	2.00007538e-046	2.99092488e-043	3.35190511e-040	1.30006659e-034	3.26956219e-029	6.57858023e-024	1.56320742e-018	2.09986346e-013	4.17538632e-011	1.72154855e-009	7.16515965e-008	2.79362299e-006	5.77848033e-005	9.38076106e-004	1.30817414e-002	1.01618937e-001	7.87552495e-001	9.32419419e-002	3.50615683e-003	
7.6	8.94563077e-082	2.22209535e-074	5.32568131e-068	1.63261331e-062	1.92918606e-057	9.06139827e-053	1.08709385e-048	2.18329859e-045	3.28918281e-042	1.65937723e-036	5.43618300e-031	1.43291628e-025	4.42803064e-020	7.62877339e-015	2.05725289e-012	1.22322175e-010	7.36758029e-009	4.15513007e-007	1.25804272e-005	2.99820826e-004	6.15357818e-003	6.93754624e-002	7.18475796e-001	1.88936462e-001	1.67458768e-002	
7.7	1.10789048e-084	3.60247774e-077	1.12036152e-070	4.47711546e-065	6.86793445e-060	4.25763081e-055	6.75643662e-051	1.80993831e-047	3.64133702e-044	2.35944809e-038	9.95509648e-033	3.39604265e-027	1.34749213e-021	2.95578632e-016	1.07496728e-013	9.07377325e-012	7.76693626e-010	6.21182419e-008	2.69287848e-006	9.20014482e-005	2.70030386e-003	4.28501902e-002	5.89174016e-001	3.08308058e-001	5.68726756e-002	
7.8	1.53833938e-087	6.53523995e-080	2.62636615e-073	1.36157448e-067	2.69439173e-062	2.19112411e-057	4.57129974e-053	1.62319620e-049	4.33426877e-046	3.56749940e-040	1.91944620e-034	8.38681297e-029	4.22582533e-023	1.17263513e-017	5.72092390e-015	6.75997860e-013	8.09112883e-011	9.01422859e-009	5.48575211e-007	2.63012464e-005	1.07603512e-003	2.33852176e-002	4.26293906e-001	4.07553575e-001	1.41664408e-001	
7.9	2.34608269e-090	1.29992308e-082	6.72279702e-076	4.49995153e-070	1.14134865e-064	1.21063616e-059	3.30140190e-055	1.54469263e-051	5.44343171e-048	5.63535110e-042	3.83256188e-036	2.12548808e-030	1.34673451e-024	4.70069671e-019	3.06118630e-016	5.00042832e-014	8.24655627e-012	1.25909566e-009	1.05675198e-007	6.97565749e-006	3.88753002e-004	1.12884885e-002	2.72967678e-001	4.45748113e-001	2.69599884e-001	
8	3.97763181e-093	2.86960032e-085	1.90180493e-078	1.63568763e-072	5.28341979e-067	7.26886691e-062	2.57684853e-057	1.58014457e-053	7.31107288e-050	9.43473663e-044	8.04772798e-038	5.61963997e-032	4.43783262e-026	1.93803420e-020	1.67692394e-017	3.74398560e-015	8.39354324e-013	1.72993723e-010	1.96986568e-008	1.75866718e-006	1.30750512e-004	4.95879941e-003	1.59123710e-001	4.20583301e-001	4.15201661e-001	
