4	9.99968050e-001	3.19501987e-005	1.88765292e-019	3.60858903e-038	3.20364793e-057	6.22043402e-077	3.24115987e-096	1.04338136e-115	2.18280620e-135	3.22285314e-155	
4.1	9.97372927e-001	2.62707296e-003	8.50274814e-014	1.89286468e-032	1.85320607e-051	3.01491194e-071	1.87868391e-090	7.06590909e-110	1.71327993e-129	2.91875488e-149	
4.2	9.15574604e-001	8.44253934e-002	2.68071046e-009	1.60335391e-026	1.75272077e-045	2.57813717e-065	1.89360057e-084	8.33120931e-104	2.34305743e-123	4.60859824e-143	
4.3	3.80545710e-001	6.19449479e-001	4.81154841e-006	4.72895543e-019	5.84333851e-038	8.38620298e-058	6.77946886e-077	3.49331111e-096	1.14041235e-115	2.59149286e-135	
4.4	5.87721733e-002	9.40699254e-001	5.28572844e-004	1.20593780e-013	8.60970092e-029	1.28876163e-048	9.68265685e-068	5.85054795e-087	2.21872196e-106	5.82877174e-126	
4.5	1.16809656e-002	9.76168390e-001	1.21506430e-002	1.30052046e-009	4.16354859e-021	2.60661666e-038	1.49977944e-057	1.06397520e-076	4.69124866e-096	1.42578144e-115	
4.6	4.13884177e-003	8.99029561e-001	9.68303320e-002	1.26556635e-006	2.71899428e-015	1.19674293e-028	2.31751150e-047	1.93270911e-066	9.91539664e-086	3.48875713e-105	
4.7	1.78261495e-003	6.47317767e-001	3.50714269e-001	1.85349458e-004	5.84758612e-011	3.05032189e-021	6.06922392e-036	2.42244669e-053	1.44736016e-072	5.90036753e-092	
4.8	6.28608206e-004	3.30004841e-001	6.63177127e-001	6.18932813e-003	9.54639019e-008	1.37037257e-015	4.41293786e-027	1.56352722e-040	1.08895892e-059	5.14776836e-079	
4.9	1.75465846e-004	1.30196726e-001	7.96456087e-001	7.31466523e-002	2.50688949e-005	3.03502528e-011	3.72867235e-020	1.91106873e-030	1.55295688e-049	8.52009040e-069	
5	3.51469316e-005	3.72837895e-002	6.02446538e-001	3.58723600e-001	1.51086363e-003	6.14601797e-008	9.22155116e-015	1.61769580e-022	1.53539845e-041	9.78584095e-061	
5.1	4.27669929e-006	6.60070471e-003	2.53034035e-001	7.16941756e-001	2.34032547e-002	1.59735519e-005	1.18780849e-010	2.26866492e-016	2.51766166e-035	1.86604037e-054	
5.2	3.87363263e-007	8.83413990e-004	7.38973170e-002	7.85938202e-001	1.38341760e-001	9.38750434e-004	1.69062054e-007	1.41488500e-011	1.83810978e-030	1.58594459e-049	
5.3	2.91891537e-008	9.94586510e-005	1.69826629e-002	5.62839462e-001	4.01864974e-001	1.81685538e-002	4.47796849e-005	7.96505863e-008	1.21287305e-026	1.21985060e-045	
5.4	1.72404953e-009	8.83059818e-006	2.91413117e-003	2.59456395e-001	6.01905372e-001	1.32819410e-001	2.83555972e-003	6.02999113e-005	1.90060578e-023	2.23107220e-042	
5.5	7.43622789e-011	5.73559183e-007	3.49443216e-004	7.41338333e-002	4.70249188e-001	3.96427766e-001	5.06848753e-002	8.15432085e-003	2.91678529e-017	1.17143668e-034	
5.6	1.76738754e-012	2.04864509e-008	2.21545177e-005	1.01537418e-002	1.53972020e-001	4.08141434e-001	2.31744292e-001	1.95966337e-001	1.23427330e-012	2.67189278e-026	
5.7	1.50801722e-014	2.61433997e-010	4.84871147e-007	4.42740009e-004	1.44434377e-002	1.03021473e-001	2.03931993e-001	6.78159870e-001	1.71204200e-009	3.60721872e-020	
5.8	1.03097697e-016	2.65463194e-012	8.19082657e-009	1.39251310e-005	8.98907683e-004	1.52177999e-002	8.64938594e-002	8.97375219e-001	2.80269229e-007	1.47585877e-015	
5.9	1.04503590e-018	3.96320665e-014	1.97942582e-010	5.91598586e-007	7.06661605e-005	2.56484560e-003	3.58683513e-002	9.61480950e-001	1.45952667e-005	6.52385520e-012	
6	1.68489741e-020	9.32590030e-016	7.35629131e-012	3.67913205e-008	7.70054106e-006	5.51522817e-004	1.68031373e-002	9.82293905e-001	3.43691603e-004	5.53063423e-009	
6.1	4.28612221e-022	3.42893527e-017	4.17773305e-013	3.34973779e-009	1.17466493e-006	1.55038363e-004	9.34624555e-003	9.86161998e-001	4.33427015e-003	1.27029543e-006	
6.2	1.68043762e-023	1.92410741e-018	3.54810790e-014	4.39127686e-010	2.48460595e-007	5.71072579e-005	6.30375114e-003	9.61752430e-001	3.17877211e-002	9.87417408e-005	
6.3	8.94738170e-025	1.45200427e-019	3.97766004e-015	7.34469930e-011	6.49576242e-008	2.47906434e-005	4.69743123e-003	8.55629106e-001	1.36721076e-001	2.92753039e-003	
6.4	5.15600344e-026	1.17457907e-020	4.69949328e-016	1.25553064e-011	1.68901048e-008	1.02806556e-005	3.16286966e-003	6.24861778e-001	3.36662262e-001	3.53027932e-002	
6.5	2.62912473e-027	8.32918959e-022	4.79096791e-017	1.80020259e-012	3.59718487e-009	3.37324714e-006	1.60469893e-003	3.39320234e-001	4.73743968e-001	1.85327722e-001	
6.6	1.07475184e-028	4.69211096e-023	3.82377553e-018	1.96860280e-013	5.72210916e-010	8.02147366e-007	5.65875062e-004	1.31530916e-001	3.98959113e-001	4.68943294e-001	
6.7	3.86762270e-030	2.30637261e-024	2.62665356e-019	1.80833844e-014	7.50457283e-011	1.53142290e-007	1.54817182e-004	4.10866467e-002	2.41372936e-001	7.17385447e-001	
6.8	1.45147355e-031	1.17210592e-025	1.84146333e-020	1.65718756e-015	9.65447535e-012	2.80031467e-008	3.95083726e-005	1.24191989e-002	1.30824099e-001	8.56717166e-001	
6.9	6.21136852e-033	6.73549339e-027	1.44191717e-021	1.66028585e-016	1.33697697e-012	5.39442668e-009	1.04119890e-005	3.99898405e-003	7.15257181e-002	9.24464880e-001	
7	3.09745505e-034	4.47270593e-028	1.28922849e-022	1.86198250e-017	2.04279053e-013	1.12386597e-009	2.92433242e-006	1.40650261e-003	4.09996886e-002	9.57590883e-001	
7.1	1.79242953e-035	3.41791161e-029	1.31117545e-023	2.33165269e-018	3.43798228e-014	2.53139507e-010	8.78205470e-007	5.38964963e-004	2.47887129e-002	9.74671444e-001	
7.2	1.19125506e-036	2.97447126e-030	1.50131118e-024	3.23118771e-019	6.32006526e-015	6.11909157e-011	2.80505205e-007	2.22716479e-004	1.57389231e-002	9.84038080e-001	
7.3	8.99952971e-038	2.91736505e-031	1.91522532e-025	4.91077456e-020	1.25818065e-015	1.57516285e-011	9.46717045e-008	9.81907942e-005	1.04222406e-002	9.89479474e-001	
7.4	7.65639825e-039	3.19397245e-032	2.69613372e-026	8.11898569e-021	2.69109234e-016	4.28677296e-012	3.35296878e-008	4.57232586e-005	7.14731898e-003	9.92806924e-001	
7.5	7.28046747e-040	3.87288025e-033	4.15537766e-027	1.45064542e-021	6.14473474e-017	1.22617905e-012	1.23886273e-008	2.23015264e-005	5.04560439e-003	9.94932082e-001	
7.6	7.68690228e-041	5.16582494e-034	6.96226442e-028	2.78470045e-022	1.48902777e-017	3.66684290e-013	4.74965222e-009	1.13111668e-005	3.64715151e-003	9.96341533e-001	
7.7	8.95806286e-042	7.53117348e-035	1.25997935e-028	5.71490233e-023	3.81085816e-018	1.14163949e-013	1.88083996e-009	5.93015818e-006	2.68776200e-003	9.97306306e-001	
7.8	1.14628934e-042	1.19349568e-035	2.44943943e-029	1.24843620e-023	1.02555869e-018	3.68638740e-014	7.66027949e-010	3.19686410e-006	2.01195017e-003	9.97984852e-001	
7.9	1.60274704e-043	2.04540751e-036	5.08849145e-030	2.89066030e-024	2.89006000e-019	1.23035599e-014	3.19722631e-010	1.76455687e-006	1.52515171e-003	9.98473083e-001	
8	2.43636886e-044	3.77094318e-037	1.12390703e-030	7.06650786e-025	8.49600893e-020	4.23164574e-015	1.36303774e-010	9.93428049e-007	1.16791116e-003	9.98831095e-001	
