4	1.66272511e-001	8.33635519e-001	9.19696127e-005	1.30425100e-016	1.67211666e-035	1.10736203e-054	4.22657262e-074	1.02586714e-093	1.69564817e-113	2.08566810e-133	1.91345698e-153	1.43868946e-173	8.77249668e-194	4.38624834e-214	3.00427968e-234	1.78826172e-254	9.38966509e-275	4.19181477e-295	1.00000000e-300	1.00000000e-300	1.00000000e-300	1.00000000e-300	1.00000000e-300	1.00000000e-300	1.00000000e-300	1.00000000e-300	1.00000000e-300	
4.1	5.43645314e-002	9.39017162e-001	6.61830666e-003	1.84356293e-011	2.76545502e-030	2.15126800e-049	9.70920252e-069	2.80661459e-088	5.56448430e-108	8.24771266e-128	9.15812152e-148	8.33238243e-168	6.15617468e-188	3.73146725e-208	2.93585150e-228	2.00975595e-248	1.22538623e-268	6.25867628e-289	1.00000000e-300	1.00000000e-300	1.00000000e-300	1.00000000e-300	1.00000000e-300	1.00000000e-300	1.00000000e-300	1.00000000e-300	1.00000000e-300	
4.2	1.73433997e-002	8.17889457e-001	1.64766943e-001	1.99508858e-007	5.85367451e-022	5.34875229e-041	2.85464711e-060	9.82768310e-080	2.33719782e-099	4.17379113e-119	5.60887887e-139	6.17479922e-159	5.52802079e-179	4.06203306e-199	3.68037787e-219	2.90410942e-239	2.05877600e-259	1.20600785e-279	6.07744330e-300	1.00000000e-300	1.00000000e-300	1.00000000e-300	1.00000000e-300	1.00000000e-300	1.00000000e-300	1.00000000e-300	1.00000000e-300	
4.3	2.30084718e-003	2.58612239e-001	7.38969678e-001	1.17235151e-004	1.93771678e-015	6.30272694e-032	3.97773868e-051	1.63095604e-070	4.65256323e-090	9.97654814e-110	1.62043760e-129	2.15865506e-149	2.34173164e-169	2.08598935e-189	2.18151802e-209	1.98844045e-229	1.64103363e-249	1.10537090e-269	6.38831935e-290	1.00000000e-300	1.00000000e-300	1.00000000e-300	1.00000000e-300	1.00000000e-300	1.00000000e-300	1.00000000e-300	1.00000000e-300	
4.4	2.08688597e-004	5.08512484e-002	9.41428285e-001	7.51177810e-003	1.30682777e-010	4.78121783e-023	1.09022471e-039	5.32388275e-059	1.82168785e-078	4.53291493e-098	8.77128994e-118	1.41388042e-137	1.85853489e-157	2.00690541e-177	2.42840338e-197	2.55460065e-217	2.45752828e-237	1.90801885e-257	1.26803938e-277	7.30689973e-298	1.00000000e-300	1.00000000e-300	1.00000000e-300	1.00000000e-300	1.00000000e-300	1.00000000e-300	1.00000000e-300	
4.5	3.17153180e-005	1.55864959e-002	8.34194507e-001	1.50186569e-001	7.13226107e-007	4.75494633e-016	1.21451894e-028	3.80480990e-046	1.56165240e-065	3.80983752e-085	8.08470740e-105	1.57691927e-124	2.51169786e-144	3.28476802e-164	4.60884233e-184	5.47674156e-204	6.14873703e-224	5.51209057e-244	4.22317696e-264	2.79218312e-284	1.00000000e-300	1.00000000e-300	1.00000000e-300	1.00000000e-300	1.00000000e-300	1.00000000e-300	1.00000000e-300	
4.6	3.89406920e-006	3.64132928e-003	3.59154851e-001	6.36927884e-001	2.72042050e-004	7.72241380e-011	3.44485388e-020	1.76599463e-033	1.20599210e-050	2.04201239e-070	3.76970664e-090	8.89711268e-110	1.71712523e-129	2.68952186e-149	4.37093197e-169	5.34709822e-189	7.01479577e-209	7.25928861e-229	6.42813124e-249	4.84374293e-269	2.50374389e-289	1.00000000e-300	1.00000000e-300	1.00000000e-300	1.00000000e-300	1.00000000e-300	1.00000000e-300	
4.7	4.66924911e-007	7.91216156e-004	1.22726559e-001	8.64560044e-001	1.19212678e-002	4.46632556e-007	7.76570268e-014	9.31435993e-024	9.57888181e-037	9.03242038e-057	1.11679571e-076	3.18765724e-096	7.45459002e-116	1.30397950e-135	2.39543593e-155	2.49314217e-175	3.82659612e-195	4.55352007e-215	4.66678289e-235	3.92529472e-255	1.93851287e-275	1.37972446e-295	1.00000000e-300	1.00000000e-300	1.00000000e-300	1.00000000e-300	1.00000000e-300	
4.8	7.76136010e-008	2.28597696e-004	5.26046547e-002	8.21701434e-001	1.25233684e-001	2.31548071e-004	4.25575275e-009	2.53301771e-016	5.60151219e-026	5.10221136e-044	3.92206270e-064	1.34395460e-083	3.80669762e-103	5.98829244e-123	1.11799049e-142	8.37007177e-163	1.50489433e-182	2.04316656e-202	2.40854245e-222	2.18283709e-242	1.03344243e-262	8.47014529e-283	1.00000000e-300	1.00000000e-300	1.00000000e-300	1.00000000e-300	1.00000000e-300	
4.9	1.22567498e-008	6.05410615e-005	2.00834227e-002	5.57991614e-001	4.07647649e-001	1.42089087e-002	7.85242603e-006	6.51910756e-011	6.36042853e-018	2.91006194e-032	2.17860948e-048	1.44275276e-065	4.92222292e-085	5.28163841e-105	8.08764783e-125	4.22662547e-145	8.91279462e-165	1.36837821e-184	1.79447670e-204	1.68955532e-224	7.90028671e-245	7.47072029e-265	4.96063764e-285	1.00000000e-300	1.00000000e-300	1.00000000e-300	1.00000000e-300	
5	1.49718756e-009	1.20303219e-005	5.66023840e-003	2.58723421e-001	5.88851111e-001	1.45872834e-001	8.80043964e-004	3.20924425e-007	3.43625151e-012	1.47546301e-023	2.44773011e-036	1.05521972e-049	3.52803636e-065	2.59591710e-083	2.97533762e-103	1.16233207e-123	2.87848456e-143	4.96950186e-163	6.66904002e-183	6.39286812e-203	3.06906775e-223	3.34310180e-243	2.12787334e-263	8.96097590e-284	1.00000000e-300	1.00000000e-300	1.00000000e-300	
5.1	1.35524441e-010	1.72634634e-006	1.14354542e-003	8.30962248e-002	4.73146467e-001	4.27137650e-001	1.53932980e-002	8.10623772e-005	2.61618067e-008	2.81475566e-017	2.30170581e-027	8.16820472e-038	8.28011126e-050	2.51994120e-064	2.65519430e-080	4.40765850e-099	1.35374415e-118	2.62908888e-138	3.22654894e-158	3.15061903e-178	1.60377655e-198	1.98595342e-218	1.19650164e-238	5.31400622e-259	5.29494442e-279	4.24648682e-299	1.00000000e-300	
5.2	1.00709632e-011	1.99013653e-007	1.85508498e-004	2.10377412e-002	2.61238487e-001	6.20317807e-001	9.40458823e-002	3.16286961e-003	1.15059279e-005	1.09109429e-012	1.34345646e-020	8.22515055e-029	3.90976229e-038	9.50378050e-050	1.48603037e-062	1.44350888e-077	6.20159885e-093	1.36206076e-112	1.42164177e-132	1.43013678e-152	7.84453283e-173	1.06196632e-192	6.18465041e-213	2.98717659e-233	3.47904380e-253	3.24265431e-273	2.45972412e-293	
5.3	6.27958553e-013	1.89017165e-008	2.48974774e-005	4.35927540e-003	1.06999207e-001	5.64152055e-001	2.84807658e-001	3.87828137e-002	8.74070747e-004	3.18652848e-009	2.30736195e-015	8.19721706e-022	4.29701665e-029	2.31336710e-038	1.31429488e-048	1.36474648e-060	1.21636369e-072	3.03605154e-092	2.69344530e-112	2.81829580e-132	1.66585637e-152	2.30597080e-172	1.34608067e-192	7.22844309e-213	9.85284757e-233	1.06811725e-252	9.36452087e-273	
5.4	2.92947935e-014	1.32258084e-009	2.47785018e-006	6.65754587e-004	2.99978489e-002	3.15325521e-001	4.46625630e-001	1.89186655e-001	1.81947972e-002	1.31428768e-006	2.64218984e-011	2.48170604e-016	5.19403244e-022	2.24847922e-029	1.53320251e-037	4.41989337e-047	1.79435895e-056	5.07554931e-076	4.01641949e-096	4.38612605e-116	2.77796317e-136	3.68117668e-156	2.23277533e-176	1.35262333e-196	2.16049855e-216	2.72669723e-236	2.76496434e-256	
5.5	9.30882233e-016	6.22098337e-011	1.66932691e-007	6.86073602e-005	5.36550068e-003	1.04056187e-001	3.62765838e-001	4.00742143e-001	1.26895135e-001	1.06389280e-004	3.23858099e-008	4.43074049e-012	1.79367010e-016	2.78796028e-022	9.44529624e-029	2.59171581e-036	1.43878502e-043	4.54807973e-063	3.42914855e-083	3.91804181e-103	2.66044803e-123	3.27730177e-143	2.12329237e-163	1.46767980e-183	2.75062746e-203	4.04515936e-223	4.74767245e-243	
5.6	2.11789629e-017	2.07077274e-012	8.00288623e-009	5.02100411e-006	6.53109174e-004	2.20410055e-002	1.70738210e-001	4.32411897e-001	3.71804555e-001	2.33962274e-003	6.56446609e-006	8.21258482e-009	3.72289304e-012	1.08990381e-016	9.05245164e-022	1.01090469e-027	2.96596516e-033	9.86789730e-049	3.21830594e-066	6.64539163e-085	4.89784171e-105	5.68610668e-125	4.01334463e-145	3.20324418e-165	7.05342885e-185	1.20985058e-204	1.64473494e-224	
5.7	4.09589433e-019	5.80015537e-014	3.24046742e-010	3.09804163e-007	6.48816285e-005	3.64349582e-003	5.78118971e-002	3.04317481e-001	6.13526489e-001	2.02839507e-002	3.48726563e-004	2.75886720e-006	9.13258893e-009	2.99887650e-012	3.46908453e-016	8.05273370e-021	5.93880334e-025	4.58656241e-037	6.20887038e-051	9.58808457e-066	3.44537743e-082	9.17365240e-100	7.16557172e-119	6.69742193e-139	1.73517331e-158	3.47479435e-178	5.47608402e-198	
5.8	7.72964295e-021	1.57032711e-015	1.27002240e-011	1.84519503e-008	6.06631022e-006	5.47633252e-004	1.66600679e-002	1.68963809e-001	7.13649225e-001	9.28820922e-002	7.02507347e-003	2.61503703e-004	4.50003228e-006	1.09275315e-008	1.12384460e-011	3.20243079e-015	3.32450188e-018	1.24049988e-027	1.36801173e-038	2.69262920e-050	2.35967317e-063	2.34628684e-077	1.30557644e-092	4.61478271e-109	3.55431959e-126	8.31847873e-146	1.52102372e-165	
5.9	1.37795828e-022	3.98169795e-017	4.65821515e-013	1.02440086e-009	5.18131076e-007	7.31909314e-005	4.03801685e-003	7.43451488e-002	6.03385463e-001	2.45882561e-001	6.29896709e-002	8.68458761e-003	5.93155526e-004	7.63718044e-006	4.91573198e-008	1.14110385e-010	1.02958559e-012	5.29735797e-020	1.29554671e-028	8.00181438e-038	3.70844271e-048	2.74035018e-059	1.88373270e-071	1.42914078e-084	3.31627810e-098	9.08046903e-118	1.92819931e-137	
6	1.81788534e-024	7.41172837e-019	1.25104911e-014	4.14141356e-011	3.16896804e-008	6.85627334e-006	6.53591198e-004	2.08396940e-002	3.04003426e-001	3.24718344e-001	2.30603731e-001	9.68059481e-002	2.12196118e-002	1.11407658e-003	3.41986977e-005	4.67503300e-007	2.31395068e-008	5.94119104e-014	1.12990690e-020	7.18008483e-028	5.20245339e-036	7.88878091e-045	1.66833073e-054	6.03565277e-065	8.58555923e-076	2.75354690e-095	6.79720291e-115	
6.1	1.22670766e-026	7.00245144e-021	1.69843711e-016	8.40588852e-013	9.59163905e-010	3.12300379e-007	4.92615379e-005	2.61918617e-003	6.52116299e-002	1.59379996e-001	2.69796414e-001	2.93533116e-001	1.75031482e-001	3.05092431e-002	3.60905788e-003	2.21606489e-004	3.86907457e-005	2.13909101e-009	1.34765856e-014	3.61014369e-020	1.53571412e-026	1.70569139e-033	3.67437325e-041	1.91646231e-049	4.71665730e-058	1.77404645e-077	5.09651656e-097	
6.2	3.84056145e-029	3.04792163e-023	1.05685253e-018	7.75879418e-015	1.30328155e-011	6.29187998e-009	1.57991568e-006	1.35813405e-004	5.54112828e-003	2.79370069e-002	1.00642540e-001	2.48703259e-001	3.54637644e-001	1.74618035e-001	6.69167009e-002	1.45314237e-002	6.33109686e-003	3.76476441e-006	3.90070994e-010	2.14212688e-014	2.40776520e-019	8.55552873e-025	7.75100514e-031	2.24020348e-037	3.49046852e-044	1.54165828e-063	5.16036245e-083	
6.3	5.11722768e-032	5.60699688e-026	2.76334003e-021	2.98296401e-017	7.28884425e-014	5.15050515e-011	1.99042902e-008	2.69615043e-006	1.74512422e-004	1.67634619e-003	1.17933145e-002	5.95075503e-002	1.83307221e-001	2.24036834e-001	2.40016541e-001	1.49033366e-001	1.29968521e-001	4.82611887e-004	4.64628487e-007	2.90169080e-010	4.46106526e-014	2.59486104e-018	4.83629804e-023	3.57849451e-028	1.58743310e-033	8.24512079e-053	3.21986987e-072	
6.4	2.84549336e-035	4.27735001e-029	2.97710061e-024	4.68221090e-020	1.64607142e-016	1.68278770e-013	9.72567153e-011	2.03126754e-008	2.03140668e-006	3.49430543e-005	4.49093076e-004	4.25081144e-003	2.60595562e-002	7.10798724e-002	1.87410686e-001	2.77852458e-001	4.26162367e-001	6.66009591e-003	3.78978495e-005	1.66218014e-007	2.04293940e-010	1.12869820e-013	2.41867061e-017	2.43987085e-021	1.63259778e-025	2.03837528e-044	9.30043017e-064	
6.5	1.51082708e-038	3.09651435e-032	3.02406031e-027	6.86487702e-023	3.43563302e-019	5.02728873e-016	4.24445210e-013	1.34130621e-010	2.02732145e-008	5.94367216e-007	1.32327692e-005	2.19706672e-004	2.50458196e-003	1.39465152e-002	8.10559402e-002	2.48789363e-001	6.21652930e-001	3.10619302e-002	7.39593300e-004	1.54923580e-005	9.98482435e-008	3.37607671e-010	5.19646855e-013	4.27796780e-016	2.60500230e-019	1.88136966e-034	8.77533890e-051	
6.6	1.12767922e-041	3.13303569e-035	4.26473558e-030	1.38434537e-025	9.76515420e-022	2.02495125e-018	2.45092733e-015	1.15268811e-012	2.58420385e-010	1.24002787e-008	4.57925816e-007	1.26466124e-005	2.53156689e-004	2.66830155e-003	3.11086412e-002	1.77637042e-001	6.89881787e-001	9.09007450e-002	7.00379930e-003	5.20416510e-004	1.28052375e-005	1.87244186e-007	1.42644551e-009	6.36477762e-012	2.35923131e-014	1.75608187e-026	1.17537365e-039	
6.7	1.15571378e-044	4.32852210e-038	8.15885982e-033	3.75268125e-028	3.69581732e-024	1.07582487e-020	1.83871884e-017	1.26807774e-014	4.14814607e-012	3.14983001e-010	1.86053647e-008	8.19156669e-007	2.74252728e-005	5.13178575e-004	1.10808550e-002	1.08897234e-001	6.37865660e-001	1.92829360e-001	3.97452843e-002	8.38575770e-003	6.23353817e-004	3.01845685e-005	8.53085786e-007	1.50275031e-008	2.46184725e-010	4.79797004e-020	1.09189344e-030	
6.8	1.36035892e-047	6.83250247e-041	1.77194251e-035	1.14456425e-030	1.55950602e-026	6.31580830e-023	1.50574232e-019	1.50233782e-016	7.06649200e-014	8.25102024e-012	7.55841785e-010	5.12529058e-008	2.75292942e-006	8.66164737e-005	3.23983622e-003	5.17751142e-002	4.48124213e-001	2.80083931e-001	1.33941090e-001	6.80518052e-002	1.28581403e-002	1.68630048e-003	1.41946743e-004	7.76470362e-006	4.35457858e-007	7.48125983e-015	1.84417842e-023	
6.9	1.30786544e-050	8.76430222e-044	3.10816120e-038	2.79572674e-033	5.22466751e-029	2.91879198e-025	9.60781346e-022	1.37010199e-018	9.14538041e-016	1.60207529e-013	2.21668630e-011	2.25071592e-009	1.87193309e-007	9.45998459e-006	5.79692739e-004	1.44424866e-002	1.81945926e-001	2.16969677e-001	2.16042222e-001	2.33807606e-001	9.86329417e-002	3.01318081e-002	6.39042492e-003	9.05888322e-004	1.41677334e-004	9.02890855e-011	9.71760328e-018	
7	7.39836166e-054	6.58474225e-047	3.17438592e-041	3.94399314e-036	1.00259303e-031	7.66372897e-028	3.45253307e-024	6.95793048e-021	6.51181936e-018	1.67541822e-015	3.42238837e-013	5.08202495e-011	6.34982036e-009	4.95913131e-007	4.75304281e-005	1.78770019e-003	3.23908108e-002	6.91798395e-002	1.31874735e-001	2.77030495e-001	2.36230282e-001	1.50032295e-001	7.05195441e-002	2.25823565e-002	8.32381118e-003	9.87367190e-008	2.25416243e-013	
7.1	2.25847954e-057	2.65764454e-050	1.73203800e-044	2.94964792e-039	1.01190923e-034	1.05000226e-030	6.42282789e-027	1.81027191e-023	2.34913029e-020	8.71416638e-018	2.57638217e-015	5.48604338e-013	1.00340986e-010	1.17242057e-008	1.69148542e-006	9.36491926e-005	2.41554519e-003	8.78268978e-003	2.99989775e-002	1.13847167e-001	1.81586059e-001	2.19741563e-001	2.07192959e-001	1.34827482e-001	1.01499295e-001	1.29094911e-005	3.52274943e-010	
7.2	4.19464736e-061	6.49888118e-054	5.69513061e-048	1.31969072e-042	6.06293671e-038	8.47679245e-034	6.98971633e-030	2.72855990e-026	4.85918063e-023	2.55702512e-020	1.07551421e-017	3.22906496e-015	8.45774884e-013	1.43885534e-010	3.02702788e-008	2.41721585e-006	8.79497888e-005	5.22236706e-004	3.03099012e-003	1.96362754e-002	5.50750534e-002	1.18646693e-001	2.07448080e-001	2.52541872e-001	3.42708000e-001	3.00340008e-004	6.20997254e-008	
7.3	7.33838975e-065	1.49095075e-057	1.74808877e-051	5.47339329e-046	3.34270753e-041	6.25105824e-037	6.90023415e-033	3.69654298e-029	8.94811923e-026	6.58526693e-023	3.88113015e-020	1.61946846e-017	5.96069150e-015	1.44294789e-012	4.31144038e-010	4.88319901e-008	2.48560560e-006	2.32937165e-005	2.20003428e-004	2.32461358e-003	1.09063199e-002	3.96283023e-002	1.20638125e-001	2.57293562e-001	5.66558701e-001	2.40192415e-003	2.61931223e-006	
7.4	1.65582398e-068	4.39477488e-061	6.86145397e-055	2.88351168e-049	2.32397543e-044	5.77175106e-040	8.47264828e-036	6.17573836e-032	2.01381718e-028	2.04662642e-025	1.66790880e-022	9.55121554e-020	4.86027092e-017	1.64167415e-014	6.81566017e-012	1.07942890e-009	7.62596243e-008	1.09593943e-006	1.62550707e-005	2.69897199e-004	2.03317996e-003	1.19277393e-002	6.00683321e-002	2.12913438e-001	7.01850168e-001	1.08729359e-002	4.68813677e-005	
7.5	5.16558217e-072	1.78456265e-064	3.69333081e-058	2.06982312e-052	2.18572770e-047	7.15878679e-043	1.38817080e-038	1.36549217e-034	5.94785733e-031	8.25501668e-028	9.19239262e-025	7.14462172e-022	4.95589995e-019	2.29708274e-016	1.30089629e-013	2.84613505e-011	2.77052136e-009	5.95954460e-008	1.34749805e-006	3.40855462e-005	3.98512890e-004	3.64186082e-003	2.90885934e-002	1.64191067e-001	7.67313580e-001	3.48583498e-002	4.72540752e-004	
7.6	2.16202382e-075	9.68769187e-068	2.64639159e-061	1.96533102e-055	2.69979730e-050	1.15811287e-045	2.94726774e-041	3.88146594e-037	2.24046941e-033	4.20351372e-030	6.32857461e-027	6.60976087e-024	6.17273930e-021	3.86943288e-018	2.94384745e-015	8.80367738e-013	1.17271711e-010	3.69821670e-009	1.24320950e-007	4.66718676e-006	8.23033039e-005	1.13708050e-003	1.39069881e-002	1.20684477e-001	7.74191661e-001	8.69070291e-002	3.08566586e-003	
7.7	1.14623322e-078	6.63875443e-071	2.38389393e-064	2.33162070e-058	4.13657353e-053	2.30786153e-048	7.65700929e-044	1.33997347e-039	1.01718744e-035	2.55652881e-032	5.15440795e-029	7.17007887e-026	8.91624893e-023	7.46454660e-020	7.53009419e-017	3.04953552e-014	5.52290883e-012	2.50805819e-010	1.22683112e-008	6.68477030e-007	1.73541734e-005	3.53411052e-004	6.42550411e-003	8.32421391e-002	7.20810240e-001	1.75074697e-001	1.40759730e-002	
7.8	7.26876478e-082	5.42341687e-074	2.54990342e-067	3.26434528e-061	7.42383183e-056	5.34858291e-051	2.29791230e-046	5.30371897e-042	5.25632485e-038	1.75498538e-034	4.69686158e-031	8.63084847e-028	1.41488698e-024	1.56401464e-021	2.06889895e-018	1.12522189e-015	2.75397013e-013	1.77304303e-011	1.23903646e-009	9.61244693e-008	3.59772931e-006	1.05685450e-004	2.78490862e-003	5.25228897e-002	6.09167268e-001	2.88634541e-001	4.67810121e-002	
7.9	5.26708874e-085	5.04579401e-077	3.09394283e-070	5.15228966e-064	1.49058661e-058	1.37689490e-053	7.60643142e-049	2.29828222e-044	2.95281254e-040	1.29956076e-036	4.57922274e-033	1.10313851e-029	2.36243636e-026	3.41316324e-023	5.86443812e-020	4.25142245e-017	1.39830127e-014	1.25901036e-012	1.23695101e-010	1.34355060e-008	7.11989954e-007	2.96106008e-005	1.10662921e-003	2.97331377e-002	4.60245104e-001	3.92137728e-001	1.16747065e-001	
8	4.26695420e-088	5.23098961e-080	4.16734734e-073	8.97032440e-067	3.27523039e-061	3.85018844e-056	2.71544579e-051	1.06622452e-046	1.76355259e-042	1.01565647e-038	4.67650976e-035	1.46632049e-031	4.06790023e-028	7.60966318e-025	1.68431998e-021	1.61656407e-018	7.10741659e-016	8.84176387e-014	1.20419285e-011	1.80446577e-009	1.33288312e-007	7.72105839e-006	4.01617137e-004	1.50827004e-002	3.11086298e-001	4.46689550e-001	2.26731978e-001	
