4	7.08466352e-004	9.99291534e-001	6.54995751e-013	1.73923460e-031	2.72436498e-050	2.56290214e-069	1.69392078e-088	6.91961104e-108	1.84621426e-127	3.68586767e-147	5.71984431e-167	6.32446297e-187	5.12102265e-207	3.22685737e-227	1.57561395e-247	5.99320635e-268	1.86704248e-288	1.00000000e-300	1.00000000e-300	1.00000000e-300	
4.1	1.92041078e-004	9.99807957e-001	1.62986074e-009	2.21119787e-024	4.24064184e-043	4.82598564e-062	3.85123744e-081	1.89361660e-100	6.02218738e-120	1.40744774e-139	2.63650926e-159	3.52516915e-179	3.43583738e-199	2.54978655e-219	1.49793594e-239	6.81437511e-260	2.60767454e-280	1.26316341e-300	1.00000000e-300	1.00000000e-300	
4.2	6.47249759e-005	9.99934417e-001	8.58264744e-007	9.06881260e-018	4.64949924e-034	6.40047801e-053	6.16675788e-072	3.64638002e-091	1.38036796e-110	3.78172643e-130	8.55129891e-150	1.38258673e-169	1.62204996e-189	1.41775191e-209	1.00208645e-229	5.45204817e-250	2.56157121e-270	1.43811543e-290	1.00000000e-300	1.00000000e-300	
4.3	2.59847328e-005	9.99842345e-001	1.31670154e-004	1.80973015e-012	1.20761335e-024	6.79536798e-043	7.88453807e-062	5.52331914e-081	2.44903966e-100	7.87548528e-120	2.14965752e-139	4.20281833e-159	5.93517811e-179	6.10954451e-199	5.19563272e-219	3.37993281e-239	1.94293677e-259	1.26575686e-279	6.56921765e-300	1.00000000e-300	
4.4	1.19260103e-005	9.92463176e-001	7.52486563e-003	3.23290523e-008	4.19700838e-017	5.89973801e-031	1.28199301e-048	9.45562035e-068	4.44949431e-087	1.68178339e-106	5.54129617e-126	1.31006104e-145	2.22693451e-165	2.69980544e-185	2.76237319e-205	2.14403383e-225	1.48478797e-245	1.12373267e-265	6.74428440e-286	1.00000000e-300	
4.5	5.21559688e-006	8.35197107e-001	1.64729302e-001	6.83750316e-005	3.47826361e-011	1.16619820e-021	3.20140866e-035	2.20348108e-052	8.34304299e-072	3.71098790e-091	1.47601141e-110	4.21958666e-130	8.63377869e-150	1.23274536e-169	1.51754258e-189	1.38892786e-209	1.11105340e-229	9.78126069e-250	6.79395755e-270	3.83341283e-290	
4.6	1.10694682e-006	2.90335077e-001	7.00839929e-001	8.82352428e-003	3.63078168e-007	3.22808756e-015	9.35835097e-026	2.53794557e-039	7.37742406e-058	3.86677712e-077	1.85652829e-096	6.41642458e-116	1.58028337e-135	2.65736761e-155	3.93497544e-175	4.08858352e-195	3.51736366e-215	3.60599912e-235	2.90151201e-255	1.88716228e-275	
4.7	2.97850986e-007	7.04452075e-002	8.35882627e-001	9.35934922e-002	7.83756151e-005	4.28279528e-011	2.21566478e-019	3.75475730e-030	7.44583604e-045	1.85722319e-061	1.07633914e-080	4.48979745e-100	1.33058633e-119	2.63398988e-139	4.67807456e-159	5.11975590e-179	4.40598615e-199	5.26647559e-219	4.91275708e-239	3.68548918e-259	
4.8	2.62053193e-007	2.41214775e-002	6.68039352e-001	3.05504667e-001	2.33420828e-003	3.29949987e-008	1.00715353e-014	2.92596915e-023	6.49223985e-035	9.18663082e-048	6.42556538e-067	3.20973344e-086	1.14067076e-105	2.64601535e-125	5.52023731e-145	5.83892588e-165	4.84317011e-185	6.75759747e-205	7.31476296e-225	6.33312811e-245	
4.9	2.59786236e-007	8.56513973e-003	4.13939490e-001	5.52801596e-001	2.46885768e-002	4.93790230e-006	4.09018930e-011	7.68489296e-018	4.79046030e-027	6.86704373e-037	5.78813531e-056	3.38408285e-075	1.41309623e-094	3.73854762e-114	8.43706443e-134	8.20566469e-154	6.58824945e-174	1.07431707e-193	1.35052682e-213	1.35039178e-233	
5	1.75151007e-007	2.59334903e-003	2.02598690e-001	6.65699950e-001	1.28877909e-001	2.29898864e-004	2.85597530e-008	1.62243223e-013	9.64216020e-021	3.56121562e-028	3.59696950e-047	2.35851387e-066	1.08030133e-085	2.98170443e-105	6.12863690e-125	5.49210225e-145	4.39157385e-165	8.37926702e-185	1.22437673e-204	1.41477748e-224	
5.1	7.33613751e-008	6.15407405e-004	7.62041515e-002	5.50106307e-001	3.68989574e-001	4.07972026e-003	4.76543101e-006	4.48098389e-010	1.08423564e-015	3.47551381e-021	7.82613225e-040	5.46861313e-059	2.41173677e-078	5.94082366e-098	9.42150416e-118	8.05325597e-138	6.63638728e-158	1.48348883e-177	2.52173936e-197	3.36964250e-217	
5.2	1.95422921e-008	1.12815247e-004	2.19958140e-002	3.20474322e-001	6.25103886e-001	3.20698167e-002	2.43092473e-004	2.34063302e-007	1.20884792e-011	1.41683542e-015	5.74820158e-030	9.49031385e-047	4.66448357e-066	9.02587816e-086	1.05393253e-105	8.96277342e-126	7.85037525e-146	2.05852088e-165	4.07442330e-185	6.30042726e-205	
5.3	3.68596944e-009	1.71183606e-005	5.22828936e-003	1.43800517e-001	7.10613466e-001	1.35296971e-001	5.00946689e-003	3.41416504e-005	2.63448381e-008	5.69737564e-011	5.65593638e-022	5.24373602e-035	3.06488595e-050	3.86854713e-068	3.50221539e-088	3.06781306e-108	2.93261931e-128	9.03261562e-148	2.08364836e-167	3.73146196e-187	
5.4	4.93743330e-010	2.08716641e-006	9.92570348e-004	4.88344158e-002	5.53841422e-001	3.41653604e-001	5.25890373e-002	2.06265633e-003	2.36528861e-005	5.53573058e-007	2.73671847e-015	2.51857123e-025	2.58038813e-037	1.54850013e-051	1.34501552e-067	2.30082183e-085	2.74867042e-105	9.95786843e-125	2.67965567e-144	5.56187482e-164	
5.5	3.20279599e-011	1.35672466e-007	9.97059728e-005	8.39806844e-003	2.11249727e-001	4.23734633e-001	2.78811559e-001	6.54244179e-002	1.05063222e-002	1.77542948e-003	1.21175493e-009	2.81691655e-017	1.15347205e-026	6.17288588e-038	1.01072142e-050	7.94572501e-065	1.19570079e-080	2.48284083e-097	7.80203257e-117	1.87851409e-136	
5.6	1.32096292e-013	6.03634025e-010	6.79429863e-007	9.45003852e-005	5.62581626e-003	4.08111502e-002	1.28486779e-001	1.99162185e-001	3.29762467e-001	2.96046860e-001	9.56221726e-006	1.86467704e-011	9.61950774e-019	1.23326025e-027	8.84800565e-038	6.02406783e-049	1.76134593e-061	1.18416219e-074	4.34969948e-094	1.21598487e-113	
5.7	1.52982884e-017	7.97537464e-014	1.36130634e-010	3.03461368e-008	4.81203481e-006	1.31318305e-004	1.93406484e-003	1.79919439e-002	2.12615352e-001	7.66854229e-001	4.68219141e-004	3.06138932e-008	8.01416379e-014	8.69273665e-021	8.55731324e-029	1.34363147e-037	1.73591910e-047	7.57519195e-058	3.25632634e-077	1.05800453e-096	
5.8	2.36981500e-021	1.46960705e-017	3.76378055e-014	1.31163799e-011	5.84206577e-009	5.51535189e-007	3.26583700e-005	1.46444257e-003	8.87008802e-002	9.04853501e-001	4.94299344e-003	4.96655433e-006	3.20710178e-010	1.28302755e-015	6.85257543e-022	8.70520878e-029	1.53638043e-036	1.21374054e-044	6.11302211e-064	2.31081202e-083	
5.9	1.13439655e-024	8.62874419e-021	3.27923038e-017	1.74893822e-014	2.09371057e-011	5.94390017e-009	1.17635268e-006	2.01974319e-004	4.76090781e-002	9.25687359e-001	2.62867479e-002	2.13466993e-004	1.90945587e-007	1.44526853e-011	1.99084750e-016	8.91789795e-022	8.46750862e-028	4.38954119e-034	2.59367832e-053	1.14203616e-072	
6	1.51905577e-027	1.44927696e-023	8.08114963e-020	6.47815610e-017	1.89764879e-013	1.40262202e-010	7.81372050e-008	4.19323556e-005	3.07637289e-002	8.75540226e-001	8.99881351e-002	3.63761017e-003	2.82653317e-005	2.35841828e-008	4.61437975e-012	3.75879441e-016	9.13269184e-021	1.38694373e-025	9.62754222e-045	4.94430065e-064	
6.1	4.18160609e-030	5.08315362e-026	4.11204816e-022	4.87617141e-019	3.15086055e-015	5.33201370e-012	7.21866389e-009	1.02205527e-005	1.95056772e-002	7.33379092e-001	2.14847076e-001	3.08282584e-002	1.42120984e-003	8.44466177e-006	1.45604119e-008	1.26513824e-011	4.31617905e-015	1.01128643e-018	8.25944486e-038	4.95408161e-057	
6.2	1.72157255e-032	2.69532355e-028	3.12848611e-024	5.41169649e-021	7.00907712e-017	2.43518893e-013	7.09168428e-010	2.30500348e-006	9.91326054e-003	4.81747740e-001	3.41645583e-001	1.38196486e-001	2.76615521e-002	8.24454928e-004	8.56585508e-006	5.14388586e-008	1.50148904e-010	3.25904105e-013	2.01142028e-028	3.86704123e-045	
6.3	7.27678868e-035	1.47787042e-030	2.43475901e-026	6.06565396e-023	1.44914405e-018	9.44335310e-015	5.35171561e-011	3.56484454e-007	3.07966089e-003	1.94301662e-001	2.96716644e-001	2.88211156e-001	1.94590571e-001	2.20485162e-002	1.02116196e-003	2.97739642e-005	4.90761445e-007	6.57662758e-009	5.53529022e-021	2.34220357e-034	
6.4	2.23060688e-037	5.90268306e-033	1.36605234e-028	4.84487623e-025	1.99112105e-020	2.25908032e-016	2.29537804e-012	2.85677745e-008	4.52101577e-004	3.74094364e-002	1.12723736e-001	2.34130827e-001	4.36479114e-001	1.51370303e-001	2.46241958e-002	2.62647444e-003	1.73398274e-004	1.03847182e-005	2.85894511e-015	5.77775041e-026	
6.5	4.83210337e-040	1.67021532e-035	5.37612836e-031	2.68570980e-027	1.79177841e-022	3.33021358e-018	5.67469655e-014	1.22384549e-009	3.29428390e-005	3.60852812e-003	2.00580614e-002	8.16626591e-002	3.59863688e-001	3.22716149e-001	1.52720180e-001	4.77186062e-002	9.62789467e-003	1.99128979e-003	5.76884305e-011	1.65432947e-019	
6.6	6.68818938e-043	3.02274063e-038	1.34060061e-033	9.34101603e-030	9.64540137e-025	2.79380425e-020	7.55980141e-016	2.65725793e-011	1.14584428e-006	1.67311419e-004	1.62674716e-003	1.21388786e-002	1.12226005e-001	2.28231630e-001	2.70576935e-001	2.08755392e-001	1.05217044e-001	6.10588355e-002	7.55633836e-008	1.17252829e-014	
6.7	4.94428369e-046	2.92161041e-041	1.76935434e-036	1.70374053e-032	2.61818956e-027	1.13471838e-022	4.66356784e-018	2.54096084e-013	1.67181775e-008	3.26894487e-006	5.32593701e-005	6.90595676e-004	1.22234008e-002	5.08565762e-002	1.34076963e-001	2.24162130e-001	2.44006208e-001	3.33918975e-001	8.60640644e-006	3.35948012e-011	
6.8	3.03681939e-049	2.34437354e-044	1.92247539e-039	2.53667700e-035	5.61818763e-030	3.52425351e-025	2.12158758e-020	1.72014989e-015	1.65965653e-010	4.35689734e-008	1.14826979e-006	2.47847745e-005	7.82343057e-004	6.13621398e-003	3.26930279e-002	1.07177481e-001	2.26887264e-001	6.26108751e-001	1.88931877e-004	1.00949485e-008	
6.9	2.58696836e-052	2.60612068e-047	2.87090669e-042	5.14964533e-038	1.60124921e-032	1.41502297e-027	1.21135388e-022	1.41350182e-017	1.93582546e-012	6.82907681e-010	2.82700676e-008	9.80433740e-007	5.21980828e-005	7.22635249e-004	7.20160722e-003	4.28374834e-002	1.63330057e-001	7.84115605e-001	1.73862140e-003	7.84032607e-007	
7	3.50396124e-055	4.59935434e-050	6.75536863e-045	1.63521326e-040	6.98710471e-035	8.50842070e-030	1.01111604e-024	1.65221720e-019	3.12662254e-014	1.48174675e-011	9.39734816e-010	5.08376389e-008	4.36459120e-006	1.01075817e-004	1.76860898e-003	1.79538095e-002	1.16397664e-001	8.54208203e-001	9.54149618e-003	2.47265277e-005	
7.1	7.20427796e-058	1.23008644e-052	2.39180428e-047	7.75917805e-043	4.47699052e-037	7.37840130e-032	1.19348857e-026	2.67047284e-021	6.82849275e-016	4.34216235e-013	4.12991241e-011	3.39866032e-009	4.53560427e-007	1.67996735e-005	4.89887113e-004	8.07763888e-003	8.51896093e-002	8.69644830e-001	3.61838205e-002	3.96957222e-004	
7.2	2.03168916e-060	4.50469858e-055	1.15171439e-049	4.97546533e-045	3.82159300e-039	8.40068469e-034	1.82005728e-028	5.47455154e-023	1.85644468e-017	1.58094028e-014	2.21344581e-012	2.71163849e-010	5.45410127e-008	3.11089329e-006	1.44709702e-004	3.72064842e-003	6.16373343e-002	8.29263200e-001	1.01533362e-001	3.69757990e-003	
7.3	7.03558649e-063	2.02222362e-057	6.75370025e-052	3.86180361e-047	3.90282263e-041	1.13068188e-035	3.23842833e-030	1.28959355e-024	5.70715347e-019	6.49353951e-016	1.31663582e-013	2.35650964e-011	6.95694638e-009	5.91423768e-007	4.22995258e-005	1.63878358e-003	4.14569892e-002	7.18897217e-001	2.16406630e-001	2.15574830e-002	
7.4	2.70832186e-065	1.00738218e-059	4.36694825e-054	3.28675102e-049	4.32868767e-043	1.63666260e-037	6.13047962e-032	3.19114384e-026	1.81793664e-020	2.75594413e-017	7.97639776e-015	2.05135987e-012	8.68631334e-010	1.06942413e-007	1.13926648e-005	6.45693256e-004	2.43632177e-002	5.42492869e-001	3.50611433e-001	8.18752862e-002	
7.5	1.08162753e-067	5.19812244e-062	2.90663266e-056	2.86428521e-051	4.87776891e-045	2.38782966e-039	1.15935884e-033	7.80475544e-028	5.65464430e-022	1.13874046e-018	4.64397282e-016	1.69105229e-013	1.00611256e-010	1.74859786e-008	2.69932362e-006	2.18053981e-004	1.20257120e-002	3.45502093e-001	4.32794245e-001	2.09457180e-001	
7.6	4.42904471e-070	2.74573221e-064	1.96801633e-058	2.52632957e-053	5.52648188e-047	3.47971060e-041	2.17391521e-035	1.87547083e-029	1.70942549e-023	4.55879811e-020	2.58930277e-017	1.31739888e-014	1.08095648e-011	2.59102939e-009	5.65707719e-007	6.36435952e-005	5.03991074e-003	1.88244178e-001	4.22578011e-001	3.84073689e-001	
7.7	1.93198058e-072	1.54282848e-066	1.40853559e-060	2.34418037e-055	6.55190341e-049	5.27701134e-043	4.21598714e-037	4.62475022e-031	5.25065098e-025	1.84871063e-021	1.44702058e-018	1.01638184e-015	1.13066243e-012	3.65866021e-010	1.10558947e-007	1.69639743e-005	1.89801902e-003	9.28189520e-002	3.51236009e-001	5.54029945e-001	
7.8	9.43672925e-075	9.69393277e-069	1.11994080e-062	2.40502905e-057	8.54917300e-051	8.76779762e-045	8.91095714e-039	1.23417194e-032	1.72913657e-026	8.01288579e-023	8.56062377e-020	8.20951521e-017	1.21867931e-013	5.21872240e-011	2.14034288e-008	4.39303426e-006	6.84192680e-004	4.40499636e-002	2.67630252e-001	6.87631177e-001	
7.9	5.33224973e-077	7.03737865e-071	1.02189066e-064	2.81877324e-059	1.26926326e-052	1.65089771e-046	2.12465181e-040	3.69183342e-034	6.32651246e-028	3.84708361e-024	5.55973421e-021	7.20584382e-018	1.40628451e-014	7.82168336e-012	4.27649342e-009	1.15328624e-006	2.46562403e-004	2.09747877e-002	1.96676043e-001	7.82101449e-001	
8	3.53227107e-079	5.98219423e-073	1.08408065e-066	3.82318523e-061	2.17335171e-054	3.57299250e-048	5.79937254e-042	1.25676961e-035	2.61176464e-029	2.07811259e-025	4.02957266e-022	6.99158906e-019	1.76868872e-015	1.25537521e-012	9.00062684e-010	3.13629623e-007	9.08360918e-005	1.02295420e-002	1.43292846e-001	8.46386462e-001	
