4	1.46159037e-001	8.53665195e-001	1.75767817e-004	5.02193763e-023	6.52199692e-042	4.65856923e-061	2.02546488e-080	3.51399181e-100	6.30651797e-120	9.23355486e-140	1.29568293e-159	1.31689816e-179	1.02259525e-199	
4.1	4.67141900e-002	9.44000314e-001	9.28549629e-003	3.14144945e-021	4.81322790e-040	4.05426878e-059	2.06861002e-078	3.64243207e-098	5.93027152e-118	1.03547546e-137	1.69120725e-157	1.98853265e-177	1.77881085e-197	
4.2	1.38860866e-002	8.05679587e-001	1.80434327e-001	7.22864976e-020	1.30667373e-038	1.29784836e-057	7.76922098e-077	1.43898446e-096	1.95652425e-116	4.07235920e-136	7.75082164e-156	1.05515086e-175	1.08805360e-195	
4.3	1.80395710e-003	2.60815235e-001	7.37380807e-001	2.61018114e-018	5.56648641e-037	6.51988991e-056	4.57055023e-075	9.25381190e-095	1.04786628e-114	2.58962604e-134	5.75050749e-154	9.07091645e-174	1.07889486e-193	
4.4	1.33181005e-004	4.28884349e-002	9.56978384e-001	6.60993496e-014	1.66279306e-032	2.29474208e-051	1.86929136e-070	4.28657898e-090	4.25255851e-110	1.22301876e-129	3.17246960e-149	5.80315651e-169	7.96633516e-189	
4.5	1.24870171e-005	8.18839308e-003	9.91799120e-001	1.86406781e-010	4.25773168e-025	6.86232844e-044	6.36520587e-063	1.70279176e-082	1.58635342e-102	4.99088695e-122	1.51404167e-141	3.21418462e-161	5.09565233e-181	
4.6	1.64322350e-006	2.04658495e-003	9.97951665e-001	1.06579951e-007	1.19347625e-018	3.35188621e-034	3.41238784e-053	1.08467509e-072	1.01570849e-092	3.11882730e-112	1.10785284e-131	2.73172934e-151	5.00481723e-171	
4.7	2.87847405e-007	6.48937739e-004	9.99333591e-001	1.71830744e-005	1.56427712e-013	2.20934175e-025	2.68305303e-042	1.00222369e-061	9.98230764e-082	2.66386669e-101	1.10934356e-120	3.17981930e-140	6.73704803e-160	
4.8	6.46342205e-008	2.57468178e-004	9.98807258e-001	9.35207665e-004	1.44646940e-009	1.43570852e-018	1.28872925e-031	2.19513794e-048	2.40953869e-068	5.30981002e-088	2.59559565e-107	8.65602498e-127	2.12230299e-146	
4.9	1.95342414e-008	1.37089062e-004	9.81853399e-001	1.80081617e-002	1.33090105e-006	2.07451487e-013	1.81950503e-023	1.64655554e-036	5.20719460e-053	9.66514701e-073	5.55340555e-092	2.15657860e-111	6.12333853e-131	
5	8.15150281e-009	1.01446515e-004	8.67030068e-001	1.32675534e-001	1.92942226e-004	1.62308366e-009	2.78444775e-017	2.08433597e-027	2.43745538e-040	1.71030939e-056	2.25331065e-074	1.01987447e-093	3.35628547e-113	
5.1	3.43690672e-009	7.59109486e-005	5.68720019e-001	4.24545301e-001	6.65737590e-003	1.38892790e-006	1.45588019e-012	2.19351927e-020	1.78280601e-030	3.36205319e-043	3.74496336e-057	1.97738179e-076	7.54841115e-096	
5.2	1.05139221e-009	4.06691234e-005	2.51447844e-001	6.74284794e-001	7.40141217e-002	2.12563932e-004	5.94464051e-009	6.23624856e-015	9.39003730e-023	1.01334868e-032	1.57079056e-043	9.68607360e-063	4.29309175e-082	
5.3	2.08026843e-010	1.37289586e-005	7.43207914e-002	5.90672181e-001	3.26809594e-001	8.18040199e-003	3.30263533e-006	1.07020411e-010	1.06379931e-016	1.93223352e-024	9.93883429e-033	7.16518945e-052	3.69092333e-071	
5.4	2.44614932e-011	2.66298409e-006	1.37682266e-002	2.83151817e-001	6.09922026e-001	9.28178092e-002	3.37280310e-004	1.78329014e-007	5.24659128e-012	6.07922950e-018	3.32159216e-024	2.80279483e-043	1.67972841e-062	
5.5	1.76553820e-012	3.05865371e-007	1.64245740e-003	7.88448492e-002	5.37766435e-001	3.73284480e-001	8.41788638e-003	4.35666361e-005	2.02782623e-008	6.93743828e-013	1.62839111e-017	1.61019589e-036	1.12404600e-055	
5.6	8.64307099e-014	2.30193396e-008	1.38096223e-004	1.42571040e-002	2.60770873e-001	6.54441173e-001	6.80988293e-002	2.28362795e-003	1.02676465e-005	5.61906899e-009	2.75907069e-012	3.20178094e-031	2.60688890e-050	
5.7	3.35749581e-015	1.33228352e-009	9.48469580e-006	1.96958040e-003	8.45987533e-002	6.34559043e-001	2.40270994e-001	3.74857229e-002	1.10048215e-003	5.90318856e-006	3.42118242e-008	9.42746353e-026	8.96402351e-045	
5.8	9.77041073e-017	5.62052934e-011	4.98434711e-007	1.96890612e-004	1.78726059e-002	3.42472688e-001	3.90009859e-001	2.17788532e-001	3.05314690e-002	1.08056911e-003	4.68878291e-005	7.48428813e-019	8.89876764e-035	
5.9	1.67089050e-018	1.36134229e-012	1.56104301e-008	1.11864615e-005	1.97446408e-003	8.49905683e-002	2.49907437e-001	4.07170110e-001	2.12124268e-001	3.57401016e-002	8.08184909e-003	1.33130808e-013	3.46949267e-026	
6	1.29715621e-020	1.46778465e-014	2.23766593e-010	2.79276597e-007	8.97355186e-005	7.82102706e-003	5.25721386e-002	2.13412601e-001	3.38059891e-001	2.06075049e-001	1.81969277e-001	7.85903141e-010	9.75265226e-020	
6.1	4.13194308e-023	6.38872028e-017	1.32023345e-012	2.76957290e-009	1.53715478e-006	2.49740237e-004	3.48154549e-003	3.11720301e-002	1.27884544e-001	2.24019060e-001	6.13191306e-001	2.33783751e-007	4.10820769e-015	
6.2	1.22079550e-025	2.54498068e-019	7.22060529e-015	2.46778227e-011	2.26765436e-008	6.43716541e-006	1.72155990e-004	3.09209350e-003	2.89028720e-002	1.20672158e-001	8.47142263e-001	1.19976390e-005	1.13931394e-011	
6.3	5.62505039e-028	1.56374849e-021	6.13639217e-017	3.32370801e-013	4.88378613e-010	2.30183770e-007	1.10904573e-005	3.70856961e-004	7.12888017e-003	6.14025906e-002	9.30841317e-001	2.45028665e-004	5.84942782e-009	
6.4	4.34995508e-030	1.59828794e-023	8.70475848e-019	7.29009887e-015	1.66359983e-011	1.25046032e-008	1.03139598e-006	6.04900764e-005	2.20199011e-003	3.51653322e-002	9.59892547e-001	2.67772149e-003	8.74984079e-007	
6.5	5.42533115e-032	2.61505922e-025	1.97766638e-020	2.50452117e-016	8.65768483e-013	1.00460731e-009	1.36012649e-007	1.33275524e-005	8.59373971e-004	2.35555816e-002	9.57727289e-001	1.77951970e-002	4.90937896e-005	
6.6	9.69134446e-034	6.09143781e-027	6.38685921e-022	1.19896366e-017	6.14369949e-014	1.07140388e-010	2.29882849e-008	3.61589973e-006	3.90956451e-004	1.73908684e-002	9.04694935e-001	7.63088407e-002	1.21076095e-003	
6.7	2.07136612e-035	1.68918405e-028	2.44806973e-023	6.68887683e-019	4.98367291e-015	1.27679337e-011	4.21489159e-009	1.02882792e-006	1.78198136e-004	1.23437603e-002	7.58841848e-001	2.14229481e-001	1.44056793e-002	
6.8	4.41594318e-037	4.65292284e-030	9.28529897e-025	3.63158030e-020	3.86684103e-016	1.42677691e-012	7.06540633e-010	2.60044413e-007	6.94177558e-005	7.25520023e-003	5.17144381e-001	3.88650880e-001	8.68798605e-002	
6.9	8.27875859e-039	1.12308369e-031	3.07268836e-026	1.69417700e-021	2.53749085e-017	1.32486900e-013	9.62683987e-011	5.20955280e-008	2.07331520e-005	3.18858707e-003	2.66868662e-001	4.52681331e-001	2.77240634e-001	
7	1.36598225e-040	2.37849679e-033	8.88014091e-028	6.80435626e-023	1.41265648e-018	1.02703070e-014	1.07401325e-011	8.35609492e-009	4.81589869e-006	1.06731317e-003	1.07421542e-001	3.65653256e-001	5.25853064e-001	
7.1	2.22834325e-042	4.96695035e-035	2.51898301e-029	2.64665346e-024	7.51189706e-020	7.49142161e-016	1.10804105e-012	1.21493175e-009	9.88009762e-007	3.09851589e-004	3.84384980e-002	2.41170576e-001	7.20080085e-001	
7.2	4.00804257e-044	1.14091649e-036	7.82451268e-031	1.11316292e-025	4.26302240e-021	5.74986365e-017	1.18411102e-013	1.79612922e-010	2.01344984e-007	8.78910381e-005	1.37318276e-002	1.49027784e-001	8.37152296e-001	
7.3	8.36385063e-046	3.03388418e-038	2.80140580e-032	5.33112741e-027	2.72027807e-022	4.89549238e-018	1.38361199e-014	2.85422914e-011	4.31653072e-008	2.58246006e-005	5.16899781e-003	9.24044419e-002	9.02400692e-001	
7.4	2.05322382e-047	9.47062952e-040	1.17251970e-033	2.95012086e-028	1.98116401e-023	4.69500563e-019	1.79651239e-015	4.95898259e-012	9.91836009e-009	8.01251523e-006	2.08122714e-003	5.89334484e-002	9.38977302e-001	
7.5	5.91568284e-049	3.46274809e-041	5.72662058e-035	1.88354212e-029	1.64479946e-024	5.06734601e-020	2.59205299e-016	9.42704302e-013	2.44726491e-009	2.63127594e-006	8.95070622e-004	3.88764023e-002	9.60225893e-001	
7.6	1.98702959e-050	1.47310008e-042	3.24242966e-036	1.37854726e-030	1.54689857e-025	6.11780647e-021	4.13229052e-017	1.95087629e-013	6.45905805e-010	9.11339272e-007	4.08449985e-004	2.64870609e-002	9.73103577e-001	
7.7	7.71775135e-052	7.23231954e-044	2.11192624e-037	1.14791458e-031	1.63579588e-026	8.20175901e-022	7.22925011e-018	4.36612439e-014	1.81325131e-010	3.31089289e-007	1.96230916e-004	1.85664128e-002	9.81237025e-001	
7.8	3.43863271e-053	4.06477409e-045	1.56987255e-038	1.07905019e-032	1.93003787e-027	1.21177025e-022	1.37756645e-018	1.04944142e-014	5.38188769e-011	1.25461365e-007	9.85028154e-005	1.33317134e-002	9.86569658e-001	
7.9	1.74494430e-054	2.59602684e-046	1.32253770e-039	1.13693787e-033	2.52294533e-028	1.95950660e-023	2.83990988e-019	2.69149599e-015	1.67941882e-011	4.93235314e-008	5.13206781e-005	9.76628696e-003	9.90182343e-001	
8	1.00134214e-055	1.87069035e-047	1.25393890e-040	1.33369277e-034	3.62992583e-029	3.44621010e-024	6.29388870e-020	7.32124621e-016	5.48174836e-012	2.00225955e-008	2.75952915e-005	7.27445554e-003	9.92697929e-001	
