4	1.06200249e-002	9.89285638e-001	9.43366773e-005	1.56273027e-018	1.37081602e-037	6.52769535e-057	3.00954143e-076	8.31365035e-096	1.36155427e-115	1.74401725e-135	1.82830197e-155	1.46264158e-175	9.59109230e-196	5.02677793e-216	2.18745776e-236	1.31410415e-256	4.13630515e-277	1.07800499e-297	1.00000000e-300	1.00000000e-300	1.00000000e-300	1.00000000e-300	1.00000000e-300	1.00000000e-300	1.00000000e-300	1.00000000e-300	
4.1	1.58131188e-003	9.92996360e-001	5.42232834e-003	3.68573108e-013	5.12437336e-031	2.90810588e-050	1.60023435e-069	5.30335503e-089	1.04456383e-108	1.61822437e-128	2.04905965e-148	1.98456141e-168	1.57692603e-188	1.00217733e-208	5.29384253e-229	3.69836701e-249	1.41062133e-269	4.43856811e-290	1.00000000e-300	1.00000000e-300	1.00000000e-300	1.00000000e-300	1.00000000e-300	1.00000000e-300	1.00000000e-300	1.00000000e-300	
4.2	5.18607585e-004	8.72078597e-001	1.27402788e-001	6.79502154e-009	2.06343831e-022	1.39562956e-041	9.16609459e-061	3.64428061e-080	8.60555542e-100	1.61107468e-119	2.46405745e-139	2.88923767e-159	2.78185795e-179	2.14384860e-199	1.37461439e-219	1.11848201e-239	5.16930263e-260	1.96379692e-280	1.00000000e-300	1.00000000e-300	1.00000000e-300	1.00000000e-300	1.00000000e-300	1.00000000e-300	1.00000000e-300	1.00000000e-300	
4.3	1.61325335e-004	3.36318549e-001	6.63512768e-001	7.35671537e-006	6.62003839e-016	7.10082628e-032	5.56578326e-051	2.65479764e-070	7.27282044e-090	1.62958110e-109	3.01043967e-129	4.27346110e-149	4.98618661e-169	4.65955201e-189	3.62667498e-209	3.44152114e-229	1.92737519e-249	8.84035956e-270	3.39504572e-290	1.00000000e-300	1.00000000e-300	1.00000000e-300	1.00000000e-300	1.00000000e-300	1.00000000e-300	1.00000000e-300	
4.4	3.75426177e-005	8.04546437e-002	9.18846769e-001	6.61044309e-004	3.56421108e-011	2.93597180e-023	1.63745869e-040	9.37029291e-060	2.51241230e-079	6.34463572e-099	1.41573931e-118	2.43304343e-138	3.43961127e-158	3.89762068e-178	3.68047278e-198	4.07953267e-218	2.76841251e-238	1.53306707e-258	7.09851862e-279	2.75756298e-299	1.00000000e-300	1.00000000e-300	1.00000000e-300	1.00000000e-300	1.00000000e-300	1.00000000e-300	
4.5	1.45122133e-005	3.27782549e-002	9.54192777e-001	1.30143478e-002	1.07642769e-007	1.14472403e-016	7.59361768e-030	2.40814692e-047	4.41117183e-067	1.03826480e-086	2.79833113e-106	5.82221486e-126	9.95012281e-146	1.36643726e-165	1.55710473e-185	2.01870087e-205	1.65997934e-225	1.10983442e-245	6.19603850e-266	2.89778248e-286	1.00000000e-300	1.00000000e-300	1.00000000e-300	1.00000000e-300	1.00000000e-300	1.00000000e-300	
4.6	6.89623778e-006	1.73756151e-002	9.00328902e-001	8.22618555e-002	2.67313054e-005	8.78768536e-012	1.06511015e-021	3.66981414e-035	3.64647669e-055	6.16521267e-075	2.00690517e-094	5.05517674e-114	1.02040265e-133	1.68669958e-153	2.24018113e-173	3.40163559e-193	3.38943363e-213	2.73606202e-233	1.84172187e-253	1.03694717e-273	5.00046860e-294	1.00000000e-300	1.00000000e-300	1.00000000e-300	1.00000000e-300	1.00000000e-300	
4.7	2.92740797e-006	8.67473647e-003	7.28733071e-001	2.61568996e-001	1.02023896e-003	3.06654630e-008	1.51501618e-015	8.87945790e-026	1.27456641e-044	1.38070089e-064	5.41897598e-084	1.65247949e-103	3.49354028e-123	6.64841052e-143	9.12040513e-163	1.62426406e-182	1.96115049e-202	1.91108019e-222	1.55094968e-242	1.05120623e-262	6.10243953e-283	1.00000000e-300	1.00000000e-300	1.00000000e-300	1.00000000e-300	1.00000000e-300	
4.8	9.71976410e-007	3.53915049e-003	4.70611179e-001	5.13604378e-001	1.22340749e-002	1.02452629e-005	5.73489508e-011	1.29874608e-018	1.40769269e-033	1.44902604e-050	5.05683815e-069	1.86606080e-088	3.10844349e-108	5.84975628e-128	6.72981406e-148	1.40755753e-167	2.05927775e-187	2.42034479e-207	2.36824343e-227	1.93231351e-247	1.35022955e-267	8.00562995e-288	1.00000000e-300	1.00000000e-300	1.00000000e-300	1.00000000e-300	
4.9	2.50207162e-007	1.15965608e-003	2.41752822e-001	6.86659350e-001	6.98502325e-002	5.77586359e-004	1.02334055e-007	2.57989796e-013	3.62809321e-025	1.37552884e-038	6.91934777e-053	9.74753288e-070	2.23439809e-089	3.26575672e-109	2.71422600e-129	6.67591313e-149	1.18310616e-168	1.67077072e-188	1.96885543e-208	1.93214468e-228	1.62296907e-248	1.06556961e-268	4.08577304e-289	1.00000000e-300	1.00000000e-300	1.00000000e-300	
5	5.07430051e-008	3.07943511e-004	9.99606246e-002	6.61342300e-001	2.28413325e-001	9.95746363e-003	1.82911795e-005	1.54177484e-009	7.02355248e-019	1.95707539e-029	1.61454986e-040	1.59040026e-053	3.15051751e-069	1.24456922e-086	7.42273047e-107	2.14989587e-126	4.60797297e-146	7.73461287e-166	1.09094937e-185	1.27948088e-205	1.28160835e-225	8.67475533e-246	3.44728792e-266	3.24786878e-286	1.00000000e-300	1.00000000e-300	
5.1	7.76358376e-009	6.31010920e-005	3.16972270e-002	4.48935453e-001	4.45477464e-001	7.30940085e-002	7.32048653e-004	6.90689450e-007	3.39816601e-014	1.95484880e-022	4.46202622e-031	4.53053318e-041	1.24321052e-053	1.44501676e-067	6.34983596e-084	4.19794831e-101	1.08244761e-120	2.11630485e-140	3.49184889e-160	4.75780587e-180	5.52635623e-200	3.64295071e-220	1.54042484e-240	1.69508434e-260	1.49333481e-280	1.07141255e-300	
5.2	8.47421759e-010	9.39132592e-006	7.25727484e-003	2.06018913e-001	5.16976119e-001	2.59498329e-001	1.01850999e-002	5.48719304e-005	1.21792503e-010	5.29133807e-017	9.37463352e-024	1.87771929e-031	1.74853477e-041	1.24143735e-052	1.07621607e-065	3.57474375e-079	1.09590844e-098	2.43221724e-118	4.45452874e-138	6.55251204e-158	8.30957079e-178	5.24958670e-198	2.42789136e-218	3.12405600e-238	3.19936915e-258	2.65177716e-278	
5.3	6.64226800e-011	1.01781654e-006	1.20329716e-003	6.49938698e-002	3.73504699e-001	4.96368623e-001	6.25586147e-002	1.36981023e-003	6.80954072e-008	1.00092498e-012	5.69090418e-018	6.32131252e-024	6.63134871e-032	8.50301532e-041	3.32095521e-051	1.01487618e-061	3.63377201e-081	8.96099236e-101	1.69234983e-120	2.40835325e-140	3.08277108e-160	1.90600413e-180	9.85626297e-201	1.48480182e-220	1.76913762e-240	1.69522578e-260	
5.4	3.97831163e-012	8.51792157e-008	1.53237945e-004	1.51019536e-002	1.83867929e-001	5.81003048e-001	2.04852068e-001	1.50122421e-002	9.43359356e-006	2.43735216e-009	2.32545908e-013	5.99951814e-018	2.96578967e-024	2.66723612e-031	1.55076048e-039	1.13181350e-047	4.64600592e-067	1.26212434e-086	2.31667464e-106	2.92849603e-126	3.57643959e-146	2.25230782e-166	1.32216485e-186	2.33486650e-206	3.23958555e-226	3.59139900e-246	
5.5	1.87626676e-013	5.65413691e-009	1.53935670e-005	2.67411157e-003	6.48069531e-002	4.48159728e-001	3.98442621e-001	8.54781813e-002	4.21901394e-004	1.10298126e-006	1.07838396e-009	3.53984647e-013	4.22502598e-018	1.43512180e-023	7.10098104e-030	4.24665954e-036	1.70010510e-053	1.12356507e-072	1.97012987e-092	2.17233039e-112	2.50586041e-132	1.67818136e-152	1.13054524e-172	2.34343893e-192	3.78976475e-212	4.86403567e-232	
5.6	6.85642486e-015	2.92093594e-010	1.19643224e-006	3.55761795e-004	1.63122342e-002	2.30988633e-001	4.76238710e-001	2.68961156e-001	7.02568384e-003	1.15803747e-004	8.18638513e-007	2.32903252e-009	4.58765381e-013	5.14584442e-017	1.88215560e-021	3.96928364e-026	1.03624348e-039	8.86196799e-055	1.78036766e-071	4.23249851e-090	4.74022389e-110	3.50012840e-130	2.73298071e-150	6.65866074e-170	1.25630368e-189	1.86824846e-209	
5.7	1.96406615e-016	1.18525139e-011	7.25655770e-008	3.59910012e-005	2.99123663e-003	8.20690433e-002	3.65422227e-001	4.95898527e-001	4.99056269e-002	3.51419042e-003	1.59455788e-004	3.61832667e-006	1.16985148e-008	3.93829643e-011	6.80631998e-014	2.62177908e-017	7.68184527e-028	1.29172882e-039	7.98328812e-053	1.14992915e-067	1.17535402e-083	4.36470416e-101	5.30228064e-120	1.52062882e-139	3.35050969e-159	5.77773701e-179	
5.8	4.50583630e-018	3.85133094e-013	3.49926928e-009	2.82811013e-006	4.10544051e-004	2.08152477e-002	1.88002733e-001	5.65333359e-001	1.71805663e-001	3.84575851e-002	1.25434836e-002	2.49458081e-003	1.25288883e-004	8.32127597e-006	3.60886016e-007	1.50606533e-009	1.19486730e-017	8.72962887e-027	3.43702740e-037	5.42813755e-049	1.05016715e-061	1.34469563e-075	1.07639660e-090	2.27252222e-106	5.85354614e-126	1.17155275e-145	
5.9	2.79688092e-020	3.38005060e-015	4.52280788e-011	5.83002707e-008	1.43068687e-005	1.28606720e-003	2.22928441e-002	1.38271816e-001	1.05908540e-001	6.10609474e-002	1.45208626e-001	2.28996116e-001	1.29247033e-001	1.03055652e-001	6.28780945e-002	1.77989681e-003	1.16174948e-009	1.07538508e-016	7.76167752e-025	3.47309049e-034	2.93567974e-044	2.58422581e-055	2.39309085e-067	8.12231217e-080	2.44854461e-099	5.69336296e-119	
6	1.12345154e-025	1.91371813e-020	3.74016281e-016	7.53737636e-013	3.03709429e-010	4.66600471e-008	1.47775440e-006	1.77516551e-005	3.00090424e-005	3.84776225e-005	5.50762033e-004	5.27097917e-003	2.26796728e-002	1.39921822e-001	7.42766446e-001	8.87208226e-002	1.73191079e-006	7.30518119e-012	3.58292738e-018	1.54857866e-025	1.78088005e-033	2.98663287e-042	8.04174005e-052	1.01580274e-061	3.58801434e-081	9.70231833e-101	
6.1	2.86456061e-031	6.85004495e-026	1.93908787e-021	5.99714336e-018	3.86467842e-015	9.82163262e-013	5.44245310e-011	1.19890848e-009	4.05379187e-009	1.04146459e-008	6.96508884e-007	3.04560497e-005	7.06851605e-004	2.34910184e-002	7.32267327e-001	2.43440554e-001	6.30756185e-005	5.21713299e-009	7.78628861e-014	1.37263115e-019	8.43131795e-026	9.72624801e-033	2.53727381e-040	3.72959799e-048	1.54549892e-067	4.86556768e-087	
6.2	3.24641361e-036	1.08483178e-030	4.41019066e-026	2.05724207e-022	2.07061944e-019	8.45482267e-017	7.89150347e-015	3.04106338e-013	1.90923665e-012	9.10424492e-012	2.24709656e-009	3.50800730e-007	3.30001242e-005	4.41217948e-003	5.83458368e-001	4.11318561e-001	7.76893925e-004	6.44558768e-007	1.50042205e-010	5.35308751e-015	8.20455247e-020	2.89627453e-025	3.03663739e-031	2.06174988e-037	1.00367534e-056	3.68334742e-076	
6.3	1.40298979e-040	6.51820232e-035	3.77388659e-030	2.61297464e-026	4.02065075e-023	2.57028185e-020	3.90865390e-018	2.53032647e-016	2.78432263e-015	2.32505686e-014	1.73395278e-011	7.89457539e-009	2.39060622e-006	1.01849548e-003	4.34749209e-001	5.59160504e-001	5.04403985e-003	2.53006940e-005	5.22130548e-008	2.11097705e-011	4.29354130e-015	2.42591082e-019	5.01848836e-024	7.55133916e-029	4.32493651e-048	1.85269727e-067	
6.4	1.83620953e-044	1.17980401e-038	9.64718053e-034	9.76800410e-030	2.25393003e-026	2.20389119e-023	5.30414614e-021	5.57093812e-019	1.02639293e-017	1.43402941e-016	2.74020377e-013	3.09070264e-010	2.50482018e-007	2.82457178e-004	3.09687256e-001	6.68210806e-001	2.13653720e-002	4.48683628e-004	5.16026296e-006	1.46165278e-008	2.33524397e-011	1.25237158e-014	2.86354392e-018	5.32479853e-022	2.06508890e-039	3.68448261e-058	
6.5	5.83437887e-048	5.15724202e-042	5.90951141e-037	8.63106449e-033	2.93476335e-029	4.29923130e-026	1.59644052e-023	2.64011438e-021	7.84823695e-020	1.76845240e-018	7.56741675e-015	1.85473861e-011	3.47059414e-008	8.93620297e-005	2.09304836e-001	7.20077601e-001	6.58731687e-002	4.45251329e-003	1.99771441e-004	2.69053630e-006	2.21605836e-008	7.40127075e-011	1.17005251e-013	1.68980031e-016	1.97194972e-030	1.58197631e-045	
6.6	3.62746302e-051	4.38775727e-045	6.99109862e-040	1.45437688e-035	7.17311652e-032	1.54553981e-028	8.65948622e-026	2.19712140e-023	1.02214848e-021	3.60403228e-020	3.09425872e-016	1.48325798e-012	5.69337465e-009	2.97526103e-005	1.29295318e-001	6.85813065e-001	1.53363010e-001	2.75878928e-002	3.72834162e-003	1.77080930e-004	5.45165424e-006	8.10318268e-008	6.10711055e-010	4.73227614e-012	3.38655322e-023	2.28856098e-035	
6.7	3.45747087e-054	5.69419228e-048	1.25262478e-042	3.66885915e-038	2.58771736e-034	8.06468202e-031	6.68575751e-028	2.54464536e-025	1.80567142e-023	9.71247797e-022	1.52990259e-017	1.31741429e-013	9.43123676e-010	9.10162299e-006	6.61942609e-002	5.28737521e-001	2.56752830e-001	1.06822504e-001	3.61695889e-002	4.85073574e-003	4.40440313e-004	2.23934800e-005	6.03628301e-007	1.86941000e-008	2.31912852e-017	3.48993795e-027	
6.8	3.61372787e-057	8.06311184e-051	2.43221013e-045	9.92358766e-041	9.88106512e-037	4.38784489e-033	5.28940247e-030	2.96117143e-027	3.13598622e-025	2.51846715e-023	6.76511613e-019	9.76994716e-015	1.20815648e-010	1.99567419e-006	2.25702018e-002	2.66663544e-001	2.56762624e-001	2.22153499e-001	1.65002959e-001	5.30557826e-002	1.19491260e-002	1.69602723e-003	1.31388439e-004	1.28530938e-005	1.01283783e-012	1.17970014e-020	
6.9	2.82322078e-060	8.49402205e-054	3.49094595e-048	1.96471082e-043	2.72955074e-039	1.70385627e-035	2.94123225e-032	2.38036014e-029	3.69195160e-027	4.34502948e-025	1.87493049e-020	4.29445493e-016	8.62106829e-012	2.29242218e-007	3.82589305e-003	6.59036385e-002	1.17180494e-001	1.94200823e-001	2.86665219e-001	1.95728721e-001	9.61697004e-002	3.26087808e-002	6.14620430e-003	1.57029236e-003	3.53667667e-009	1.37693690e-015	
7	1.35326399e-063	5.46599725e-057	3.04263238e-051	2.34068737e-046	4.48950413e-042	3.89161560e-038	9.48902317e-035	1.09330626e-031	2.44321205e-029	4.14610767e-027	2.73655240e-022	9.49957122e-018	2.94359462e-013	1.19864469e-008	2.84235041e-004	7.05129503e-003	2.18764023e-002	6.50785358e-002	1.76999100e-001	2.34073415e-001	2.27628676e-001	1.63498195e-001	6.59567971e-002	3.75520586e-002	1.27833358e-006	8.53836573e-012	
7.1	3.95731008e-067	2.13705162e-060	1.60203201e-054	1.67062840e-049	4.38045923e-045	5.21329358e-041	1.77371911e-037	2.87016588e-034	9.10974826e-032	2.19765672e-029	2.13119012e-024	1.08034883e-019	4.95923692e-015	2.96897951e-010	9.72702355e-006	3.43782047e-004	1.77768384e-003	9.00950462e-003	4.25437113e-002	1.01484780e-001	1.81110884e-001	2.50975193e-001	1.96011375e-001	2.16666449e-001	6.69054266e-005	4.51244974e-009	
7.2	9.39853361e-071	6.75921938e-064	6.78766004e-058	9.52066457e-053	3.38236649e-048	5.47041205e-044	2.56856526e-040	5.76664023e-037	2.56665003e-034	8.69129688e-032	1.19782744e-026	8.60081953e-022	5.65520340e-017	4.81388679e-012	2.13331352e-007	1.06369499e-005	8.82872614e-005	7.30495296e-004	5.70884147e-003	2.32173141e-002	7.15958605e-002	1.77741985e-001	2.48095340e-001	4.71933481e-001	8.77153274e-004	3.92033374e-007	
7.3	2.67364703e-074	2.55150286e-067	3.41532601e-061	6.39650936e-056	3.05344174e-051	6.64673319e-047	4.26440716e-043	1.31379681e-039	8.10796914e-037	3.81070202e-034	7.26163022e-029	7.20241223e-024	6.59868190e-019	7.76913743e-014	4.58032295e-009	3.19326143e-007	4.12328230e-006	5.37641543e-005	6.68470500e-004	4.42810509e-003	2.24737093e-002	9.41549767e-002	2.20137428e-001	6.52806950e-001	5.26100136e-003	1.11472320e-005	
7.4	1.06710275e-077	1.34668920e-070	2.39113880e-064	5.93836471e-059	3.77933304e-054	1.09738574e-049	9.53298981e-046	3.99025887e-042	3.38008298e-039	2.18273542e-036	5.62040617e-031	7.54257026e-026	9.41198831e-021	1.49797454e-015	1.15946067e-010	1.12086870e-008	2.19299176e-007	4.37379352e-006	8.37175043e-005	8.69853397e-004	6.97771493e-003	4.69725979e-002	1.74385792e-001	7.50318807e-001	2.02312019e-002	1.55710657e-004	
7.5	5.95904219e-081	9.91368438e-074	2.32470589e-067	7.60519998e-062	6.40542655e-057	2.45973892e-052	2.86894800e-048	1.61676165e-044	1.86282575e-041	1.63790035e-038	5.59028526e-033	9.97702196e-028	1.66399303e-022	3.51169073e-017	3.53022584e-012	4.69593048e-010	1.36100443e-008	4.04822723e-007	1.15978245e-005	1.83137867e-004	2.24430985e-003	2.32989343e-002	1.31346450e-001	7.83850842e-001	5.77581086e-002	1.30620005e-003	
7.6	4.40859364e-084	9.64088079e-077	2.97239898e-070	1.27287903e-064	1.40881654e-059	7.09687783e-055	1.10283677e-050	8.29717996e-047	1.28965472e-043	1.53122946e-040	6.81497026e-035	1.59442701e-029	3.49838993e-024	9.63269992e-019	1.24642110e-013	2.26510829e-011	9.53763713e-010	4.13849486e-008	1.73193789e-006	4.04477243e-005	7.35403711e-004	1.13688084e-002	9.36748555e-002	7.56586937e-001	1.30279349e-001	7.31242434e-003	
7.7	4.04917966e-087	1.16070783e-079	4.68534030e-073	2.60979486e-067	3.76958624e-062	2.47127228e-057	5.07912926e-053	5.06178205e-049	1.05346900e-045	1.67630236e-042	9.59275674e-037	2.90615264e-031	8.27790508e-026	2.93229178e-020	4.84679455e-015	1.19535745e-012	7.18917341e-011	4.46403334e-009	2.67111095e-007	9.01162835e-006	2.36977106e-004	5.29184700e-003	6.16566664e-002	6.66319581e-001	2.37565244e-001	2.89204012e-002	
7.8	4.35813171e-090	1.63329947e-082	8.59576071e-076	6.18933821e-070	1.15885587e-064	9.81015951e-060	2.64833095e-055	3.47053686e-051	9.60490192e-048	2.03419003e-044	1.47855649e-038	5.73979363e-033	2.09819742e-027	9.44698224e-022	1.98144364e-016	6.59093735e-014	5.57705924e-012	4.87156384e-010	4.08860923e-008	1.95141280e-006	7.25581229e-005	2.27859594e-003	3.64564683e-002	5.24891275e-001	3.52679960e-001	8.36191501e-002	
7.9	5.30060714e-093	2.59089375e-085	1.77048701e-078	1.63765393e-072	3.94764850e-067	4.28185168e-062	1.50820617e-057	2.58060955e-053	9.43754050e-050	2.64341335e-046	2.41392028e-040	1.18989506e-034	5.52738825e-029	3.12948556e-023	8.28025402e-018	3.69356017e-015	4.33863423e-013	5.24950650e-011	6.07331222e-009	4.02445470e-007	2.07322877e-005	8.93929342e-004	1.91301718e-002	3.66458843e-001	4.30933044e-001	1.82562872e-001	
8	7.24133949e-096	4.60542180e-088	4.06888326e-081	4.80401935e-075	1.48079479e-069	2.04197568e-064	9.32330748e-060	2.06884216e-055	9.93849675e-052	3.65953226e-048	4.15736084e-042	2.58092818e-036	1.51019363e-030	1.06482082e-024	3.53537400e-019	2.10381100e-016	3.38933929e-014	5.60120650e-012	8.79113558e-010	7.95176902e-008	5.57149394e-006	3.22753247e-004	9.02098748e-003	2.29800975e-001	4.45879982e-001	3.14969650e-001	
