4	9.98438421e-001	1.56157945e-003	1.95946766e-015	3.74852728e-034	3.80916925e-053	2.65114787e-072	1.06203095e-091	2.75751922e-111	
4.1	9.41280039e-001	5.87199607e-002	1.07190548e-010	5.84533803e-027	6.89723540e-046	5.64191035e-065	2.62499900e-084	7.87531201e-104	
4.2	4.52968903e-001	5.47030763e-001	3.33841629e-007	1.86836159e-019	2.46323216e-038	2.37145678e-057	1.28249245e-076	4.44892790e-096	
4.3	7.42122994e-002	9.25732380e-001	5.53206209e-005	4.71032944e-014	1.61116109e-031	1.82835089e-050	1.15019558e-069	4.61666363e-089	
4.4	1.63188887e-002	9.81759109e-001	1.92200178e-003	4.60612239e-010	1.48150578e-023	1.90352020e-041	1.39421387e-060	6.47989344e-080	
4.5	7.92493691e-003	9.67880033e-001	2.41946592e-002	3.70736624e-007	1.46273997e-017	2.71061365e-031	2.31340245e-050	1.24590826e-069	
4.6	5.25039660e-003	8.54620333e-001	1.40081084e-001	4.81863426e-005	5.18604963e-013	2.04610650e-023	2.03673751e-042	1.27216584e-061	
4.7	2.86631139e-003	5.80122641e-001	4.15349752e-001	1.66129421e-003	1.59417645e-009	2.92914816e-017	3.40400716e-036	2.46810264e-055	
4.8	1.09942134e-003	2.85105924e-001	6.93167509e-001	2.06263954e-002	7.50181570e-007	1.91867993e-012	2.60573374e-031	2.19522641e-050	
4.9	3.16340584e-004	1.10248642e-001	7.67378581e-001	1.21970147e-001	8.62765612e-005	1.17642959e-008	1.86915838e-027	1.83161036e-046	
5	6.76017304e-005	3.31118117e-002	5.81819042e-001	3.81884862e-001	3.10615245e-003	1.05302997e-005	1.95967241e-024	2.23614999e-043	
5.1	1.03188409e-005	7.36197904e-003	2.96100650e-001	6.54313446e-001	4.03589167e-002	1.85468919e-003	4.04786048e-022	5.38529965e-041	
5.2	1.07432008e-006	1.14513146e-003	9.74159344e-002	6.15287599e-001	2.06677329e-001	7.94729321e-002	3.17129916e-018	4.92575434e-037	
5.3	4.17989147e-008	6.76164425e-005	1.13976677e-002	1.80274976e-001	2.53236869e-001	5.55022830e-001	1.18876578e-013	7.25046737e-030	
5.4	7.25918751e-010	1.79535936e-006	5.67653267e-004	2.01996759e-002	9.60007109e-002	8.83230164e-001	1.83800323e-010	4.28033503e-023	
5.5	1.49786280e-011	5.67065004e-008	3.20973219e-005	2.35477728e-003	3.19067005e-002	9.65706318e-001	5.02400395e-008	8.65972866e-018	
5.6	4.53677633e-013	2.61990122e-009	2.55020952e-006	3.59094923e-004	1.20648626e-002	9.87569120e-001	4.36941720e-006	1.51443741e-013	
5.7	1.98335335e-014	1.73573014e-010	2.80630627e-007	7.15100090e-005	5.31237000e-003	9.94457120e-001	1.58718995e-004	3.92948225e-010	
5.8	1.23929815e-015	1.62968514e-011	4.24473444e-008	1.86419841e-005	2.78637436e-003	9.94321055e-001	2.87366323e-003	2.23322207e-007	
5.9	1.12941741e-016	2.21019122e-012	9.02622231e-009	6.55928106e-006	1.82546030e-003	9.69663098e-001	2.84687322e-002	3.61408445e-005	
6	1.36910551e-017	3.94654262e-013	2.46717953e-009	2.86653977e-006	1.39418213e-003	8.46801734e-001	1.49950463e-001	1.85075233e-003	
6.1	1.69562442e-018	7.12549154e-014	6.67351879e-010	1.20418388e-006	9.71370009e-004	5.79795316e-001	3.88378520e-001	3.08535886e-002	
6.2	1.74101495e-019	1.05581568e-014	1.45289863e-010	3.97160632e-007	5.08594052e-004	2.91206795e-001	5.17586310e-001	1.90697903e-001	
6.3	1.31470395e-020	1.13919539e-015	2.26318633e-011	9.17458081e-008	1.79645984e-004	1.02565977e-001	3.87324407e-001	5.09929878e-001	
6.4	8.00328447e-022	9.81607523e-017	2.76989876e-012	1.63448278e-008	4.73808383e-005	2.85066955e-002	2.01450390e-001	7.69995517e-001	
6.5	4.84442449e-023	8.33506169e-018	3.29156513e-013	2.78276252e-009	1.16173331e-005	7.76591573e-003	9.53612130e-002	8.96861251e-001	
6.6	3.23954584e-024	7.75305835e-019	4.22559241e-014	5.04644791e-010	2.96613298e-006	2.30385619e-003	4.68897005e-002	9.50803477e-001	
6.7	2.44383774e-025	8.07041319e-020	5.99198865e-015	9.98609864e-011	8.11674531e-007	7.59156097e-004	2.47740318e-002	9.74466000e-001	
6.8	2.06598943e-026	9.34318291e-021	9.33380123e-016	2.14768587e-011	2.38095556e-007	2.75672341e-004	1.40606285e-002	9.85663461e-001	
6.9	1.93306257e-027	1.18863089e-021	1.57895196e-016	4.96855520e-012	7.43534884e-008	1.08801636e-004	8.49428406e-003	9.91396840e-001	
7	1.97823433e-028	1.64239898e-022	2.86815842e-017	1.22428880e-012	2.45356106e-008	4.60726044e-005	5.40701416e-003	9.94546889e-001	
7.1	2.19164414e-029	2.44053508e-023	5.54074357e-018	3.18487127e-013	8.49570028e-009	2.06948743e-005	3.59283497e-003	9.96386462e-001	
7.2	2.60603388e-030	3.86696570e-024	1.12907049e-018	8.68490143e-014	3.06846951e-009	9.76856421e-006	2.47281529e-003	9.97517413e-001	
7.3	3.30335643e-031	6.48943994e-025	2.41119876e-019	2.46814619e-014	1.15009889e-009	4.80822436e-006	1.75137967e-003	9.98243811e-001	
7.4	4.43629244e-032	1.14632521e-025	5.36452078e-020	7.27189555e-015	4.45307331e-010	2.45172818e-006	1.26954056e-003	9.98728007e-001	
7.5	6.28064845e-033	2.12056230e-026	1.23747504e-020	2.21206678e-015	1.77443234e-010	1.28831756e-006	9.37821439e-004	9.99060890e-001	
7.6	9.33178781e-034	4.08872235e-027	2.94677590e-021	6.92075037e-016	7.25098202e-011	6.94433479e-007	7.03421791e-004	9.99295884e-001	
7.7	1.44929920e-034	8.18160337e-028	7.21596003e-022	2.21934246e-016	3.02898448e-011	3.82457832e-007	5.34098705e-004	9.99465519e-001	
7.8	2.34423439e-035	1.69219526e-028	1.81078165e-022	7.27319855e-017	1.28995416e-011	2.14532797e-007	4.09534023e-004	9.99590251e-001	
7.9	3.93557207e-036	3.60372748e-029	4.64252865e-023	2.42906309e-017	5.58653196e-012	1.22208606e-007	3.16476934e-004	9.99683401e-001	
8	6.83680844e-037	7.87386311e-030	1.21252265e-023	8.24709171e-018	2.45460649e-012	7.05239261e-008	2.46055612e-004	9.99753874e-001	
