4	1.00601697e-003	9.98993983e-001	1.13845468e-018	3.34938123e-037	4.26727129e-056	2.94904719e-075	2.92825657e-095	9.00171095e-115	2.23306565e-134	4.00729592e-154	5.05486644e-174	4.75796917e-194	
4.1	2.12621204e-004	9.99787379e-001	1.35309367e-018	4.68295724e-037	7.00202937e-056	5.66095026e-075	6.30269017e-095	2.27994869e-114	6.76021080e-134	1.41344208e-153	2.06390118e-173	2.23920884e-193	
4.2	5.79523266e-005	9.99942048e-001	3.69572101e-014	1.50464987e-032	2.64033879e-051	2.49724657e-070	3.18998335e-090	1.35478780e-109	4.72545448e-129	1.15252176e-148	1.94969256e-168	2.43964683e-188	
4.3	1.93749535e-005	9.99980625e-001	1.98110269e-010	2.97018347e-025	6.11589306e-044	6.76723990e-063	1.01674328e-082	4.98599096e-102	1.93683369e-121	5.51694445e-141	1.08207207e-160	1.56258151e-180	
4.4	7.63801840e-006	9.99992223e-001	1.39051999e-007	1.43425244e-018	9.89001371e-036	1.28019439e-054	2.31257341e-074	1.22384283e-093	4.74817780e-113	1.58140809e-132	3.59909896e-152	6.00179926e-172	
4.5	3.44852956e-006	9.99970988e-001	2.55633314e-005	3.05991879e-013	3.24591518e-026	4.91172759e-045	1.07736951e-064	5.30514826e-084	1.82854178e-103	7.12937375e-123	1.88418356e-142	3.63076126e-162	
4.6	1.80750835e-006	9.98354315e-001	1.64387194e-003	5.07482306e-009	1.07669477e-018	6.11295359e-034	1.59038260e-053	6.22653902e-073	1.80035825e-092	8.22720036e-112	2.52701427e-131	5.63072767e-151	
4.7	1.32929613e-006	9.61326898e-001	3.86642344e-002	7.53832141e-006	5.45617253e-013	1.50314126e-024	1.21146140e-040	3.55778508e-060	8.69406451e-080	4.66244678e-099	1.66575448e-118	4.29484202e-138	
4.8	1.48629428e-006	7.27780465e-001	2.71192060e-001	1.02598189e-003	6.09760773e-009	1.19386129e-017	3.84446860e-030	5.43029983e-046	1.16497540e-065	7.34120234e-085	3.05336370e-104	9.11642343e-124	
4.9	1.43186203e-006	3.58500117e-001	6.19926424e-001	2.15681507e-002	3.87631949e-006	1.04440771e-012	2.30851019e-022	8.32059038e-035	5.66160487e-051	3.34037626e-069	1.61886995e-088	5.60143231e-108	
5	9.12474433e-007	1.27513671e-001	7.24041192e-001	1.48039666e-001	4.04554063e-004	4.59836686e-009	1.81144638e-016	3.55464602e-026	7.23962952e-039	4.59062207e-053	2.59474456e-072	1.04131333e-091	
5.1	3.53544041e-007	3.24143407e-002	5.06519136e-001	4.49767898e-001	1.12958061e-002	2.46565555e-006	6.16080844e-012	1.92520292e-019	2.38994339e-029	2.55188117e-040	1.68385429e-059	7.84501624e-079	
5.2	8.10595387e-008	5.65964122e-003	2.17832728e-001	6.71655379e-001	1.04601856e-001	2.50296867e-004	1.76387154e-008	3.29048489e-014	7.09242263e-022	2.92413492e-030	2.25505894e-049	1.22086456e-068	
5.3	1.15944851e-008	6.97481508e-004	6.09144939e-002	5.48697262e-001	3.83158497e-001	6.52548787e-003	6.76558120e-006	3.45337183e-010	4.80165423e-016	2.37212425e-022	2.14032685e-041	1.34798265e-060	
5.4	1.13038236e-009	6.47245941e-005	1.20060790e-002	2.75719370e-001	6.55626829e-001	5.60762381e-002	5.06376263e-004	3.81757103e-007	1.56752005e-011	3.66138027e-016	3.86980814e-035	2.83835128e-054	
5.5	8.97670538e-011	5.29682587e-006	1.97342013e-003	1.03644648e-001	6.67519736e-001	2.15577993e-001	1.12020670e-002	7.67884138e-005	5.02250054e-008	2.64851331e-011	3.28343021e-030	2.80803063e-049	
5.6	5.97676176e-012	3.86931052e-007	2.75856804e-004	3.03581106e-002	4.42847286e-001	4.29228571e-001	9.32931346e-002	3.97111592e-003	2.53708277e-005	1.67802942e-007	9.47535586e-026	9.46210891e-045	
5.7	2.96074123e-013	2.20870516e-008	2.88774303e-005	6.20177521e-003	1.79873355e-001	4.37540792e-001	3.12466027e-001	6.11675824e-002	2.58709954e-003	1.34470035e-004	6.50787053e-019	1.25733007e-035	
5.8	8.92014688e-015	7.96322855e-010	1.83860988e-006	7.26933357e-004	3.82797372e-002	2.04121479e-001	3.99125432e-001	2.83366999e-001	5.80366140e-002	1.63409661e-002	1.11403081e-013	7.23595109e-027	
5.9	1.09698061e-016	1.20614084e-011	4.75535486e-008	3.29762860e-005	2.96108863e-003	3.12953344e-002	1.45806425e-001	3.10888879e-001	2.38515135e-001	2.70500113e-001	6.19032947e-010	2.68968529e-020	
6	5.11197365e-019	7.07274130e-014	4.62045979e-010	5.39627075e-007	7.90522520e-005	1.53603447e-003	1.53160351e-002	8.43518529e-002	1.95153266e-001	7.03563046e-001	1.72977845e-007	1.39443622e-015	
6.1	2.37410816e-021	4.19961393e-016	4.42412976e-012	8.40786209e-009	1.94511274e-006	6.56323553e-005	1.28726484e-003	1.62221517e-002	9.40098697e-002	8.88403641e-001	9.48692730e-006	5.12348061e-012	
6.2	1.71100031e-023	3.91301076e-018	6.48859312e-014	1.94831271e-010	6.94125944e-008	3.89157821e-006	1.40353829e-004	3.66871927e-003	4.55870759e-002	9.50386009e-001	2.13877188e-004	3.44516597e-009	
6.3	2.01346764e-025	5.99946859e-020	1.53185945e-015	7.08410433e-012	3.80871147e-009	3.42523714e-007	2.15105140e-005	1.07657454e-003	2.53503831e-002	9.70988634e-001	2.56190481e-003	6.47187886e-007	
6.4	3.74563619e-027	1.46156274e-021	5.63416657e-017	3.92421473e-013	3.12935605e-010	4.38691191e-008	4.58714583e-006	4.11518006e-004	1.67415860e-002	9.64482849e-001	1.83158737e-002	4.35415874e-005	
6.5	9.82571232e-029	5.03626082e-023	2.87894945e-018	2.96102433e-014	3.45029064e-011	7.36039093e-009	1.23434938e-006	1.87888270e-004	1.23615711e-002	9.04218019e-001	8.20086961e-002	1.22258341e-003	
6.6	2.99981319e-030	2.02283398e-024	1.68719431e-019	2.51767608e-015	4.22956993e-012	1.34514495e-009	3.50547619e-007	8.64499677e-005	8.78245299e-003	7.44071188e-001	2.31393337e-001	1.56662201e-002	
6.7	8.78954112e-032	7.80167211e-026	9.35578859e-021	1.99376511e-016	4.77026850e-013	2.22203715e-010	8.75853390e-008	3.36442188e-005	5.10793090e-003	4.90231684e-001	4.07662054e-001	9.69645989e-002	
6.8	2.17159825e-033	2.53643672e-027	4.31476622e-022	1.29432960e-017	4.36115649e-014	2.92884635e-011	1.70548400e-008	9.86338656e-006	2.18561479e-003	2.41140817e-001	4.50076391e-001	3.06587297e-001	
6.9	4.56021602e-035	7.00312206e-029	1.66907742e-023	6.95565595e-019	3.26602792e-015	3.11822762e-012	2.62741541e-009	2.22051024e-006	7.05243536e-004	9.19425220e-002	3.41414743e-001	5.65935269e-001	
7	9.27979115e-037	1.87149000e-030	6.17921778e-025	3.53365667e-020	2.28954506e-016	3.06835466e-013	3.67263120e-010	4.41665562e-007	1.98124234e-004	3.14005390e-002	2.13228704e-001	7.55172190e-001	
7.1	2.05123668e-038	5.42478836e-032	2.45522014e-026	1.90482472e-021	1.68731549e-017	3.13740985e-014	5.24531920e-011	8.76495780e-008	5.48279039e-005	1.08288817e-002	1.26492313e-001	8.62623890e-001	
7.2	5.17472940e-040	1.79214694e-033	1.10089889e-027	1.14602528e-022	1.37568783e-018	3.51119031e-015	8.07480964e-012	1.83411943e-008	1.58120127e-005	3.96962795e-003	7.61465453e-002	9.19867996e-001	
7.3	1.50660409e-041	6.82131175e-035	5.63419683e-029	7.78830139e-024	1.25620625e-019	4.35744428e-016	1.35866240e-012	4.11093359e-009	4.83032516e-006	1.56465029e-003	4.75176118e-002	9.50912904e-001	
7.4	5.04612613e-043	2.98241504e-036	3.28278243e-030	5.96394098e-025	1.28196104e-020	5.98684179e-017	2.49680179e-013	9.87492546e-010	1.56422197e-006	6.60938336e-004	3.08361219e-002	9.68501375e-001	
7.5	1.93017068e-044	1.48689735e-037	2.16216869e-031	5.11112832e-026	1.45240186e-021	9.05006734e-018	4.98286631e-014	2.53056945e-010	5.34586097e-007	2.96829031e-004	2.07443906e-002	9.78958246e-001	
7.6	8.36649608e-046	8.38835299e-039	1.59796590e-032	4.86570629e-027	1.81330295e-022	1.49453122e-018	1.07270520e-014	6.87858809e-011	1.91712249e-007	1.40539719e-004	1.43969360e-002	9.85462333e-001	
7.7	4.08013625e-047	5.31674748e-040	1.31569508e-033	5.10898635e-028	2.47725703e-023	2.67776537e-019	2.47466510e-015	1.97196746e-011	7.17308467e-008	6.96070163e-005	1.02566728e-002	9.89673648e-001	
7.8	2.22573163e-048	3.76475429e-041	1.20003687e-034	5.88179352e-029	3.68055529e-024	5.17373280e-020	6.08105918e-016	5.93114992e-012	2.78549419e-008	3.58160550e-005	7.46739196e-003	9.92496764e-001	
7.9	1.34990696e-049	2.96017323e-042	1.20524328e-035	7.38040757e-030	5.91153421e-025	1.07153705e-020	1.58234367e-016	1.86278764e-012	1.11730204e-008	1.90351361e-005	5.53447060e-003	9.94446483e-001	
8	9.06312033e-051	2.57382471e-043	1.32696396e-036	1.00463152e-030	1.02129299e-025	2.36645495e-021	4.33789674e-017	6.08194408e-013	4.60912246e-009	1.03954430e-005	4.16155329e-003	9.95828047e-001	
