4	9.99999861e-001	1.39338731e-007	4.75796354e-025	8.17336943e-044	3.90174214e-063	6.04059657e-083	2.58310736e-102	7.25388195e-122	1.71118444e-141	2.73811415e-161	3.19108927e-181	
4.1	9.99968482e-001	3.15184013e-005	2.45974897e-018	4.94084238e-037	2.39208055e-056	4.72332468e-076	2.34991278e-095	7.62562557e-115	2.09893082e-134	3.89015072e-154	5.22806478e-174	
4.2	9.97522895e-001	2.47710459e-003	5.91000017e-013	1.95488580e-030	1.00255695e-049	2.54326979e-069	1.47299304e-088	5.50651605e-108	1.77064087e-127	3.80414840e-147	5.89918494e-167	
4.3	9.21631901e-001	7.83680872e-002	1.15585523e-008	7.05366269e-022	3.99505137e-041	1.30762352e-060	8.76834652e-080	3.67784343e-099	1.38327194e-118	3.44766447e-138	6.17285767e-158	
4.4	3.99938120e-001	6.00046587e-001	1.52933606e-005	2.34324253e-015	8.31521117e-033	3.51639158e-052	2.63006102e-071	1.13722533e-090	5.00869997e-110	1.44936049e-129	2.99813927e-149	
4.5	6.37628758e-002	9.34799610e-001	1.43751418e-003	1.03437081e-010	4.82308432e-024	1.79090716e-042	1.32659789e-061	5.13707363e-081	2.65276201e-100	8.91924554e-120	2.13302536e-139	
4.6	1.38518666e-002	9.53151425e-001	3.29964494e-002	2.59117842e-007	2.23732637e-017	1.57183354e-031	3.75665919e-050	1.16699052e-069	7.07481371e-089	2.76619241e-108	7.65346654e-128	
4.7	5.05261059e-003	7.65724651e-001	2.29160862e-001	6.18762196e-005	1.80400958e-012	2.96482993e-023	7.52221436e-038	1.84354444e-057	1.31372083e-076	5.97825177e-096	1.91500153e-115	
4.8	1.80446582e-003	4.29496005e-001	5.66334896e-001	2.36462782e-003	5.64519056e-009	3.62180203e-017	1.40140079e-028	2.20924361e-044	1.71975617e-062	9.11660393e-082	3.38353768e-101	
4.9	5.38751987e-004	1.90426409e-001	7.79923884e-001	2.91088993e-002	2.05575406e-006	1.26233592e-012	1.70508896e-021	6.84567323e-034	5.92391646e-048	3.66148492e-067	1.57584890e-086	
5	1.33940129e-004	7.16472785e-002	7.58420478e-001	1.69621102e-001	1.77197626e-004	3.86549624e-009	5.79771989e-016	1.27528442e-025	1.90892398e-036	1.37699198e-055	6.87842538e-075	
5.1	2.41248209e-005	2.00760510e-002	4.90846451e-001	4.84490078e-001	4.56154064e-003	1.75506962e-006	1.18486600e-011	4.24055927e-019	2.50402504e-027	2.11025201e-046	1.22461236e-065	
5.2	3.11072549e-006	4.11211583e-003	2.14879270e-001	7.37749643e-001	4.30820556e-002	1.73778864e-004	2.58297086e-008	5.74383632e-014	4.13427142e-020	4.07518130e-039	2.75034170e-058	
5.3	3.25913709e-007	6.92658593e-004	7.30241158e-002	7.24467656e-001	1.96248706e-001	5.55621213e-003	1.03257483e-005	6.63030356e-010	2.28741427e-014	2.64025841e-033	2.07469622e-052	
5.4	2.64327989e-008	9.06637787e-005	1.84248363e-002	4.57402969e-001	4.56869750e-001	6.62263801e-002	9.84385008e-004	9.88230902e-007	7.78197432e-010	1.05321220e-028	9.64745079e-048	
5.5	1.43863305e-009	7.94423061e-006	2.99622269e-003	1.66481185e-001	5.10655154e-001	2.94966197e-001	2.46549902e-002	2.35955380e-004	2.35108341e-006	5.77524628e-025	6.17481880e-044	
5.6	4.84741278e-011	4.27940116e-007	2.89770653e-004	3.30307925e-002	2.68645055e-001	5.06064568e-001	1.80092658e-001	1.10085680e-002	8.68159749e-004	2.33259224e-018	1.37919411e-035	
5.7	9.53807624e-013	1.33239400e-008	1.57219374e-005	3.43265015e-003	6.57536303e-002	3.43890661e-001	4.18008741e-001	1.18137546e-001	5.07610360e-002	2.33196184e-013	6.33591434e-027	
5.8	7.79364023e-015	1.70207647e-010	3.40524211e-007	1.34770283e-004	5.52240218e-003	7.04276698e-002	2.45410333e-001	2.47748723e-001	4.30755760e-001	7.74912830e-010	1.80513269e-020	
5.9	3.25769117e-017	1.09779178e-012	3.63020109e-009	2.48951121e-006	2.01734723e-004	5.64787367e-003	4.90510184e-002	1.44320469e-001	8.00776237e-001	1.74934344e-007	9.20846372e-016	
6	1.68969045e-019	8.66806610e-015	4.62768077e-011	5.29643235e-008	7.95649771e-006	4.48906473e-004	8.68301961e-003	6.35132978e-002	9.27337063e-001	9.70376458e-006	4.00206810e-012	
6.1	1.40773164e-021	1.08471531e-016	9.14687809e-013	1.69243631e-009	4.46745365e-007	4.73590962e-005	1.86319990e-003	2.99106199e-002	9.67947176e-001	2.31193378e-004	3.22077232e-009	
6.2	1.91526505e-023	2.18800452e-018	2.85596189e-014	8.31222135e-011	3.68640649e-008	6.93149604e-006	5.15107478e-004	1.64294681e-002	9.80110734e-001	2.93701349e-003	7.08311604e-007	
6.3	4.15163222e-025	6.94480420e-020	1.37726706e-015	6.15566399e-012	4.41687093e-009	1.40421037e-006	1.85542024e-004	1.08355653e-002	9.66841149e-001	2.20821263e-002	5.42090119e-005	
6.4	1.28078248e-026	3.10057061e-021	9.18410413e-017	6.17240349e-013	6.93894024e-010	3.58380642e-007	8.00988690e-005	7.99558354e-003	8.89278794e-001	1.00990303e-001	1.65486124e-003	
6.5	4.56768009e-028	1.58286293e-022	6.89482502e-018	6.83790295e-014	1.17154090e-010	9.50398276e-008	3.44716222e-005	5.55008928e-003	6.97175438e-001	2.75680715e-001	2.15591910e-002	
6.6	1.54097323e-029	7.56653955e-024	4.77881413e-019	6.87641048e-015	1.75304684e-011	2.17094890e-008	1.23425713e-005	3.05552484e-003	4.24275329e-001	4.45364574e-001	1.27292208e-001	
6.7	4.35991310e-031	3.00504625e-025	2.71661670e-020	5.58574087e-016	2.07493586e-012	3.82821246e-009	3.31320549e-006	1.21430742e-003	1.89868944e-001	4.38492617e-001	3.70420815e-001	
6.8	1.06802678e-032	1.02447607e-026	1.31037759e-021	3.79643388e-017	2.01699758e-013	5.42894976e-010	6.97811264e-007	3.67856717e-004	6.68648072e-002	3.00133666e-001	6.32632972e-001	
6.9	2.60908932e-034	3.45548825e-028	6.18818119e-023	2.49428335e-018	1.86398577e-014	7.18816119e-011	1.34352233e-007	9.97283728e-005	2.17607552e-002	1.74822074e-001	8.03317309e-001	
7	7.02758521e-036	1.27580547e-029	3.16911194e-024	1.75627037e-019	1.81860860e-015	9.89287868e-012	2.64074036e-008	2.71681784e-005	7.31722085e-003	9.93509637e-002	8.93304621e-001	
7.1	2.15780754e-037	5.33408077e-031	1.82227044e-025	1.37345902e-020	1.94361628e-016	1.47116758e-012	5.52251403e-009	7.78252816e-006	2.64520838e-003	5.82049032e-002	9.39142100e-001	
7.2	7.55819290e-039	2.52882624e-032	1.17921008e-026	1.19634535e-021	2.28426150e-017	2.37754235e-013	1.23848816e-009	2.36867781e-006	1.03332887e-003	3.56657517e-002	9.63298550e-001	
7.3	2.99100311e-040	1.34680481e-033	8.51542582e-028	1.15176621e-022	2.93160920e-018	4.15281409e-014	2.96768775e-010	7.64497053e-007	4.33364513e-004	2.28471642e-002	9.76718706e-001	
7.4	1.32181437e-041	7.96966559e-035	6.79138575e-029	1.21335100e-023	4.07003890e-019	7.77664610e-015	7.54926729e-011	2.60239785e-007	1.93327564e-004	1.52240655e-002	9.84582347e-001	
7.5	6.45193962e-043	5.18403647e-036	5.92232628e-030	1.38530624e-024	6.05652914e-020	1.54872813e-015	2.02498825e-011	9.28685490e-008	9.09196082e-005	1.04891005e-002	9.89419887e-001	
7.6	3.44433514e-044	3.67166983e-037	5.59684379e-031	1.69941618e-025	9.57888487e-021	3.25591676e-016	5.69223047e-012	3.45453526e-008	4.47179096e-005	7.43061409e-003	9.92524633e-001	
7.7	1.99330605e-045	2.80729298e-038	5.68659043e-032	2.22266697e-026	1.59823595e-021	7.17917651e-017	1.66759395e-012	1.33281240e-008	2.28471085e-005	5.38605735e-003	9.94591082e-001	
7.8	1.24096480e-046	2.30007493e-039	6.16840274e-033	3.07841602e-027	2.79417145e-022	1.65032592e-017	5.06573950e-013	5.30819755e-009	1.20540013e-005	3.97753954e-003	9.96010401e-001	
7.9	8.25690726e-048	2.00643807e-040	7.10050599e-034	4.48832798e-028	5.08866810e-023	3.93479606e-018	1.58875934e-013	2.17380001e-009	6.53506484e-006	2.98244990e-003	9.97011013e-001	
8	5.83566515e-049	1.85257704e-041	8.62715491e-035	6.85204845e-029	9.60204326e-024	9.68492874e-019	5.12343794e-014	9.11982617e-010	3.62552786e-006	2.26390507e-003	9.97732468e-001	
