4	1.62307653e-001	8.37674765e-001	1.75811180e-005	2.28592208e-019	1.42870130e-037	3.71091246e-056	4.10045576e-075	2.34311758e-094	7.70762360e-114	8.65053154e-134	7.26935424e-154	4.84623616e-174	2.53729642e-194	1.10798970e-214	4.21288860e-235	1.33319260e-255	3.67270687e-276	9.11341656e-297	1.00000000e-300	1.00000000e-300	1.00000000e-300	1.00000000e-300	1.00000000e-300	1.00000000e-300	1.00000000e-300	1.00000000e-300	1.00000000e-300	1.00000000e-300	1.00000000e-300	
4.1	2.42871568e-002	9.73696901e-001	2.01594177e-003	1.56386057e-013	1.14837757e-031	3.54175169e-050	4.57898289e-069	3.07355544e-088	1.19556381e-107	1.59806960e-127	1.61082735e-147	1.29404511e-167	8.20001969e-188	4.33290340e-208	1.99626971e-228	7.65822576e-249	2.55990967e-269	7.71824303e-290	1.00000000e-300	1.00000000e-300	1.00000000e-300	1.00000000e-300	1.00000000e-300	1.00000000e-300	1.00000000e-300	1.00000000e-300	1.00000000e-300	1.00000000e-300	1.00000000e-300	
4.2	4.75216404e-003	9.18709611e-001	7.65382190e-002	6.23942701e-009	1.27603845e-022	4.67310648e-041	7.06900400e-060	5.57360562e-079	2.56363811e-098	4.08112153e-118	4.93437337e-138	4.77674092e-158	3.66342582e-178	2.34234387e-198	1.30769533e-218	6.08173811e-239	2.46673620e-259	9.03698785e-280	4.83287227e-300	1.00000000e-300	1.00000000e-300	1.00000000e-300	1.00000000e-300	1.00000000e-300	1.00000000e-300	1.00000000e-300	1.00000000e-300	1.00000000e-300	1.00000000e-300	
4.3	8.04733500e-004	3.80536129e-001	6.18645811e-001	1.33269282e-005	1.38206682e-015	1.42750266e-031	2.52655338e-050	2.33983458e-069	1.27268674e-088	2.41290501e-108	3.49939814e-128	4.08226376e-148	3.78934722e-168	2.93179669e-188	1.98322173e-208	1.11812693e-228	5.50286396e-249	2.44952769e-269	1.52466556e-289	1.00000000e-300	1.00000000e-300	1.00000000e-300	1.00000000e-300	1.00000000e-300	1.00000000e-300	1.00000000e-300	1.00000000e-300	1.00000000e-300	1.00000000e-300	
4.4	9.81611387e-005	5.82348022e-002	9.39883120e-001	1.78391667e-003	1.70824398e-010	2.08716773e-022	4.32224260e-041	4.70187172e-060	3.02410067e-079	6.82841617e-099	1.18788118e-118	1.66987345e-138	1.87607259e-158	1.75629338e-178	1.43958474e-198	9.83927784e-219	5.87559885e-239	3.17771706e-259	2.30553368e-279	9.48428021e-300	1.00000000e-300	1.00000000e-300	1.00000000e-300	1.00000000e-300	1.00000000e-300	1.00000000e-300	1.00000000e-300	1.00000000e-300	1.00000000e-300	
4.5	2.36030359e-005	1.39371012e-002	9.22563863e-001	6.34739847e-002	1.44806794e-006	3.21023460e-015	1.19209283e-029	1.52324666e-048	1.15853868e-067	3.11552380e-087	6.50110344e-107	1.10126598e-126	1.49746536e-146	1.69636405e-166	1.68490668e-186	1.39594588e-206	1.01140841e-226	6.64002368e-247	5.62427891e-267	2.80484685e-287	1.00000000e-300	1.00000000e-300	1.00000000e-300	1.00000000e-300	1.00000000e-300	1.00000000e-300	1.00000000e-300	1.00000000e-300	1.00000000e-300	
4.6	6.70874545e-006	4.00802313e-003	4.79529596e-001	5.15515803e-001	9.39868144e-004	8.50643183e-010	1.41848545e-020	4.85521723e-035	1.15706040e-053	3.70579509e-073	9.27538631e-093	1.89336102e-112	3.11602815e-132	4.27128171e-152	5.13937324e-172	5.15752774e-192	4.52613229e-212	3.57768737e-232	3.54261547e-252	2.14171784e-272	1.16277639e-292	1.00000000e-300	1.00000000e-300	1.00000000e-300	1.00000000e-300	1.00000000e-300	1.00000000e-300	1.00000000e-300	1.00000000e-300	
4.7	1.36111952e-006	8.84797330e-004	1.40729355e-001	8.14282312e-001	4.40973094e-002	4.86510376e-006	6.68051189e-014	8.58857718e-025	4.43506698e-039	3.08849288e-057	9.27252576e-077	2.28016666e-096	4.54089828e-116	7.52826401e-136	1.09358861e-155	1.31664072e-175	1.37956256e-195	1.26033488e-215	1.46103762e-235	1.07074945e-255	7.02729834e-276	4.10353188e-296	1.00000000e-300	1.00000000e-300	1.00000000e-300	1.00000000e-300	1.00000000e-300	1.00000000e-300	1.00000000e-300	
4.8	3.10071935e-007	2.35648146e-004	4.73435839e-002	6.22920657e-001	3.28063232e-001	1.43656544e-003	3.74304949e-009	3.30378121e-017	4.96669472e-028	4.48114859e-042	3.75760208e-059	1.10690255e-078	2.65788443e-098	5.30166642e-118	9.01935390e-138	1.22857721e-157	1.43515316e-177	1.35136832e-197	1.83659734e-217	1.63151581e-237	1.29392958e-257	9.11795912e-278	5.73673029e-298	1.00000000e-300	1.00000000e-300	1.00000000e-300	1.00000000e-300	1.00000000e-300	1.00000000e-300	
4.9	5.93120306e-008	5.58202196e-005	1.42835656e-002	3.14610600e-001	6.38829700e-001	3.22166028e-002	3.65160905e-006	4.58351489e-012	3.85084674e-020	6.78111508e-031	3.68347513e-044	2.43286902e-063	6.81857910e-083	1.58483151e-102	2.75364269e-122	3.52949664e-142	3.85556147e-162	3.16730590e-182	5.05353953e-202	5.43812363e-222	5.20095986e-242	4.42220888e-262	3.35320661e-282	1.00000000e-300	1.00000000e-300	1.00000000e-300	1.00000000e-300	1.00000000e-300	1.00000000e-300	
5	9.90658836e-009	1.20360513e-005	3.99052547e-003	1.35772498e-001	6.98248469e-001	1.61736566e-001	2.39885770e-004	9.81915292e-009	1.02638643e-014	7.82778925e-023	4.63129963e-033	4.89914952e-048	9.59695465e-065	2.91028804e-083	3.90228890e-103	3.64870398e-123	3.01620565e-143	1.94218007e-163	3.64297652e-183	4.73544329e-203	5.42458221e-223	5.56156352e-243	5.07627192e-263	4.08717546e-283	1.00000000e-300	1.00000000e-300	1.00000000e-300	1.00000000e-300	1.00000000e-300	
5.1	1.40392788e-009	2.26412881e-006	9.87675921e-004	5.05364977e-002	5.54019960e-001	3.90545617e-001	3.90601859e-003	1.96555539e-006	6.58594107e-011	6.48826507e-017	9.10051612e-025	1.50260157e-036	1.09465816e-049	3.06952269e-064	3.13224503e-081	6.19940544e-100	3.54089870e-120	1.78788119e-140	3.94789054e-160	6.15290828e-180	8.31833804e-200	1.02371985e-219	1.11588042e-239	1.05840882e-259	5.90564010e-280	1.98175842e-300	1.00000000e-300	1.00000000e-300	1.00000000e-300	
5.2	1.68890301e-010	3.67944871e-007	2.13756227e-004	1.62325272e-002	3.45329937e-001	6.09717179e-001	2.84042344e-002	1.01954596e-004	4.33409090e-008	1.97523288e-012	1.69793616e-018	7.66633590e-028	2.99934375e-038	1.02580791e-049	2.59254939e-063	2.61940687e-078	8.07882820e-095	1.70978560e-113	6.55723430e-133	1.20884048e-152	1.88710306e-172	2.73902066e-192	3.45569783e-212	3.68859577e-232	1.96348119e-252	7.43236124e-273	7.16855829e-293	1.00000000e-300	1.00000000e-300	
5.3	1.76969759e-011	5.26444209e-008	4.11064812e-005	4.59333296e-003	1.77942634e-001	6.97278878e-001	1.18005378e-001	2.13194672e-003	6.66593692e-006	5.40733676e-009	1.01014392e-013	3.78956027e-021	2.04231940e-029	1.88080092e-038	2.44916275e-049	2.32324159e-061	1.23451837e-074	1.43811125e-089	6.76454089e-105	1.45021779e-124	2.55770334e-144	4.19467542e-164	5.69170862e-184	6.34902297e-204	3.27235489e-224	1.41770856e-244	1.59898555e-264	1.45521073e-284	1.00000000e-300	
5.4	1.57325734e-012	6.43360867e-009	6.80072852e-006	1.11145790e-003	7.48216527e-002	5.96817875e-001	3.05305611e-001	2.15850297e-002	3.49330121e-004	2.23585808e-006	4.67456715e-010	6.17498482e-016	1.72764963e-022	1.39309244e-029	2.78749804e-038	6.63555214e-048	1.46593569e-058	1.77101714e-070	1.55773848e-082	3.82802565e-102	7.52837013e-122	1.30712217e-141	1.72539160e-161	1.87607820e-181	9.72061245e-202	4.85812007e-222	6.41556187e-242	6.79333948e-262	5.82919125e-282	
5.5	1.09929817e-013	6.20835911e-010	8.93671946e-007	2.12723421e-004	2.40182398e-002	3.65368478e-001	4.90710431e-001	1.12162384e-001	7.30845037e-003	2.18064762e-004	3.33843237e-007	8.06655051e-012	5.60128651e-017	1.67950268e-022	2.00040229e-029	4.25035980e-037	1.42436140e-045	5.83925612e-055	2.15666474e-064	6.03600544e-084	1.32333716e-103	2.29335937e-123	2.74115434e-143	2.82017566e-163	1.53362100e-183	8.88026059e-204	1.37484488e-223	1.69537189e-243	1.68291830e-263	
5.6	5.51911524e-015	4.31995725e-011	8.50792646e-008	2.94061187e-005	5.41800735e-003	1.49491719e-001	4.72181615e-001	3.00823080e-001	6.52519146e-002	6.74813317e-003	5.60255861e-005	1.48187838e-008	1.43694526e-012	8.43517529e-017	2.92717341e-022	2.65738089e-028	9.07380917e-035	8.40825543e-042	3.99445730e-049	2.41873601e-068	5.97425285e-088	1.00863616e-107	1.08000274e-127	1.06593243e-147	6.31813428e-168	4.26066106e-188	7.74369978e-208	1.11308032e-227	1.27900573e-247	
5.7	1.75698581e-016	1.91112594e-012	5.16857856e-009	2.58729377e-006	7.61061081e-004	3.66112724e-002	2.49122891e-001	3.93221473e-001	2.44559839e-001	7.31086376e-002	2.60720502e-003	5.02370036e-006	4.31831837e-009	3.48585263e-012	2.43539556e-016	7.22121988e-021	1.99337187e-025	2.60502439e-030	6.28060026e-036	5.03372318e-051	1.91790018e-067	2.50441517e-085	5.50896654e-105	5.42648398e-125	3.60731502e-145	2.85773193e-165	6.10561250e-185	1.02396775e-204	1.36309121e-224	
5.8	3.19105004e-018	4.83090820e-014	1.79861712e-010	1.30025757e-007	5.99401602e-005	4.86652426e-003	6.64195398e-002	2.36043267e-001	3.72987590e-001	2.83404701e-001	3.58526017e-002	3.63753982e-004	1.93049670e-006	2.13542365e-008	2.99409862e-011	2.76485536e-014	3.44822265e-017	2.89397987e-020	1.71823051e-024	2.73383346e-036	3.47577936e-049	2.24413781e-063	4.60013227e-079	7.43538169e-096	5.57936470e-114	2.15058384e-133	5.40932122e-153	1.05952937e-172	1.63532855e-192	
5.9	3.61037702e-020	7.60886857e-016	3.90353648e-012	4.06043564e-009	2.88581384e-006	3.84615485e-004	9.91941279e-003	7.33049119e-002	2.66259599e-001	4.64905653e-001	1.77692443e-001	7.32419009e-003	1.79783297e-004	2.58557023e-005	6.32878964e-007	1.28117597e-008	3.76593980e-010	9.52466469e-012	7.86268846e-015	5.34962346e-024	4.49639340e-034	2.69011986e-045	8.51168711e-058	3.54241564e-071	1.17368362e-085	3.57705110e-101	2.87976005e-117	6.59451797e-137	1.18117821e-156	
6	2.99451024e-022	8.77376483e-018	6.19958334e-014	9.23607457e-011	9.96618580e-008	2.12737774e-005	9.85611833e-004	1.41665474e-002	1.08721970e-001	4.01344104e-001	4.04907735e-001	5.50993598e-002	4.96242191e-003	6.91053450e-003	2.02380805e-003	5.50531698e-004	2.17373237e-004	8.80143935e-005	6.14523807e-007	4.99900446e-014	7.41273434e-022	1.09395857e-030	1.28585852e-040	2.98890439e-051	8.35866044e-063	3.42090547e-075	4.87783356e-088	1.30737967e-107	2.72013747e-127	
6.1	3.96726838e-026	1.61170792e-021	1.56578765e-017	3.32214231e-014	5.36403785e-011	1.79340410e-008	1.42920250e-006	3.77389386e-005	5.69818748e-004	4.14506653e-003	9.85626123e-003	3.74972867e-003	1.02897183e-003	9.73570961e-003	2.27821192e-002	5.32122054e-002	1.78345355e-001	6.91259777e-001	2.52757161e-002	8.47934251e-008	7.45415812e-014	9.48847203e-021	1.33561043e-028	5.13292137e-037	3.25364493e-046	4.37269871e-056	2.50632060e-066	7.87160991e-086	1.90439104e-105	
6.2	9.69204660e-033	5.43837483e-028	7.24303794e-024	2.17440314e-020	5.18108732e-017	2.65833671e-014	3.50953357e-012	1.62155891e-010	4.53370656e-009	6.12181881e-008	3.12079545e-007	2.90464100e-007	2.09076453e-007	9.79068795e-006	1.29076740e-004	1.78558932e-003	3.50940302e-002	8.56490595e-001	1.06483783e-001	6.25681320e-006	1.33755777e-010	6.34170593e-016	4.32408533e-022	1.03515233e-028	5.22473772e-036	7.50190824e-044	5.31934737e-052	1.96018254e-071	5.52055241e-091	
6.3	1.28719675e-038	9.92791047e-034	1.80582311e-029	7.61689340e-026	2.64289394e-022	2.04243847e-019	4.32381592e-017	3.35277183e-015	1.64864203e-013	3.92718535e-012	3.96674890e-011	8.11124776e-011	1.35714528e-010	2.41892988e-008	1.34854925e-006	8.18128835e-005	7.00400787e-003	7.59686211e-001	2.33101507e-001	1.25055819e-004	3.20985733e-008	2.87517319e-012	4.56464451e-017	3.07529520e-022	5.35063070e-028	3.33004592e-034	1.14505411e-040	4.95737341e-060	1.62728907e-079	
6.4	8.33504861e-044	8.78866904e-039	2.17360682e-034	1.27883693e-030	6.38098096e-027	7.30068140e-024	2.40908952e-021	3.02458574e-019	2.50337856e-017	1.00736470e-015	1.88788520e-014	7.77498990e-014	2.74144790e-013	1.50294498e-010	2.80854172e-008	5.86784446e-006	1.72234234e-003	6.16935833e-001	3.80176550e-001	1.15729363e-003	2.08287817e-006	2.02092648e-009	4.08619310e-013	4.01434327e-017	1.22426400e-021	1.58944155e-026	1.25897453e-031	6.41319610e-051	2.45697498e-070	
6.5	2.03199197e-048	2.91201752e-043	9.74512224e-039	7.93815631e-035	5.62910005e-031	9.38708734e-028	4.71034354e-025	9.28455111e-023	1.24609991e-020	8.16261497e-019	2.68689800e-017	2.07640010e-016	1.42464349e-015	2.02231652e-012	1.05006557e-009	6.22120348e-007	5.16188555e-004	4.75095028e-001	5.17975417e-001	6.35844634e-003	5.39376552e-005	3.58801686e-007	5.60130331e-010	4.66066278e-013	1.43819826e-016	2.15074466e-020	2.17069194e-024	4.52459873e-042	5.31759888e-061	
6.6	1.46665651e-052	2.83951119e-047	1.27930056e-042	1.43230475e-038	1.42746877e-034	3.42044049e-031	2.55411197e-028	7.69591820e-026	1.62208853e-023	1.67528900e-021	9.25092891e-020	1.26597461e-018	1.58330037e-017	5.06386753e-014	6.27900271e-011	9.02017715e-008	1.81007397e-004	3.50180103e-001	6.24712629e-001	2.41791286e-002	7.24046428e-004	2.28112972e-005	1.83040352e-007	8.35361770e-010	1.67480901e-012	1.79221487e-015	1.43957614e-018	9.31261204e-033	4.87794189e-048	
6.7	2.50600295e-056	6.51336739e-051	3.93063618e-046	6.00593653e-042	8.32641201e-038	2.82989857e-034	3.08534711e-031	1.38871196e-028	4.47213674e-026	7.08459197e-024	6.31310976e-022	1.45851627e-020	3.15088885e-019	2.02859313e-015	5.31408124e-012	1.63123205e-008	6.97675970e-005	2.44432289e-001	6.79644186e-001	6.92460964e-002	5.92570233e-003	6.61709416e-004	1.98730018e-005	3.57008011e-007	3.27623625e-009	1.72785009e-011	7.59205923e-014	3.08671200e-025	1.35237685e-037	
6.8	8.15356621e-060	2.82777684e-054	2.27398234e-049	4.70959151e-045	8.99527540e-041	4.28561832e-037	6.70900636e-034	4.42084739e-031	2.12396104e-028	5.03876416e-026	7.01146757e-024	2.62808440e-022	9.37879984e-021	1.10931245e-016	5.55807670e-013	3.29040962e-009	2.70634412e-005	1.54739767e-001	6.50037011e-001	1.52302103e-001	3.18411720e-002	1.01063129e-002	8.95418010e-004	4.95310299e-005	1.58668365e-006	3.09701603e-008	5.52302519e-010	3.96875550e-019	3.85035792e-029	
6.9	3.83398577e-063	1.76335714e-057	1.88014435e-052	5.24396350e-048	1.36781772e-043	9.03798043e-040	2.00155866e-036	1.89714355e-033	1.33191523e-030	4.63319304e-028	9.78866351e-026	5.75740928e-024	3.26969198e-022	6.59320007e-018	5.82773403e-014	6.12303658e-010	8.90634523e-006	7.74224991e-002	4.81174334e-001	2.33768142e-001	1.06041233e-001	8.10441511e-002	1.77709199e-002	2.52607637e-003	2.29641030e-004	1.33354522e-005	7.60546658e-007	3.52530490e-014	2.63532808e-022	
7	1.64477066e-066	9.97119563e-061	1.40266382e-055	5.23652600e-051	1.84989693e-046	1.67891785e-042	5.19058700e-039	6.96751398e-036	7.01935145e-033	3.51400408e-030	1.09993247e-027	9.86968413e-026	8.64389742e-024	2.79613999e-019	4.08229353e-015	7.11305859e-011	1.70863196e-006	2.15125967e-002	1.94810203e-001	1.81026990e-001	1.62536116e-001	2.63932943e-001	1.25734163e-001	4.01218989e-002	8.83728538e-003	1.29166518e-003	1.94429884e-004	2.60741855e-010	6.49230757e-017	
7.1	4.41291379e-070	3.50528371e-064	6.47461133e-059	3.21673086e-054	1.52737797e-049	1.88728065e-045	8.04921165e-042	1.50912160e-038	2.14671614e-035	1.52093813e-032	6.90471314e-030	9.22571418e-028	1.21289817e-025	5.98605345e-021	1.36793519e-016	3.73977737e-012	1.40245740e-007	2.47199454e-003	3.22271195e-002	5.37205035e-002	8.88158596e-002	2.78439394e-001	2.61244426e-001	1.68808981e-001	7.97558092e-002	2.57752454e-002	8.74034789e-003	1.78950586e-007	7.62243382e-013	
7.2	7.70829634e-074	7.97422220e-068	1.92492451e-062	1.26577173e-057	8.02085100e-053	1.33837361e-048	7.78961518e-045	2.01470504e-041	3.98854353e-038	3.93891695e-035	2.54533100e-032	4.96000042e-030	9.56710353e-028	6.91269197e-023	2.36632049e-018	9.69907022e-014	5.42151103e-009	1.30511262e-004	2.42422396e-003	6.88390389e-003	1.97796821e-002	1.11093262e-001	1.90306387e-001	2.29786917e-001	2.11717955e-001	1.36639052e-001	9.12210012e-002	1.70979536e-005	7.33739901e-010	
7.3	1.00881563e-077	1.35093103e-071	4.24239080e-066	3.67350277e-061	3.08580733e-056	6.90306860e-052	5.42898974e-048	1.91541752e-044	5.20915878e-041	7.07199497e-038	6.39646910e-035	1.78530246e-032	4.95213570e-030	5.06223753e-025	2.50357334e-020	1.48200703e-015	1.18828380e-010	3.83435906e-006	1.00540810e-004	4.66197940e-004	2.22100150e-003	2.10547559e-002	6.20237946e-002	1.31245507e-001	2.18606507e-001	2.59763081e-001	3.04168181e-001	3.46500209e-004	9.83569651e-008	
7.4	1.37390365e-081	2.36725434e-075	9.62740903e-070	1.09247124e-064	1.20893859e-059	3.60124391e-055	3.79253370e-051	1.80666350e-047	6.66981424e-044	1.22877011e-040	1.53230074e-037	6.02855439e-035	2.36306668e-032	3.32150142e-027	2.30365441e-022	1.90944264e-017	2.12722691e-012	9.06872709e-008	3.32831975e-006	2.43348824e-005	1.84901795e-004	2.81820250e-003	1.36050647e-002	4.78991214e-002	1.35658835e-001	2.77954598e-001	5.19255235e-001	2.59280380e-003	3.48430870e-006	
7.5	2.52407877e-085	5.56043176e-079	2.91537335e-073	4.31539122e-068	6.25300641e-063	2.46483290e-058	3.44638794e-054	2.19582704e-050	1.08842309e-046	2.68868167e-043	4.55902329e-040	2.49310225e-037	1.35975724e-034	2.56565985e-029	2.43473392e-024	2.75412998e-019	4.15087696e-014	2.31059186e-009	1.17731365e-007	1.31799313e-006	1.54626732e-005	3.63895821e-004	2.76683197e-003	1.55236257e-002	7.10718119e-002	2.38002223e-001	6.61028353e-001	1.11718870e-002	5.44712155e-005	
7.6	6.67863835e-089	1.86905368e-082	1.25765442e-076	2.41766904e-071	4.56045516e-066	2.36492369e-061	4.35515564e-057	3.67853640e-053	2.42297733e-049	7.93389238e-046	1.80586926e-042	1.35536716e-039	1.01434910e-036	2.51759618e-031	3.20262448e-026	4.83857265e-021	9.64504325e-016	6.94308533e-011	4.87468658e-009	8.14886478e-008	1.43582320e-006	5.04133481e-005	5.83937324e-004	5.03531080e-003	3.57204035e-002	1.87020407e-001	7.36677469e-001	3.44178777e-002	4.92659913e-004	
7.7	2.48075706e-092	8.75992215e-086	7.52982642e-080	1.87174214e-074	4.57047669e-069	3.10117282e-064	7.46408436e-060	8.28764716e-056	7.18306566e-052	3.08404345e-048	9.31232062e-045	9.48341447e-042	9.61791675e-039	3.08588946e-033	5.17263317e-028	1.02497636e-022	2.65073937e-017	2.44777334e-012	2.35113154e-010	5.74454849e-009	1.48455987e-007	7.54864738e-006	1.29463304e-004	1.66335375e-003	1.76336269e-002	1.39067059e-001	7.55230264e-001	8.33108534e-002	2.95767723e-003	
7.8	1.23093200e-095	5.44568227e-089	5.95098463e-083	1.90469897e-077	5.98675671e-072	5.28793407e-067	1.65094388e-062	2.39040270e-058	2.70076734e-054	1.50437394e-050	5.95769499e-047	8.14662592e-044	1.10687334e-040	4.52211399e-035	9.84358987e-030	2.51874889e-024	8.31175216e-019	9.77728446e-014	1.27616627e-011	4.47292833e-010	1.66060743e-008	1.19131245e-006	2.95132920e-005	5.49934266e-004	8.44333826e-003	9.71440284e-002	7.16162215e-001	1.64973355e-001	1.26964073e-002	
7.9	7.75343482e-099	4.26577620e-092	5.89635161e-086	2.41963771e-080	9.73476934e-075	1.11378345e-069	4.47710124e-065	8.38622343e-061	1.22382410e-056	8.75274546e-053	4.49738256e-049	8.17939587e-046	1.47301076e-042	7.56110075e-037	2.11066645e-031	6.88016177e-026	2.85518643e-020	4.25214776e-015	7.49472320e-013	3.70667248e-011	1.94113403e-009	1.91934613e-007	6.72007194e-006	1.77318228e-004	3.83557965e-003	6.25999073e-002	6.21274147e-001	2.71435380e-001	4.06707546e-002	
8	5.95104924e-102	4.03998727e-095	7.02573882e-089	3.68058267e-083	1.88431484e-077	2.77906588e-072	1.42765774e-067	3.43278498e-063	6.41203408e-059	5.82860322e-055	3.84544642e-051	9.21749465e-048	2.17854411e-044	1.38842395e-038	4.91650433e-033	2.01772068e-027	1.03951088e-021	1.94919275e-016	4.61219802e-014	3.17199402e-012	2.30471769e-010	3.07515047e-008	1.49201872e-006	5.45672534e-005	1.62235297e-003	3.66369813e-002	4.87288949e-001	3.74234353e-001	1.00161274e-001	
