4	9.96906069e-001	3.09393106e-003	6.58128485e-018	6.15706320e-037	6.14048389e-056	3.01181278e-075	1.38315168e-094	3.91561453e-114	7.52366177e-134	
4.1	9.06210124e-001	9.37898760e-002	1.15251428e-012	1.10225161e-031	1.27770623e-050	5.26303178e-070	2.83004344e-089	9.29315154e-109	2.06170861e-128	
4.2	3.66365277e-001	6.33634715e-001	8.02652307e-009	8.32680607e-024	1.12228669e-042	3.47510973e-062	2.19056337e-081	8.35041120e-101	2.14036274e-120	
4.3	6.46918313e-002	9.35305137e-001	3.03164941e-006	1.50233261e-017	6.24857154e-035	1.45718886e-054	1.07828094e-073	4.77538059e-093	1.41509530e-112	
4.4	1.88861883e-002	9.80877424e-001	2.36388086e-004	1.01271326e-012	5.55978177e-026	1.04676390e-045	9.10387805e-065	4.68764639e-084	1.60706448e-103	
4.5	9.88822820e-003	9.84844122e-001	5.26764538e-003	4.56495193e-009	4.32135044e-019	3.08241553e-036	3.15498007e-055	1.89034157e-074	7.50314188e-094	
4.6	6.16408454e-003	9.49306547e-001	4.45271530e-002	2.21584280e-006	6.15580604e-014	2.54382268e-027	2.78905181e-043	1.94616692e-062	8.95036294e-082	
4.7	3.48244291e-003	7.99910705e-001	1.96396484e-001	2.10367751e-004	4.30777370e-010	1.88407474e-020	1.06905846e-032	8.69577407e-052	4.63749884e-071	
4.8	1.46158380e-003	5.05974747e-001	4.86873656e-001	5.68967824e-003	3.34928840e-007	4.00245881e-015	2.14028317e-024	2.03140012e-043	1.25736576e-062	
4.9	4.31054004e-004	2.29197188e-001	7.13489552e-001	5.68319642e-002	5.02419326e-005	5.55029719e-011	7.22774393e-018	8.01222043e-037	5.76170029e-056	
5	9.17808069e-005	7.62424722e-002	6.65599806e-001	2.55961869e-001	2.10398238e-003	9.00948680e-008	9.74763803e-013	1.26344934e-031	1.05657246e-050	
5.1	1.36712058e-005	1.79492201e-002	3.92489496e-001	5.59971704e-001	2.95514225e-002	2.44771372e-005	9.36090399e-009	1.42036325e-027	1.38288701e-046	
5.2	1.49029242e-006	3.10947239e-003	1.55343156e-001	6.70444893e-001	1.69526257e-001	1.56401445e-003	1.07162020e-005	1.90584798e-024	2.16298346e-043	
5.3	1.20886755e-007	4.00761238e-004	4.23765145e-002	4.72093579e-001	4.52837807e-001	3.01359121e-002	2.15530509e-003	3.38898398e-021	4.48943405e-040	
5.4	6.40169411e-009	3.35595777e-005	7.04283875e-003	1.79011826e-001	5.39881609e-001	1.84451468e-001	8.95786925e-002	1.28268493e-015	1.02099965e-032	
5.5	1.27926008e-010	1.05182359e-006	4.14752139e-004	2.18410559e-002	1.78012126e-001	2.39291632e-001	5.60439383e-001	1.18640422e-011	4.86667064e-025	
5.6	1.33174465e-012	1.69934571e-008	1.20123790e-005	1.21472662e-003	2.36662416e-002	1.01580727e-001	8.73526269e-001	6.45114091e-009	2.48544988e-019	
5.7	1.77193011e-014	3.46791087e-010	4.22007627e-007	7.71189269e-005	3.25013367e-003	3.77633300e-002	9.58908211e-001	7.84512136e-007	7.34409367e-015	
5.8	3.59818838e-016	1.06659602e-011	2.15690714e-008	6.78197958e-006	5.69806165e-004	1.56951980e-002	9.83692437e-001	3.57551629e-005	2.77850239e-011	
5.9	1.10378776e-017	4.89323748e-013	1.59425312e-009	8.28372922e-007	1.29717083e-004	7.59923700e-003	9.91503825e-001	7.66369666e-004	2.10645872e-008	
6	5.12300623e-019	3.35431359e-014	1.71337510e-010	1.42237672e-007	3.92556389e-005	4.46690106e-003	9.86719897e-001	8.76947462e-003	4.32943042e-006	
6.1	3.50783144e-020	3.35146064e-015	2.61969322e-011	3.37652325e-008	1.56740259e-005	3.20924361e-003	9.39974102e-001	5.65084888e-002	2.92458147e-004	
6.2	2.98574621e-021	4.11507384e-016	4.81740706e-012	9.40698047e-009	7.06087503e-006	2.44017951e-003	7.85305082e-001	2.04997098e-001	7.25057011e-003	
6.3	2.44067798e-022	4.80007512e-017	8.25495816e-013	2.39076361e-009	2.80566248e-006	1.55362975e-003	5.11445082e-001	4.15513283e-001	7.14851974e-002	
6.4	1.54808803e-023	4.30028602e-018	1.06750893e-013	4.49990628e-010	8.02063474e-007	6.82753909e-004	2.32121229e-001	4.68237019e-001	2.98958196e-001	
6.5	7.27590188e-025	2.82739116e-019	9.97118238e-015	6.01713689e-011	1.58854270e-007	2.01321922e-004	7.36514697e-002	3.18197552e-001	6.07949498e-001	
6.6	3.05854963e-026	1.64776574e-020	8.13597277e-016	6.92559183e-012	2.64920475e-008	4.87672653e-005	2.01053451e-002	1.68482970e-001	8.11362891e-001	
6.7	1.37041677e-027	1.01490377e-021	6.92139548e-017	8.20129547e-013	4.45802761e-009	1.16951701e-005	5.66257669e-003	8.58288222e-002	9.08496901e-001	
6.8	6.97622148e-029	7.04550542e-023	6.55209764e-018	1.06778593e-013	8.10616359e-010	2.98534926e-006	1.75577958e-003	4.56823111e-002	9.52558923e-001	
6.9	4.06460063e-030	5.55514498e-024	6.96011700e-019	1.54314504e-014	1.61090495e-010	8.22694579e-007	6.03450302e-004	2.58730516e-002	9.73522675e-001	
7	2.68717671e-031	4.93357068e-025	8.23124896e-020	2.45851037e-015	3.48028200e-011	2.43942348e-007	2.27618079e-004	1.55550010e-002	9.84217137e-001	
7.1	1.99158268e-032	4.87690067e-026	1.07120832e-020	4.27148195e-016	8.09669579e-012	7.72005895e-008	9.29791661e-005	9.84869940e-003	9.90058244e-001	
7.2	1.63571542e-033	5.30476580e-027	1.51671529e-021	8.00873215e-017	2.00967962e-012	2.58626667e-008	4.06238372e-005	6.51205170e-003	9.93447299e-001	
7.3	1.47424774e-034	6.28754462e-028	2.31371606e-022	1.60583035e-017	5.27998016e-013	9.10564291e-009	1.87843571e-005	4.46256765e-003	9.95518639e-001	
7.4	1.44524549e-035	8.04849740e-029	3.76839549e-023	3.41460175e-018	1.45742696e-013	3.34697751e-009	9.10880906e-006	3.14878277e-003	9.96842105e-001	
7.5	1.52971677e-036	1.10426376e-029	6.50280894e-024	7.64684138e-019	4.20170475e-014	1.27751261e-009	4.59839724e-006	2.27565625e-003	9.97719744e-001	
7.6	1.73643900e-037	1.61264920e-030	1.18042698e-024	1.79165198e-019	1.25806979e-014	5.03872336e-010	2.40108030e-006	1.67667867e-003	9.98320920e-001	
7.7	2.10207731e-038	2.49197560e-031	2.24029442e-025	4.36795034e-020	3.89415225e-015	2.04494700e-010	1.29010001e-006	1.25497173e-003	9.98743738e-001	
7.8	2.69812851e-039	4.04944426e-032	4.41750947e-026	1.10184793e-020	1.24030901e-015	8.50552539e-011	7.09973066e-007	9.51282454e-004	9.99048007e-001	
7.9	3.65546735e-040	6.88623695e-033	9.00683839e-027	2.86364199e-021	4.05071719e-016	3.61454148e-011	3.98701238e-007	7.28411882e-004	9.99271189e-001	
8	5.20369434e-041	1.21943077e-033	1.88954561e-027	7.63518863e-022	1.35184936e-016	1.56468665e-011	2.27732760e-007	5.62265267e-004	9.99437507e-001	
