4	6.06788246e-001	3.93210765e-001	9.88511484e-007	1.99135255e-018	2.47032360e-037	2.11066609e-056	1.15085392e-075	3.86841654e-095	9.37797950e-115	1.65717963e-134	2.26514438e-154	2.17384297e-174	1.48893354e-194	1.14357415e-214	6.75511932e-235	3.18998834e-255	
4.1	9.38778486e-002	9.05844110e-001	2.78041772e-004	8.89970076e-013	7.23736298e-031	7.28170859e-050	4.69545305e-069	1.85203055e-088	5.27073410e-108	1.09487622e-127	1.75937429e-147	1.99888011e-167	1.66075117e-187	1.48043427e-207	1.01019057e-227	5.48897286e-248	
4.2	1.22930225e-002	9.79071267e-001	8.63570404e-003	6.43833218e-009	8.34679849e-023	1.49611772e-041	1.14094236e-060	5.28042932e-080	1.76420077e-099	4.30797218e-119	8.13838399e-139	1.09438365e-158	1.10207614e-178	1.14171654e-198	9.00762554e-219	5.63540136e-239	
4.3	2.89548969e-003	9.27134066e-001	6.99682127e-002	2.23142921e-006	4.38402076e-017	1.84618119e-031	1.66502633e-050	9.04217622e-070	3.54650777e-089	1.01799982e-108	2.26091552e-128	3.58943849e-148	4.35458211e-168	5.24888758e-188	4.79219171e-208	3.45408080e-228	
4.4	1.23985477e-003	7.36822207e-001	2.61803119e-001	1.34818940e-004	7.33550014e-013	9.67399322e-024	1.03182657e-042	6.57549435e-062	3.02767030e-081	1.02161908e-100	2.66741273e-120	4.92306067e-140	7.01640515e-160	9.85214927e-180	1.04178379e-199	8.65628406e-220	
4.5	5.89010793e-004	4.44136105e-001	5.52635492e-001	2.63939106e-003	1.23298476e-009	1.02677632e-017	1.29517555e-036	9.68500376e-056	5.23457127e-075	2.07597512e-094	6.37075775e-114	1.29402782e-133	2.03393137e-153	3.33092819e-173	4.08272031e-193	3.91327548e-213	
4.6	2.40386722e-004	2.12387444e-001	7.64329477e-001	2.30423014e-002	3.90706098e-007	5.75415360e-013	8.58380487e-032	7.52899296e-051	4.76790131e-070	2.21649450e-089	7.96583826e-109	1.59326325e-128	2.51295424e-148	4.80552701e-168	6.83321533e-188	7.55978640e-208	
4.7	8.45306421e-005	8.84280011e-002	7.98219582e-001	1.13231974e-001	3.59086285e-005	3.40078208e-009	5.99965083e-028	6.14856918e-047	4.49752701e-066	2.39638055e-085	9.81680615e-105	1.71577491e-124	2.51193164e-144	5.61576491e-164	9.27152866e-184	1.18472363e-203	
4.8	2.45201232e-005	3.12556790e-002	6.32764302e-001	3.34772415e-001	1.17986942e-003	3.21386378e-006	1.95335544e-021	2.28185066e-040	1.80998704e-059	9.99495852e-079	4.18619472e-098	6.06317038e-118	8.03547860e-138	2.10275778e-157	4.03422248e-177	5.95791364e-197	
4.9	5.55762749e-006	8.90102601e-003	3.69733349e-001	6.04923203e-001	1.57848109e-002	6.52052866e-004	2.17576023e-015	4.02460900e-030	3.07299640e-048	1.41008416e-067	4.87193503e-087	5.97600126e-107	7.30928860e-127	2.24163173e-146	5.00174428e-166	8.54312652e-186	
5	9.67044669e-007	2.01173057e-003	1.60431405e-001	6.98129997e-001	1.01295181e-001	3.81307190e-002	1.24747081e-010	6.21963797e-022	4.53880175e-036	6.95412107e-054	1.66529875e-073	1.83795638e-093	2.15666891e-113	7.76115196e-133	2.01583127e-152	3.98495882e-172	
5.1	6.69868898e-008	1.88663993e-004	2.79134445e-002	2.88928259e-001	2.08219000e-001	4.74750188e-001	3.77944898e-007	8.69033757e-016	8.35371639e-027	6.75311159e-041	1.86667443e-057	9.08654474e-077	1.06674627e-096	4.51074579e-116	1.36498995e-135	3.12533474e-155	
5.2	9.30133125e-010	3.73664398e-006	1.03799021e-003	2.43013319e-002	9.11227933e-002	8.83480847e-001	5.33001015e-005	1.50696456e-011	4.33651921e-020	3.23792071e-031	2.34664799e-044	1.22461811e-059	1.53090359e-077	7.97897810e-097	2.81574553e-116	7.47318204e-136	
5.3	9.64751787e-012	5.83970651e-008	3.20717092e-005	1.76329548e-003	3.46094995e-002	9.61958718e-001	1.63633580e-003	2.14941922e-008	6.02548319e-015	1.09108495e-023	4.41840159e-034	3.99939971e-046	2.78144510e-060	1.90973649e-075	7.86709161e-095	2.42243245e-114	
5.4	1.38495719e-013	1.31771219e-009	1.50483074e-006	2.12455015e-004	1.91729851e-002	9.59541270e-001	2.10656107e-002	6.17338912e-006	7.07670075e-011	1.09233416e-017	7.34662332e-026	2.67430992e-035	1.88491303e-046	2.56181262e-058	1.23318216e-077	4.40941881e-097	
5.5	2.75541983e-015	4.20322890e-011	1.00883143e-007	3.82262469e-005	1.31025996e-002	8.49061921e-001	1.37288728e-001	5.08303310e-004	1.20616619e-007	6.94685275e-013	2.97139870e-019	1.34287868e-026	2.49045786e-035	1.48614901e-044	8.36889858e-064	3.47834521e-083	
5.6	5.67675440e-017	1.38553703e-012	6.77486414e-009	6.63982262e-006	7.15367712e-003	5.42838164e-001	4.36946727e-001	1.30175137e-002	3.72677483e-005	4.14862379e-009	5.26272692e-014	1.15256809e-019	1.93283956e-026	1.53058885e-033	1.00949007e-052	4.88218830e-072	
5.7	1.00498011e-018	3.85984620e-014	3.64172058e-010	8.48623134e-007	2.43474822e-003	2.20160827e-001	6.64266131e-001	1.10656435e-001	2.47786655e-003	3.14234067e-006	6.43733118e-010	3.23976900e-014	2.10648711e-019	8.55262170e-025	6.61506822e-044	3.72721896e-063	
5.8	1.51800854e-020	8.95506122e-016	1.53386283e-011	7.72027489e-008	5.13210251e-004	5.80446609e-002	5.29161617e-001	3.66736328e-001	4.51189098e-002	4.24332113e-004	8.64029325e-007	5.55762403e-010	7.15034311e-014	6.99036423e-018	6.34910466e-037	4.17292452e-056	
5.9	1.81697704e-022	1.60360521e-017	4.70321151e-013	4.67027650e-009	6.41350543e-005	9.50677106e-003	2.21178680e-001	5.02588487e-001	2.54017130e-001	1.24726882e-002	1.71214005e-004	8.88939371e-007	1.32210324e-009	1.70631135e-012	1.31687122e-030	1.01103356e-049	
6	1.72340081e-024	2.21804561e-019	1.05717574e-014	1.91319108e-010	4.93915454e-006	9.94648145e-004	5.16729405e-002	3.18662589e-001	5.21250017e-001	1.00405963e-001	6.80765939e-003	1.99008413e-004	2.21213833e-006	2.33675012e-008	1.12440055e-022	9.26607862e-039	
6.1	1.42200940e-026	2.60703639e-021	1.93036177e-016	5.95368520e-012	2.67452056e-007	7.49807384e-005	7.83173176e-003	1.13141838e-001	4.94261327e-001	2.97004474e-001	7.74888076e-002	9.60834168e-003	5.55407263e-004	3.28243293e-005	1.72800161e-016	2.82861791e-029	
6.2	8.97232630e-029	2.29508678e-023	2.54152328e-018	1.26328505e-013	9.26876134e-009	3.67144198e-006	7.10314591e-004	2.14534598e-002	2.15298020e-001	3.37137528e-001	2.76950120e-001	1.16415089e-001	2.57445840e-002	6.28720417e-003	9.08928075e-012	6.55049599e-022	
6.3	2.77873777e-031	9.74072893e-026	1.56266239e-020	1.19520595e-015	1.35951057e-010	7.66429532e-008	2.57671635e-005	1.49058116e-003	3.06076715e-002	1.08684819e-001	2.39183721e-001	2.85169865e-001	1.86828655e-001	1.48008824e-001	1.95971083e-008	1.87885631e-016	
6.4	3.93637081e-034	1.86165868e-028	4.21407172e-023	4.77491989e-018	8.06629201e-013	6.48509933e-010	3.60414053e-007	3.72946698e-005	1.43461511e-003	1.03832843e-002	5.37339489e-002	1.57533500e-001	2.49752675e-001	5.27121652e-001	2.66981498e-006	1.31600866e-012	
6.5	5.62732513e-037	3.54283605e-031	1.10704340e-025	1.80121126e-020	4.36084184e-015	4.99200234e-012	4.40724434e-009	7.72912254e-007	5.20697044e-005	7.07512567e-004	7.74597386e-003	4.97585030e-002	1.64147100e-001	7.77513011e-001	7.50514138e-005	8.93730538e-010	
6.6	1.29437559e-039	1.07227726e-033	4.54210455e-028	1.03448660e-022	3.48440917e-017	5.65697279e-014	7.68141316e-011	2.18586489e-008	2.44730405e-006	5.85533318e-005	1.24437632e-003	1.59469987e-002	9.82418335e-002	8.83578917e-001	9.26705478e-004	1.46302838e-007	
6.7	5.10787752e-042	5.51142830e-036	3.11762033e-030	9.73405199e-025	4.44848264e-019	1.01867108e-015	2.07064866e-012	9.22311661e-010	1.64616226e-007	6.59166839e-006	2.53290298e-004	5.99496448e-003	6.38820633e-002	9.23209403e-001	6.64488812e-003	8.63310595e-006	
6.8	3.21490271e-044	4.47716519e-038	3.33991004e-032	1.40527640e-026	8.52982800e-021	2.73764929e-017	8.13917075e-014	5.50541339e-011	1.51415502e-008	9.73963457e-007	6.38084962e-005	2.61634746e-003	4.56316507e-002	9.20261915e-001	3.11969606e-002	2.28328885e-004	
6.9	2.83185740e-046	5.04825232e-040	4.91420457e-034	2.74755764e-028	2.17458377e-022	9.71623574e-019	4.13943145e-015	4.14208688e-012	1.70614132e-009	1.70436153e-007	1.81191775e-005	1.21968103e-003	3.34012232e-002	8.60593951e-001	1.01665695e-001	3.10115899e-003	
7	3.01905457e-048	6.83520226e-042	8.60494698e-036	6.31993772e-030	6.41717973e-024	3.96402260e-020	2.37576109e-016	3.43649313e-013	2.06865795e-010	3.11909559e-008	5.15954709e-006	5.44698968e-004	2.26485457e-002	7.18610703e-001	2.34713762e-001	2.34770990e-002	
7.1	3.41769683e-050	9.75382061e-044	1.57574996e-037	1.50585799e-031	1.93321829e-025	1.63983929e-021	1.35908542e-017	2.78325411e-014	2.39596707e-011	5.32118914e-009	1.32071815e-006	2.10203088e-004	1.28902277e-002	5.01723423e-001	3.81735225e-001	1.03439595e-001	
7.2	3.77835611e-052	1.34915921e-045	2.77747314e-039	3.42616493e-033	5.48720739e-027	6.34912040e-023	7.16062921e-019	2.03708231e-015	2.45920996e-012	7.87443598e-010	2.84078154e-007	6.58575088e-005	5.80096361e-003	2.80092262e-001	4.37947410e-001	2.76093222e-001	
7.3	4.11083446e-054	1.82257084e-047	4.75160780e-041	7.51568759e-035	1.48286138e-028	2.32575686e-024	3.51525308e-020	1.36465623e-016	2.26896096e-013	1.02769194e-010	5.23863555e-008	1.71574801e-005	2.11958453e-003	1.28966367e-001	3.77961319e-001	4.90935519e-001	
7.4	4.76403058e-056	2.60209617e-049	8.54046918e-043	1.72220328e-036	4.13631103e-030	8.74195143e-026	1.74473701e-021	9.08902939e-018	2.04633371e-014	1.28854397e-011	9.04680452e-009	4.07306160e-006	6.91255378e-004	5.38062205e-002	2.75811154e-001	6.69687288e-001	
7.5	6.33196092e-058	4.22547133e-051	1.73590307e-044	4.44023183e-038	1.28321331e-031	3.63427749e-027	9.44150529e-023	6.49431208e-019	1.94823710e-015	1.67857466e-012	1.58583939e-009	9.57501745e-007	2.19445370e-004	2.21308132e-002	1.88069231e-001	7.89579551e-001	
7.6	1.00121926e-059	8.09135873e-053	4.13732762e-046	1.33654660e-039	4.59573482e-033	1.73541595e-028	5.78726751e-024	5.17513344e-020	2.03678749e-016	2.36532866e-013	2.94310754e-010	2.33004812e-007	7.11460590e-005	9.38372839e-003	1.26687176e-001	8.63857716e-001	
7.7	1.90447357e-061	1.84656971e-054	1.16822371e-047	4.74604354e-041	1.92032882e-034	9.62261274e-030	4.06307321e-025	4.65282339e-021	2.36651610e-017	3.65223868e-014	5.86662451e-011	5.96565728e-008	2.40103617e-005	4.16888429e-003	8.63685799e-002	9.09438466e-001	
7.8	4.34655396e-063	5.00716948e-056	3.89558927e-049	1.98256351e-042	9.33807761e-036	6.18350122e-031	3.26223742e-026	4.71408985e-022	3.05332152e-018	6.17694384e-015	1.25729829e-011	1.61134130e-008	8.47560605e-006	1.94517982e-003	6.00799065e-002	9.37966422e-001	
7.9	1.18260921e-064	1.60210209e-057	1.52291760e-050	9.67126221e-044	5.24766799e-037	4.57442028e-032	2.97665011e-027	5.35117461e-023	4.35108945e-019	1.13852336e-015	2.88582311e-012	4.58072242e-009	3.12603742e-006	9.50283699e-004	4.26982226e-002	9.56348363e-001	
8	3.80273810e-066	5.99493878e-059	6.91508154e-052	5.45880095e-045	3.37776547e-038	3.86277969e-033	3.06168499e-028	6.75303535e-024	6.79785230e-020	2.27099582e-016	7.05242843e-013	1.36453866e-009	1.20011809e-006	4.83505004e-004	3.09555396e-002	9.68559754e-001	
