4	6.94235159e-001	3.05764833e-001	8.21617174e-009	3.12747227e-023	5.48333031e-042	4.56373725e-061	2.49330051e-080	9.23444633e-100	2.30861158e-119	4.19747560e-139	5.67226433e-159	6.16516964e-179	4.40369260e-199	2.20184630e-219	1.42819375e-239	7.22806694e-260	2.96305114e-280	
4.1	1.31469792e-001	8.68522938e-001	7.27013018e-006	1.12320013e-016	1.07053964e-032	1.02946403e-051	6.58856978e-071	2.88883666e-090	8.47737965e-110	1.81551798e-129	2.89288693e-149	3.70398572e-169	3.14804158e-189	1.89469851e-209	1.42533552e-229	8.32945024e-250	3.92768908e-270	
4.2	1.71765523e-002	9.82096645e-001	7.26803011e-004	8.65953862e-012	7.51014545e-024	7.50264281e-043	5.63050117e-062	2.92265828e-081	1.00673703e-100	2.53950769e-120	4.76786453e-140	7.16939767e-160	7.24891830e-180	5.24447859e-200	4.58113084e-220	3.09410431e-240	1.67920564e-260	
4.3	3.71461410e-003	9.74520768e-001	2.17645660e-002	5.19358467e-008	4.33801212e-017	2.18828904e-033	1.92766829e-052	1.18458077e-071	4.78966832e-091	1.42312465e-110	3.13615551e-130	5.47857507e-150	6.57810539e-170	5.67616308e-190	5.76394800e-210	4.50308438e-230	2.81460365e-250	
4.4	1.42318051e-003	7.90469007e-001	2.08078270e-001	2.95427623e-005	3.62047401e-012	6.72794454e-025	7.85394608e-041	5.71362293e-060	2.71173371e-079	9.49054601e-099	2.42520277e-118	4.80247683e-138	6.77808537e-158	6.79044398e-178	8.02586544e-198	7.25928495e-218	5.22890222e-238	
4.5	5.53469911e-004	4.12156025e-001	5.85698954e-001	1.59154238e-003	8.70466676e-009	9.57939321e-019	6.27915053e-031	5.40793259e-050	3.01277582e-069	1.24192086e-088	3.58895174e-108	7.76963921e-128	1.24533406e-147	1.36864937e-167	1.88506214e-187	1.97556267e-207	1.64083278e-227	
4.6	1.94149471e-004	1.75601044e-001	8.05929913e-001	1.82728089e-002	2.08517579e-006	3.69907918e-014	2.43346793e-023	2.48118105e-042	1.62242925e-061	7.87434113e-081	2.48762909e-100	5.69043163e-120	9.65068793e-140	1.08122477e-159	1.73738173e-179	2.11154804e-199	2.02352471e-219	
4.7	6.58975772e-005	7.40183534e-002	8.29459175e-001	9.63243472e-002	1.32227058e-004	1.41700759e-010	2.38134800e-017	2.87404565e-036	2.20300908e-055	1.25327630e-074	4.20407333e-094	9.98710852e-114	1.64559376e-133	1.78063729e-153	3.34216241e-173	4.71450877e-193	5.21626091e-213	
4.8	1.96490610e-005	2.86419125e-002	6.71933492e-001	2.96205384e-001	3.19946656e-003	9.64290160e-008	1.39521815e-012	1.98955916e-031	1.76975552e-050	1.14934116e-069	4.03645840e-089	9.95059385e-109	1.50915202e-128	1.55478496e-148	3.41275947e-168	5.59212078e-188	7.14803316e-208	
4.9	4.61754461e-006	9.09577314e-003	4.06078292e-001	5.51324964e-001	3.34808061e-002	1.55392575e-005	8.15354498e-009	1.58301507e-024	1.56162087e-043	1.06102790e-062	3.86305942e-082	9.85298397e-102	1.36755829e-121	1.36278853e-141	3.50250207e-161	6.67244927e-181	9.85983962e-201	
5	8.27877914e-007	2.27540325e-003	1.81158880e-001	6.47088177e-001	1.68713106e-001	7.56367432e-004	7.23867764e-006	8.03434675e-018	1.18880100e-032	1.80648505e-050	6.51361164e-070	1.66874482e-089	2.16807392e-109	2.14852237e-129	6.47359778e-149	1.43500572e-168	2.45308509e-188	
5.1	1.08381433e-007	4.26683236e-004	5.81771822e-002	4.86565692e-001	4.39411181e-001	1.40027851e-002	1.41636781e-003	1.41418766e-012	5.00827721e-024	5.68626832e-038	4.61066905e-055	1.12061760e-074	1.39921537e-094	1.41994659e-114	5.02227069e-134	1.29660523e-153	2.56601074e-173	
5.2	8.61963144e-009	4.99730940e-005	1.15840566e-002	2.12894725e-001	5.71497666e-001	1.20496161e-001	8.34773929e-002	1.65215119e-008	2.57002495e-017	3.30767154e-028	1.13191407e-041	2.92267198e-057	2.39505030e-075	2.56075688e-095	1.06463097e-114	3.20401762e-134	7.34647380e-154	
5.3	1.17946198e-010	1.04439522e-006	4.27414104e-004	1.75337854e-002	1.32837667e-001	1.96659045e-001	6.52533049e-001	7.99609538e-006	1.53756074e-012	5.39666609e-021	1.31102097e-031	6.95485827e-044	3.32847473e-058	7.58335852e-075	1.28090251e-092	4.49802477e-112	1.19586972e-131	
5.4	3.36254440e-013	4.75275097e-009	3.67899622e-006	3.65104753e-004	8.39229756e-003	8.08752310e-002	9.10070073e-001	2.93607448e-004	2.69608388e-009	8.65611804e-016	3.90597364e-024	9.22365247e-034	4.59154778e-045	3.15815999e-058	3.30172928e-072	1.35422225e-091	4.17840868e-111	
5.5	1.03670974e-015	2.43291516e-011	3.76653198e-008	9.61740999e-006	7.34937978e-004	3.72950868e-002	9.57633614e-001	4.32579074e-003	9.15721611e-007	1.14860616e-011	3.47148501e-018	1.10901669e-025	1.46866955e-034	6.30738035e-045	7.16234165e-056	3.43484637e-075	1.23112773e-094	
5.6	5.44893619e-018	2.16799064e-013	6.78263823e-010	4.39785186e-007	1.10311652e-004	2.32247104e-002	9.39765766e-001	3.67969913e-002	1.01754705e-004	2.55271356e-008	2.34047391e-013	3.96066122e-019	4.75403188e-026	3.66010019e-034	1.13279408e-042	6.35936721e-062	2.65050940e-081	
5.7	4.57998833e-020	3.08368796e-015	1.89168482e-011	2.90691801e-008	2.16425811e-005	1.52422946e-002	7.94922981e-001	1.85524686e-001	4.27575079e-003	1.26137901e-005	1.87748610e-009	7.93764409e-014	3.68226450e-019	1.89022387e-025	5.31470982e-032	3.49697975e-051	1.69673933e-070	
5.8	4.40160050e-022	4.91940628e-017	5.62316749e-013	1.87344231e-009	3.64106357e-006	7.15350489e-003	4.56927766e-001	4.71357064e-001	6.31236552e-002	1.43226614e-003	2.10015269e-006	1.19724190e-009	1.08864291e-013	1.69940257e-018	1.81287065e-023	1.39990012e-042	7.91709148e-062	
5.9	3.58078662e-024	6.45504706e-019	1.29946830e-014	8.59535602e-011	3.85345684e-007	1.81830520e-003	1.44296672e-001	5.16485241e-001	2.99866164e-001	3.71722131e-002	3.59365108e-004	1.65343347e-006	1.70784663e-009	4.33648735e-013	8.76765910e-017	7.95685552e-036	5.25204985e-055	
6	2.17393193e-026	6.12206228e-021	2.05665582e-016	2.49657462e-012	2.31710026e-008	2.32321949e-004	2.36267634e-002	2.41207290e-001	4.77999954e-001	2.45330377e-001	1.13247734e-002	2.76406088e-004	2.08553098e-006	5.20287781e-009	1.14795551e-011	3.22968255e-028	1.27754601e-046	
6.1	1.04666922e-028	4.46376500e-023	2.38534859e-018	4.96789148e-014	8.71262786e-010	1.67960381e-005	2.25461050e-003	5.61048023e-002	3.12487075e-001	5.30080303e-001	9.03009357e-002	8.42516497e-003	3.24969166e-004	5.26120027e-006	8.16615066e-008	6.63771024e-021	1.43449359e-035	
6.2	4.74823631e-031	2.98011921e-025	2.43070702e-020	8.20862108e-016	2.52193935e-011	8.61483610e-007	1.56177843e-004	8.36645305e-003	1.12096467e-001	5.23839477e-001	2.68523899e-001	7.50115823e-002	1.11174677e-002	8.24171077e-004	6.34431395e-005	3.06242724e-015	6.50921885e-027	
6.3	1.92657875e-033	1.73534652e-027	2.08617075e-022	1.08996752e-017	5.51241138e-013	3.12103719e-008	7.76164330e-006	8.12327515e-004	2.31632225e-002	2.57695663e-001	3.38526812e-001	2.36851793e-001	1.07749353e-001	2.73031849e-002	7.88985069e-003	6.43675329e-011	3.44650987e-020	
6.4	4.76859712e-036	6.03177038e-030	1.03796976e-024	8.07227847e-020	6.38493285e-015	5.67245987e-010	1.95368070e-007	3.70379129e-005	2.04241480e-003	4.81631874e-002	1.42942568e-001	2.19753076e-001	2.57645194e-001	1.76379153e-001	1.53037096e-001	7.77472802e-008	3.55444129e-015	
6.5	6.10091535e-039	1.06370438e-032	2.55732592e-027	2.86780190e-022	3.40203414e-017	4.53359669e-012	2.17295597e-009	7.03253753e-007	6.96084291e-005	3.17274549e-003	1.92610411e-002	5.90002432e-002	1.55767489e-001	2.40895508e-001	5.21825200e-001	7.45919055e-006	1.23279007e-011	
6.6	7.98909512e-042	1.88977169e-035	6.21995205e-030	9.79882577e-025	1.68451603e-019	3.24421481e-014	2.16649265e-011	1.14190438e-008	1.91306246e-006	1.56616669e-004	1.79745104e-003	1.01789888e-002	5.44915200e-002	1.67204694e-001	7.66005626e-001	1.63174630e-004	4.92514491e-009	
6.7	1.65964877e-044	5.25466560e-038	2.32836930e-032	5.04448672e-027	1.22179949e-021	3.29702018e-016	3.06379448e-013	2.53093439e-010	6.84730943e-008	9.49070140e-006	1.93311328e-004	1.90813157e-003	1.90763427e-002	1.05874842e-001	8.71283468e-001	1.65381486e-003	5.29963916e-007	
6.8	5.76150207e-047	2.41295959e-040	1.41942531e-034	4.15540014e-029	1.38559624e-023	5.10498207e-018	6.58177192e-015	8.25468121e-012	3.47035437e-009	7.76033641e-007	2.66477018e-005	4.37307948e-004	7.64738822e-003	7.18276817e-002	9.09931567e-001	1.01062894e-002	2.23389136e-005	
6.9	3.07756631e-049	1.68759955e-042	1.30248823e-036	5.07961403e-031	2.28776934e-025	1.12590100e-019	2.00582313e-016	3.71640371e-013	2.35078166e-010	8.14678971e-008	4.52107232e-006	1.18674262e-004	3.44255549e-003	5.21003144e-002	9.02222895e-001	4.16600734e-002	4.50884549e-004	
7	2.22394210e-051	1.58201391e-044	1.58605500e-038	8.14282731e-033	4.87635748e-027	3.14596023e-021	7.70773182e-018	2.06037397e-014	1.90692593e-011	9.89708880e-009	8.56779850e-007	3.48233096e-005	1.60381660e-003	3.76790180e-002	8.33609266e-001	1.22143491e-001	4.92871810e-003	
7.1	1.90021303e-053	1.73867878e-046	2.24482571e-040	1.50249930e-034	1.18083493e-028	9.82428025e-023	3.29316801e-019	1.24319950e-015	1.64282064e-012	1.23954365e-009	1.62435334e-007	9.94466602e-006	7.00837457e-004	2.48181237e-002	6.84125709e-001	2.58982540e-001	3.13626816e-002	
7.2	1.70919275e-055	1.99532534e-048	3.29289745e-042	2.85005643e-036	2.90731840e-030	3.07419840e-024	1.40245803e-020	7.33308153e-017	1.35292704e-013	1.44543162e-010	2.79391572e-008	2.51568643e-006	2.62834105e-004	1.36947122e-002	4.70296873e-001	3.94982528e-001	1.20760509e-001	
7.3	1.51487129e-057	2.23849255e-050	4.68973439e-044	5.21325623e-038	6.83815449e-032	9.06978241e-026	5.60181405e-022	3.98411234e-018	1.00544123e-014	1.48502794e-011	4.13861056e-009	5.36628863e-007	8.08411352e-005	6.07087858e-003	2.62504186e-001	4.37272920e-001	2.94070634e-001	
7.4	1.34706265e-059	2.49926872e-052	6.60511189e-046	9.37520200e-040	1.56851403e-033	2.57773275e-027	2.14449016e-023	2.03968565e-019	6.90706867e-016	1.37979204e-012	5.43284000e-010	9.95419638e-008	2.10966723e-005	2.24170102e-003	1.23707624e-001	3.75957674e-001	4.98071804e-001	
7.5	1.29311580e-061	2.98807253e-054	9.90231446e-048	1.78551916e-041	3.78250368e-035	7.61406038e-029	8.49043194e-025	1.06256525e-020	4.74109874e-017	1.25519051e-013	6.85488802e-011	1.74453292e-008	5.08653010e-006	7.52078183e-004	5.36265820e-002	2.78985970e-001	6.66630266e-001	
7.6	1.42962659e-063	4.07886107e-056	1.68489341e-049	3.84207979e-043	1.02394996e-036	2.49671127e-030	3.71462422e-026	6.02242760e-022	3.47945131e-018	1.19776276e-014	8.92035036e-012	3.10344096e-009	1.21982641e-006	2.47007006e-004	2.29852506e-002	1.94766036e-001	7.82000484e-001	
7.7	1.88248915e-065	6.57194058e-058	3.36374416e-051	9.66006859e-045	3.21884985e-038	9.40519576e-032	1.85896764e-027	3.84670637e-023	2.83010282e-019	1.24420934e-015	1.24386496e-012	5.82833902e-010	3.03027736e-007	8.27678615e-005	1.01242783e-002	1.34245467e-001	8.55547183e-001	
7.8	2.98580124e-067	1.26345270e-059	7.96307422e-053	2.86850862e-046	1.18807344e-039	4.11625481e-033	1.07659782e-028	2.80263605e-024	2.58423143e-020	1.42643891e-016	1.88577433e-013	1.17325768e-010	7.92766080e-008	2.87824199e-005	4.64977537e-003	9.33607369e-002	9.01960626e-001	
7.9	5.70123183e-069	2.89531779e-061	2.23257251e-054	1.00491254e-047	5.14321746e-041	2.09122166e-034	7.21106071e-030	2.32914852e-025	2.65070592e-021	1.80806079e-017	3.11577928e-014	2.53913494e-011	2.19297960e-008	1.04334966e-005	2.23182370e-003	6.60228539e-002	9.31734867e-001	
8	1.30343330e-070	7.86269453e-063	7.36652777e-056	4.12714514e-049	2.59512154e-042	1.22589760e-035	5.55497075e-031	2.19696488e-026	3.04117427e-022	2.52517855e-018	5.59451756e-015	5.89316762e-012	6.40516078e-009	3.93868027e-006	1.11669653e-003	4.75541534e-002	9.51325205e-001	
