4	1.27317776e-001	8.71696036e-001	9.86187853e-004	4.08400283e-013	3.61416180e-032	2.52738587e-051	1.31634681e-070	4.20558086e-090	1.06201537e-109	1.80922550e-129	2.49893025e-149	3.09844918e-169	2.64824716e-189	1.67610580e-209	8.13643591e-230	3.09370187e-250	9.43201789e-271	2.37582315e-291	1.00000000e-300	1.00000000e-300	1.00000000e-300	1.00000000e-300	
4.1	5.38303128e-002	9.27321648e-001	1.88480355e-002	3.84270898e-009	4.01751088e-028	3.37152641e-047	2.12139081e-066	8.18216843e-086	2.49677106e-105	5.13147620e-125	8.51146345e-145	1.23176027e-164	1.27215106e-184	9.68888853e-205	5.65345345e-225	2.55419420e-245	9.36013707e-266	2.82416712e-286	1.00000000e-300	1.00000000e-300	1.00000000e-300	1.00000000e-300	
4.2	2.22722826e-002	8.84216562e-001	9.35083773e-002	2.77807101e-006	3.43136944e-025	3.45566275e-044	2.62688160e-063	1.22317080e-082	4.51021680e-102	1.11830027e-121	2.22724610e-141	3.76720357e-161	4.70148209e-181	4.30893786e-201	3.02211941e-221	1.62235313e-241	7.14598569e-262	2.58266858e-282	1.00000000e-300	1.00000000e-300	1.00000000e-300	1.00000000e-300	
4.3	8.63082167e-003	7.34050963e-001	2.56895637e-001	4.22578589e-004	5.34226158e-020	6.45551517e-039	5.92847385e-058	3.33266280e-077	1.48454844e-096	4.43970465e-116	1.05941839e-135	2.09715223e-155	3.16260082e-175	3.48807290e-195	2.94054367e-215	1.87570560e-235	9.93119924e-256	4.29866218e-276	1.53655354e-296	1.00000000e-300	1.00000000e-300	1.00000000e-300	
4.4	2.92101125e-003	4.99816265e-001	4.77136145e-001	2.01265788e-002	2.20570761e-014	2.53840054e-030	2.81600202e-049	1.90967179e-068	1.02219879e-087	3.67129546e-107	1.02759690e-126	2.38371779e-146	4.34382570e-166	5.76524746e-186	5.84183391e-206	4.42797992e-226	2.81785664e-246	1.45851793e-266	6.20725168e-287	1.00000000e-300	1.00000000e-300	1.00000000e-300	
4.5	6.60032611e-004	2.15249580e-001	4.94556235e-001	2.89534152e-001	4.50157357e-010	4.06161849e-022	1.86457482e-037	1.50831162e-056	9.17576116e-076	3.79195023e-095	1.11942795e-114	3.04697446e-134	6.70932854e-154	1.07157231e-173	1.30512430e-193	1.17546996e-213	8.99158544e-234	5.51698702e-254	2.72403447e-274	1.85573573e-294	1.00000000e-300	1.00000000e-300	
4.6	5.54895904e-005	3.29216655e-002	1.65591771e-001	8.01430661e-001	4.13408786e-007	3.63851604e-016	9.31059011e-028	2.73209707e-043	6.79818397e-062	2.64150760e-081	6.38600620e-101	2.04214966e-120	5.43370582e-140	1.04424057e-159	1.52872368e-179	1.63596092e-199	1.50419356e-219	1.06280899e-239	5.80294289e-260	4.59894032e-280	2.91644386e-300	1.00000000e-300	
4.7	4.22264590e-006	4.37977407e-003	4.47400681e-002	9.50830153e-001	4.57824155e-005	5.60396247e-012	1.22666766e-020	1.25166838e-032	2.57448162e-047	1.09502545e-064	1.71757921e-084	6.46119405e-104	2.07742076e-123	4.80062107e-143	8.44659289e-163	1.07391966e-182	1.18679581e-202	9.09422074e-223	5.19313656e-243	4.79336954e-263	3.52220555e-283	1.00000000e-300	
4.8	7.55488263e-007	1.32404643e-003	2.58608244e-002	9.71636920e-001	1.17744863e-003	5.39616816e-009	1.73226525e-015	7.71865538e-025	1.60061138e-036	2.16833916e-050	6.43220727e-068	3.46362776e-087	1.34551618e-106	3.72492161e-126	7.86694885e-146	1.18642530e-165	1.57474057e-185	1.21414077e-205	6.98745837e-226	7.52051228e-246	6.40807113e-266	4.43127801e-286	
4.9	2.39729695e-007	6.89591451e-004	2.45400444e-002	9.64846856e-001	9.92247842e-003	7.89963458e-007	9.35494296e-012	4.36249054e-019	2.16466686e-028	1.72340343e-039	1.94121974e-053	1.74087961e-068	8.16471069e-088	2.67502480e-107	6.72370189e-127	1.18896251e-146	1.88463948e-166	1.38872558e-186	8.01295700e-207	1.00684262e-226	9.95789360e-247	7.94787580e-267	
5	8.32237029e-008	3.83298394e-004	2.39248612e-002	9.29894878e-001	4.57593503e-002	3.75216593e-005	7.09883088e-009	1.32995725e-014	5.49033468e-022	7.43172398e-031	6.20887495e-042	1.32713457e-053	7.48905011e-073	2.82883210e-092	8.18362051e-112	1.61910820e-131	2.98816663e-151	2.08948089e-171	1.23193261e-191	1.80929755e-211	2.07864887e-231	1.91598200e-251	
5.1	2.62660314e-008	1.89600997e-004	2.01533702e-002	8.32626541e-001	1.46196409e-001	8.32574261e-004	1.47854329e-006	5.52428616e-011	8.39260021e-017	7.44003993e-024	1.28070865e-032	1.39209087e-041	9.36174091e-061	3.92921217e-080	1.20991907e-099	2.40296929e-119	4.82591788e-139	3.28696218e-159	2.03754165e-179	3.50207395e-199	4.67785207e-219	4.98301171e-239	
5.2	6.82022113e-009	7.57593925e-005	1.34060792e-002	6.42868265e-001	3.33836274e-001	9.70332286e-003	1.10244898e-004	4.79034141e-008	1.40808504e-012	3.85532709e-018	4.99049667e-025	8.08282844e-032	6.36292879e-051	2.87019207e-070	8.47139124e-090	1.47791194e-109	2.90916094e-129	2.00438262e-149	1.34243026e-169	2.70356922e-189	4.20233033e-209	5.17674998e-229	
5.3	1.35583579e-009	2.28040603e-005	6.59876978e-003	3.97116210e-001	5.31196590e-001	6.17128103e-002	3.34174080e-003	1.10708325e-005	3.78434998e-009	1.76823290e-013	8.16721959e-019	7.43403771e-024	5.47367427e-040	2.64382386e-058	6.96072840e-078	9.92150346e-098	1.75648464e-117	1.26629993e-137	9.37028217e-158	2.21404522e-177	4.00833735e-197	5.71427786e-217	
5.4	1.92312514e-010	4.82766813e-006	2.25001710e-003	1.80728007e-001	5.58974741e-001	2.13428635e-001	4.38087478e-002	8.02841775e-004	2.18020563e-006	1.14544887e-009	1.34274529e-013	3.17438508e-017	1.08699407e-029	5.32042796e-044	2.64595176e-060	4.97066996e-079	7.73657171e-099	5.97557095e-119	4.97756847e-139	1.38173675e-158	2.91622539e-178	4.81479558e-198	
5.5	1.65872191e-011	6.13403647e-007	4.54098872e-004	5.08723871e-002	3.33549423e-001	3.57531265e-001	2.37229845e-001	2.00000380e-002	3.60418786e-004	1.90525754e-006	5.63467115e-009	1.89218498e-011	5.45174212e-021	4.27846882e-032	5.89365072e-045	7.44617096e-060	4.15423714e-076	3.22313910e-094	3.07668872e-114	1.00479710e-133	2.47462590e-153	4.73558232e-173	
5.6	6.59654885e-013	3.55081309e-008	4.11884866e-005	6.62024549e-003	8.57225524e-002	2.27064707e-001	4.68895860e-001	1.86139814e-001	2.40056313e-002	1.42306831e-003	8.43588571e-005	2.53804216e-006	1.55083852e-013	4.50981978e-022	3.60590970e-032	5.39688244e-044	6.80029126e-057	2.69450264e-071	3.14607782e-087	6.60387023e-104	1.89979294e-123	4.21735729e-143	
5.7	3.93827900e-015	3.05180697e-010	5.47090070e-007	1.28157389e-004	3.09108575e-003	1.82392873e-002	1.31412157e-001	2.74695228e-001	2.66464041e-001	1.59858646e-001	1.22775999e-001	2.33347560e-002	9.60094572e-008	3.16818708e-014	4.30455270e-022	1.93962744e-031	1.22386393e-041	4.57875240e-053	1.01775669e-065	6.32354817e-079	2.12720697e-098	5.48305746e-118	
5.8	1.66796376e-019	1.84183598e-014	5.03235676e-011	1.72939970e-008	7.39981901e-007	8.93522660e-006	2.51046368e-004	2.65926339e-003	1.64679608e-002	7.43778768e-002	4.79748755e-001	4.26440853e-001	4.45513129e-005	6.26722515e-010	5.46844663e-016	2.50339107e-023	2.39931462e-031	2.22329981e-040	2.14362981e-050	8.05118044e-061	3.17062987e-080	9.49887616e-100	
5.9	3.42944779e-024	5.34559668e-019	2.19561305e-015	1.10717937e-012	8.06535966e-011	1.85878234e-009	1.96268098e-007	8.88491704e-006	2.73091133e-004	6.76863789e-003	2.52545985e-001	7.39518774e-001	8.84196271e-004	2.32809847e-007	5.97144439e-012	1.16692289e-017	6.56386787e-024	5.21288772e-031	6.74228610e-039	4.33261293e-047	1.99982134e-066	6.97117628e-086	
6	2.57938975e-028	5.62589533e-023	3.42682179e-019	2.52588774e-016	3.02480960e-014	1.25588805e-012	4.36053263e-010	6.91237264e-008	8.26900085e-006	8.50838917e-004	1.34531046e-001	8.58106145e-001	6.48737457e-003	1.62502355e-005	6.43343967e-009	2.66246402e-013	4.07918941e-018	1.19228865e-023	8.13333697e-030	3.27951795e-036	1.77655360e-055	7.21443088e-075	
6.1	7.40036837e-032	2.24049795e-026	1.99778152e-022	2.13871849e-019	4.08576610e-017	2.91299231e-015	2.85207685e-012	1.31944545e-009	4.98651658e-007	1.68248218e-004	8.71966044e-002	8.84160510e-001	2.80742054e-002	3.98520877e-004	1.41031659e-006	6.93854224e-010	1.53827519e-013	8.38844002e-018	1.42858227e-022	1.62856842e-027	1.03684244e-046	4.91115215e-066	
6.2	6.00392041e-035	2.50455979e-029	3.22933423e-025	4.98102469e-022	1.47898762e-019	1.73924677e-017	4.16897288e-014	4.82251829e-011	4.84588168e-008	4.39984266e-005	6.06564847e-002	8.48570676e-001	8.58541747e-002	4.77880328e-003	9.54683478e-005	3.45158438e-007	6.52624813e-010	3.82590402e-013	8.85897138e-017	1.51475669e-020	2.01116190e-039	1.11273758e-058	
6.3	1.01630455e-037	5.80231903e-032	1.06948718e-027	2.35634480e-024	1.06300996e-021	1.99302916e-019	1.03629875e-015	2.63753263e-012	6.12080486e-009	1.26904537e-005	3.94108659e-002	7.30449123e-001	1.94577414e-001	3.29244548e-002	2.57878049e-003	4.61811037e-005	4.82199429e-007	1.94173624e-009	3.70373597e-012	5.73747077e-015	5.15551137e-030	1.91610559e-046	
6.4	2.67582382e-040	2.07793454e-034	5.41749814e-030	1.68975618e-026	1.13531857e-023	3.29705657e-021	3.36246406e-017	1.69570723e-013	8.10244166e-010	3.35582286e-006	2.06188404e-002	5.04668969e-001	3.08602620e-001	1.32816450e-001	3.11765102e-002	2.02844389e-003	8.31866766e-005	1.60683790e-006	1.67180892e-008	1.57087154e-010	1.64809634e-022	1.09016373e-035	
6.5	7.82944672e-043	8.22373407e-037	3.00313603e-032	1.31430049e-028	1.29192746e-025	5.66914992e-023	1.04365768e-018	9.57431746e-015	8.58030797e-011	6.38330745e-007	7.02144145e-003	2.28463493e-001	2.89574183e-001	2.78510320e-001	1.62029844e-001	3.03359716e-002	3.78804209e-003	2.64811791e-004	1.08063343e-005	4.47486448e-007	1.35759531e-016	3.62307494e-027	
6.6	1.89003393e-045	2.67165001e-039	1.35441604e-034	8.24552971e-031	1.16735353e-027	7.57730871e-025	2.35242466e-020	3.66104996e-016	5.70348227e-012	7.01768450e-008	1.27966820e-003	5.57733326e-002	1.35477902e-001	2.64267204e-001	3.33131445e-001	1.51204743e-001	4.77586800e-002	9.72770287e-003	1.20835275e-003	1.70899030e-004	4.94697180e-012	1.63847031e-020	
6.7	3.23409421e-048	6.12356069e-042	4.27524677e-037	3.59065593e-033	7.21818274e-030	6.80321957e-027	3.36894309e-022	8.40224721e-018	2.13877686e-013	4.08637132e-009	1.16421383e-004	6.83645844e-003	2.99220452e-002	1.09829732e-001	2.72119312e-001	2.63991433e-001	1.84171182e-001	9.26234718e-002	2.89864278e-002	1.14034992e-002	1.30513108e-008	2.10281417e-015	
6.8	3.17915601e-051	8.02965888e-045	7.66316730e-040	8.81016847e-036	2.48318170e-032	3.34409837e-029	2.52374569e-024	9.62919351e-020	3.80793448e-015	1.07693636e-010	4.57724859e-006	3.63474929e-004	2.72827321e-003	1.77595522e-002	8.03912288e-002	1.51694437e-001	2.11296345e-001	2.31144501e-001	1.58467525e-001	1.46146804e-001	3.28116782e-006	1.22201458e-011	
6.9	1.81281152e-054	6.08500289e-048	7.88620582e-043	1.23214464e-038	4.81355023e-035	9.13234980e-032	1.01196035e-026	5.68693449e-022	3.35292214e-017	1.35332577e-012	8.27516046e-008	8.90171203e-006	1.10063882e-004	1.21127564e-003	9.46648333e-003	3.23273017e-002	8.32312691e-002	1.79526756e-001	2.42839096e-001	4.51165240e-001	1.13524226e-004	5.41143205e-009	
7	1.03665241e-057	4.60854849e-051	8.06257703e-046	1.70027425e-041	9.11171697e-038	2.40525262e-034	3.79588509e-029	3.04614217e-024	2.58900366e-019	1.45013674e-014	1.23925977e-009	1.80615137e-007	3.55766097e-006	6.36509051e-005	8.21065386e-004	4.79507074e-003	2.14809548e-002	8.45616654e-002	2.08383858e-001	6.78670158e-001	1.21937227e-003	4.65058600e-007	
7.1	8.34259265e-061	4.89671576e-054	1.15020721e-048	3.25388205e-044	2.36970428e-040	8.60825906e-037	1.88702234e-031	2.10824201e-026	2.51298320e-021	1.91139146e-016	2.23017912e-011	4.39879097e-009	1.34229656e-007	3.77885662e-006	7.75500077e-005	7.40144819e-004	5.49657985e-003	3.71150806e-002	1.56588075e-001	7.92904020e-001	7.05980162e-003	1.48304086e-005	
7.2	9.81969693e-064	7.58872510e-057	2.38184043e-051	8.98727191e-047	8.81755100e-043	4.36502836e-039	1.30219300e-033	1.98389395e-028	3.24248315e-023	3.29235075e-018	5.14581873e-013	1.37110803e-010	6.32813031e-009	2.72710675e-007	8.63621708e-006	1.29762904e-004	1.53545264e-003	1.69053034e-002	1.16210206e-001	8.37453510e-001	2.75202261e-002	2.36623635e-004	
7.3	1.58321506e-066	1.60678708e-059	6.70919421e-054	3.35884317e-049	4.40402865e-045	2.94533602e-041	1.17585875e-035	2.40167393e-030	5.28330861e-025	7.06456403e-020	1.45598728e-014	5.22724888e-012	3.57527080e-010	2.30328575e-008	1.09665027e-006	2.51389566e-005	4.58498582e-004	7.89077242e-003	8.48869233e-002	8.25290774e-001	7.92446889e-002	2.20208343e-003	
7.4	3.19645533e-069	4.25047532e-062	2.35178294e-056	1.55462059e-051	2.70401816e-047	2.42398334e-043	1.27715978e-037	3.44865551e-032	1.00571483e-026	1.75161437e-021	4.69769455e-016	2.26574022e-013	2.25577402e-011	2.12823537e-009	1.48977458e-007	5.07216841e-006	1.38648004e-004	3.59840349e-003	5.85810454e-002	7.49163386e-001	1.75457479e-001	1.30558143e-002	
7.5	7.41756562e-072	1.28965600e-064	9.42280666e-059	8.18917480e-054	1.87647249e-049	2.23886003e-045	1.53892096e-039	5.43037083e-034	2.07278134e-028	4.66021769e-023	1.60815072e-017	1.03859109e-014	1.48160082e-012	2.01040754e-010	2.02860605e-008	1.00213519e-006	4.00707083e-005	1.52046623e-003	3.63983850e-002	6.07545124e-001	3.02599471e-001	5.18954604e-002	
7.6	1.85273265e-074	4.20363745e-067	4.04270162e-061	4.60014766e-056	1.37947894e-051	2.17657205e-047	1.93296635e-041	8.82756933e-036	4.36369347e-030	1.25693626e-024	5.52670495e-019	4.76305662e-016	9.60097939e-014	1.84368502e-011	2.63500897e-009	1.84970882e-007	1.05899073e-005	5.71691242e-004	1.96238616e-002	4.27875765e-001	4.08629275e-001	1.43288630e-001	
7.7	4.83827739e-077	1.42996696e-069	1.80487905e-063	2.67924009e-058	1.04480829e-053	2.16728405e-049	2.46652705e-043	1.44609457e-037	9.17515531e-032	3.36467531e-026	1.86871201e-020	2.14158681e-017	6.02365525e-015	1.61339197e-012	3.21478576e-010	3.14714981e-008	2.53094172e-006	1.89706774e-004	9.12739872e-003	2.60997542e-001	4.41830157e-001	2.87852633e-001	
7.8	1.34106380e-079	5.15464101e-072	8.51625310e-066	1.64347052e-060	8.28266307e-056	2.24635414e-051	3.25306470e-045	2.43137425e-039	1.96472298e-033	9.12167789e-028	6.34902074e-022	9.64252212e-019	3.74190615e-016	1.37945555e-013	3.77678943e-011	5.06795867e-009	5.62736418e-007	5.72911411e-005	3.78412709e-003	1.42536205e-001	4.02472070e-001	4.51149739e-001	
7.9	4.09502011e-082	2.04390164e-074	4.40918723e-068	1.10275249e-062	7.13787227e-058	2.51799262e-053	4.61121898e-047	4.36733884e-041	4.46418793e-035	2.61109290e-029	2.26090285e-023	4.53489575e-020	2.40315716e-017	1.20460887e-014	4.47089515e-012	8.09201617e-010	1.22101008e-007	1.65468587e-005	1.47163998e-003	7.32541350e-002	3.28876465e-001	5.96381090e-001	
8	1.42334242e-084	9.21177288e-077	2.58901925e-070	8.36617729e-065	6.91214987e-060	3.15632752e-055	7.26863654e-049	8.67571546e-043	1.11497675e-036	8.17857154e-031	8.74874101e-025	2.31010138e-021	1.65590215e-018	1.11580411e-015	5.54361267e-013	1.33303909e-010	2.69335721e-008	4.76916920e-006	5.60821682e-004	3.69613986e-002	2.53863801e-001	7.08609183e-001	
