4	9.46153855e-002	9.05320274e-001	6.43405267e-005	1.00681082e-018	1.43522568e-037	1.19602140e-056	5.66834788e-076	1.88944929e-095	4.39406812e-115	1.13445076e-135	1.47329354e-155	1.03027520e-175	9.50263053e-196	6.63545181e-216	3.65327964e-236	
4.1	1.48147775e-002	9.82293781e-001	2.89144154e-003	1.15838864e-013	2.08080232e-029	2.05369356e-048	1.14776368e-067	4.49715416e-087	1.22538260e-106	3.48228880e-127	5.32932692e-147	4.50454477e-167	4.82641863e-187	3.89478585e-207	2.46817861e-227	
4.2	3.44054748e-003	9.55852868e-001	4.07065842e-002	5.53521956e-010	6.85816001e-022	8.01730145e-041	5.28392635e-060	2.43353123e-079	7.76915118e-099	2.41969328e-119	4.35400237e-139	4.44707975e-159	5.54208489e-179	5.17275050e-199	3.77545471e-219	
4.3	1.11750521e-003	7.89571274e-001	2.09310978e-001	2.42730732e-007	3.56710377e-016	4.93894518e-035	3.83845899e-054	2.07798776e-073	7.77253697e-093	2.64939734e-113	5.53017729e-133	6.81308032e-153	9.88749937e-173	1.06831828e-192	8.98652661e-213	
4.4	3.97683079e-004	4.96899489e-001	5.02682918e-001	1.99097489e-005	8.56692828e-012	1.40489813e-030	1.28759795e-049	8.19291138e-069	3.58928914e-088	1.35113463e-108	3.12263890e-128	4.58840482e-148	7.76366698e-168	9.71855415e-188	9.42725206e-208	
4.5	1.35835039e-004	2.51675633e-001	7.47668823e-001	5.19687275e-004	2.15390288e-008	4.18355419e-027	4.52095291e-046	3.37914112e-065	1.72554824e-084	7.31009635e-105	1.70259610e-124	2.86627514e-144	5.66110712e-164	8.21676868e-184	9.19657140e-204	
4.6	4.57438916e-005	1.17922980e-001	8.75620939e-001	6.39977966e-003	1.05567120e-005	3.17000074e-024	4.03441436e-043	3.51828234e-062	2.02223379e-081	9.86792459e-102	2.08571284e-121	3.69231136e-141	8.52275086e-161	1.43550738e-180	1.85509211e-200	
4.7	1.53821988e-005	5.42489580e-002	8.98074470e-001	4.61605822e-002	1.50060736e-003	1.30945891e-017	4.77295919e-036	4.66154819e-055	2.64215167e-074	1.51265339e-094	2.75102916e-114	4.61574330e-134	1.24665585e-153	2.43863746e-173	3.64095293e-193	
4.8	4.40730185e-006	2.12900469e-002	7.19326615e-001	1.89853151e-001	6.95257793e-002	2.25066348e-012	1.75512240e-026	2.19984101e-044	9.71232233e-064	6.53632299e-084	1.03306775e-103	1.54387386e-123	4.88490384e-143	1.11071029e-162	1.91723247e-182	
4.9	4.68995359e-007	3.13794796e-003	2.01763966e-001	2.18273991e-001	5.76823612e-001	1.34972096e-008	2.59984493e-019	3.26061217e-033	2.00213028e-051	1.54975639e-071	2.21808869e-091	2.95788541e-111	1.09779001e-130	2.90382228e-150	5.79894614e-170	
5	1.55274253e-008	1.47193072e-004	1.71366620e-002	6.85584820e-002	9.14153438e-001	4.20937883e-006	3.35784235e-014	5.45354682e-025	2.26178813e-039	8.61088821e-057	1.16322484e-076	1.44584396e-096	6.30271996e-116	1.94115001e-135	4.48810434e-155	
5.1	4.50903898e-010	6.27589202e-006	1.30062785e-003	1.97205086e-002	9.78659900e-001	3.12687073e-004	2.65614400e-010	1.22990297e-018	5.81975124e-030	1.17379338e-043	1.38045148e-059	1.21752757e-078	6.24181058e-098	2.24042017e-117	6.00198287e-137	
5.2	1.50924271e-011	3.21756223e-007	1.22381514e-004	7.28164906e-003	9.83394086e-001	9.20124891e-003	3.12770928e-007	1.33751658e-013	1.82504693e-022	3.45769327e-033	9.57110259e-046	8.20278063e-061	4.46789543e-077	1.87074297e-096	5.81174615e-116	
5.3	6.29538968e-013	2.12959807e-008	1.58892065e-005	3.49197628e-003	8.82841103e-001	1.13575854e-001	7.51541510e-005	1.25280295e-009	1.67458596e-016	7.68150662e-025	1.07033013e-034	1.46494603e-046	2.77642847e-059	1.35746760e-078	4.89477372e-098	
5.4	2.55924782e-014	1.39751060e-009	2.16105090e-006	1.53828121e-003	5.18742062e-001	4.76189110e-001	3.52721466e-003	1.16946739e-006	6.50715460e-012	2.48577628e-018	5.15385048e-026	2.68716735e-035	3.50052885e-045	2.00075952e-064	8.38154881e-084	
5.5	8.92059349e-016	7.84326603e-011	2.53365218e-007	5.03653953e-004	1.92074560e-001	7.66287731e-001	4.09750852e-002	1.58698055e-004	1.85413053e-008	2.52146054e-013	2.97652550e-019	1.88922088e-026	4.66352622e-034	3.11941553e-053	1.51973864e-072	
5.6	3.16473189e-017	4.40425522e-012	2.87092192e-008	1.38887851e-004	5.87076449e-002	7.35687284e-001	1.99565958e-001	5.89188187e-003	8.31334667e-006	2.02790024e-009	6.38602794e-014	1.98056160e-019	3.32699571e-025	2.60777215e-044	1.47925132e-063	
5.7	1.02393202e-018	2.20015701e-013	2.73628979e-009	2.86052386e-005	1.39583384e-002	4.47376020e-001	4.64092680e-001	7.37410892e-002	8.01250474e-004	2.01317739e-006	9.27151053e-010	6.73447633e-014	3.41150543e-018	3.13730497e-037	2.07466273e-056	
5.8	2.51697888e-020	8.12296868e-015	1.81346769e-010	3.70816435e-006	2.20352286e-003	1.57556739e-001	5.00233552e-001	3.21048429e-001	1.86430368e-002	3.09719495e-004	1.29084023e-006	1.21106714e-009	9.68696147e-013	1.04679773e-031	8.08088410e-051	
5.9	4.59890524e-022	2.16942823e-016	8.20832038e-012	3.02314424e-007	2.29492960e-004	3.32095429e-002	2.71557114e-001	5.55980839e-001	1.28765826e-001	9.99853382e-003	2.56411577e-004	1.92311428e-006	1.45177662e-008	4.45442164e-024	1.39863453e-041	
6	6.69004285e-024	4.49821998e-018	2.74114642e-013	1.69906883e-008	1.70942137e-005	4.65129113e-003	8.58172375e-002	4.63466421e-001	3.40096555e-001	9.45477601e-002	1.09354611e-002	4.47015089e-004	2.11481520e-005	1.29580783e-017	1.63420665e-031	
6.1	7.01569600e-026	6.57257008e-020	6.17553825e-015	6.09267527e-010	8.33557178e-007	4.02549667e-004	1.51405672e-002	1.85904484e-001	3.61622483e-001	2.93675512e-001	1.19410642e-001	1.96397929e-002	4.20313519e-003	1.14065322e-012	1.10791930e-023	
6.2	3.89432839e-028	4.98169728e-022	6.95737526e-017	1.04354598e-011	1.97381990e-008	1.61441680e-005	1.14435321e-003	2.85111302e-002	1.28133695e-001	2.60115978e-001	3.04983253e-001	1.58660177e-001	1.18435245e-001	4.30357743e-009	8.67098494e-018	
6.3	9.36238962e-031	1.60629234e-024	3.23407331e-019	7.10163610e-014	1.87460153e-010	2.49773649e-007	3.13770319e-005	1.45537245e-003	1.35884511e-002	6.11233086e-002	1.76716355e-001	2.40106579e-001	5.06977353e-001	9.53419722e-007	1.40558811e-013	
6.4	1.89115549e-033	4.28292991e-027	1.21218658e-021	3.77757925e-016	1.39751314e-012	2.93527788e-009	6.22127870e-007	5.03293862e-005	8.98668871e-004	8.14887806e-003	5.13651110e-002	1.56564262e-001	7.82936379e-001	3.57465590e-005	1.68511320e-010	
6.5	5.72143617e-036	1.68581638e-029	6.56962576e-024	2.83106150e-018	1.46863834e-014	4.72603689e-011	1.62380536e-008	2.17812699e-006	6.96600932e-005	1.18103041e-003	1.47280773e-002	8.94163460e-002	8.94062862e-001	5.39787501e-004	4.21512837e-008	
6.6	2.91163715e-038	1.10143785e-031	5.81007454e-026	3.38865828e-020	2.46026193e-016	1.18305698e-012	6.37454732e-010	1.36262849e-007	7.40517156e-006	2.20917965e-004	5.04519385e-003	5.56785507e-002	9.34497573e-001	4.54673435e-003	3.48786504e-006	
6.7	2.37494252e-040	1.13904411e-033	8.01994471e-028	6.21636406e-022	6.29444074e-018	4.42270274e-014	3.63396631e-011	1.19855594e-008	1.06014090e-006	5.29462046e-005	2.08057376e-003	3.89461328e-002	9.34446273e-001	2.43518617e-002	1.21140780e-004	
6.8	2.73745063e-042	1.64459652e-035	1.52803947e-029	1.54970103e-023	2.17799365e-019	2.19098716e-015	2.67986358e-012	1.32768047e-009	1.84420634e-007	1.47944197e-005	9.50644191e-004	2.86509564e-002	8.80249648e-001	8.80911357e-002	2.04263570e-003	
6.9	3.81275758e-044	2.83548626e-037	3.44376572e-031	4.50827019e-025	8.74824799e-021	1.23646960e-016	2.20424366e-013	1.60320409e-010	3.39301368e-008	4.22180425e-006	4.25128055e-004	1.98272509e-002	7.41709557e-001	2.19765943e-001	1.82678644e-002	
7	5.54509567e-046	5.04422572e-039	7.94607799e-033	1.32663829e-026	3.53490180e-022	6.89731362e-018	1.75870063e-014	1.84039669e-011	5.78106141e-009	1.08269271e-006	1.64786540e-004	1.15355450e-002	5.20884650e-001	3.76407922e-001	9.10060083e-002	
7.1	7.62326745e-048	8.38203888e-041	1.70165204e-034	3.58401240e-028	1.30399545e-023	3.45449932e-019	1.23861544e-015	1.83158191e-012	8.34713729e-010	2.29217052e-007	5.11042581e-005	5.23972956e-003	2.88882317e-001	4.42445097e-001	2.63381522e-001	
7.2	9.90497890e-050	1.30047254e-042	3.38392697e-036	8.89895411e-030	4.39682497e-025	1.55652191e-020	7.72610974e-017	1.58801549e-013	1.02870630e-010	4.04732239e-008	1.28562777e-005	1.89183403e-003	1.29675224e-001	3.80323079e-001	4.88096965e-001	
7.3	1.32633571e-051	2.05410370e-044	6.81895809e-038	2.21730399e-031	1.47984809e-026	6.89424082e-022	4.66881064e-018	1.31366797e-014	1.18753388e-011	6.55542511e-009	2.89398447e-006	6.00486995e-004	5.21065199e-002	2.71581398e-001	6.75708694e-001	
7.4	1.99729644e-053	3.60364988e-046	1.52022935e-039	6.05424202e-033	5.43061217e-028	3.28033939e-023	2.98937928e-019	1.13483503e-015	1.40732420e-012	1.06937343e-009	6.41398228e-007	1.84711839e-004	2.06043987e-002	1.80339205e-001	7.98871042e-001	
7.5	3.53995349e-055	7.35052408e-048	3.92659632e-041	1.89715913e-034	2.27656508e-029	1.75780732e-024	2.12736752e-020	1.07454970e-016	1.79915394e-013	1.84890770e-010	1.47535221e-007	5.81008994e-005	8.42995349e-003	1.18510390e-001	8.73001408e-001	
7.6	7.49242041e-057	1.76908921e-049	1.19290802e-042	6.92675956e-036	1.10704451e-030	1.07748750e-025	1.70976818e-021	1.13378478e-017	2.52467453e-014	3.45070956e-011	3.59222728e-008	1.90745383e-005	3.63082637e-003	7.91085460e-002	9.17241517e-001	
7.7	1.89430721e-058	5.02669320e-051	4.26595714e-044	2.94858575e-037	6.25160004e-032	7.56760811e-027	1.55501727e-022	1.33599107e-018	3.89910857e-015	6.97641464e-012	9.30289309e-009	6.57086102e-006	1.64997955e-003	5.40861299e-002	9.44257310e-001	
7.8	5.68368164e-060	1.67650922e-052	1.78550516e-045	1.45503510e-038	4.07764780e-033	6.06001060e-028	1.59290006e-023	1.75026789e-019	6.60105703e-016	1.52275173e-012	2.55644342e-009	2.37059920e-006	7.87943882e-004	3.79008570e-002	9.61308826e-001	
7.9	2.00818054e-061	6.51666195e-054	8.68485400e-047	8.26419789e-040	3.05118456e-034	5.49849994e-029	1.82644277e-024	2.53380852e-020	1.21803835e-016	3.56976031e-013	7.42382711e-010	8.92329642e-007	3.93158477e-004	2.71657320e-002	9.72440216e-001	
8	8.27986370e-063	2.92817918e-055	4.86971312e-048	5.35921426e-041	2.59900951e-035	5.61237058e-030	2.32791241e-025	4.02642849e-021	2.43392503e-017	8.93395095e-014	2.26675219e-010	3.48792780e-007	2.03753083e-004	1.98561022e-002	9.79939796e-001	
