4	7.26984479e-003	9.92239964e-001	4.90190855e-004	3.03911833e-014	7.63022429e-033	4.10889838e-052	1.90933940e-071	6.90538660e-091	1.55142364e-110	2.81156875e-130	3.52680475e-150	3.73602198e-170	3.76862055e-190	2.52250372e-210	1.27206441e-230	5.01404969e-251	1.55715829e-271	3.92626901e-292	1.00000000e-300	1.00000000e-300	1.00000000e-300	1.00000000e-300	1.00000000e-300	
4.1	3.42415333e-003	9.78339223e-001	1.82366227e-002	9.76644162e-010	1.90796506e-024	1.22070701e-043	6.82569343e-063	2.96872540e-082	8.04707090e-102	1.76320053e-121	2.67175884e-141	3.41111885e-161	4.01185385e-181	3.24662446e-201	1.96753195e-221	9.31905435e-242	3.45418820e-262	1.04647001e-282	1.00000000e-300	1.00000000e-300	1.00000000e-300	1.00000000e-300	1.00000000e-300	
4.2	2.21674482e-003	7.31889115e-001	2.65891998e-001	2.14182889e-006	2.04401822e-017	1.55355949e-036	1.04525297e-055	5.46709016e-075	1.78797468e-094	4.73673318e-114	8.67025404e-134	1.33409048e-153	1.83196309e-173	1.79235211e-193	1.30523748e-213	7.42878475e-234	3.28634583e-254	1.19625285e-274	3.65748265e-295	1.00000000e-300	1.00000000e-300	1.00000000e-300	1.00000000e-300	
4.3	5.60563009e-004	2.09828147e-001	7.89408526e-001	2.02764078e-004	1.74621754e-012	1.57217749e-031	1.27157675e-050	7.99834413e-070	3.15591230e-089	1.01082999e-108	2.23461918e-128	4.14071410e-148	6.64790499e-168	7.86306270e-188	6.88112602e-208	4.70600877e-228	2.48482431e-248	1.08673707e-268	3.98261836e-289	1.00000000e-300	1.00000000e-300	1.00000000e-300	1.00000000e-300	
4.4	1.22583532e-004	5.57646424e-002	9.41006110e-001	3.10665786e-003	6.30825355e-009	1.59842012e-026	1.52666678e-045	1.15481602e-064	5.49755320e-084	2.12745374e-103	5.65947630e-123	1.25110007e-142	2.35164767e-162	3.36281144e-182	3.53656277e-202	2.90620656e-222	1.83148888e-242	9.62421905e-263	4.22318621e-283	1.00000000e-300	1.00000000e-300	1.00000000e-300	1.00000000e-300	
4.5	4.63241975e-005	2.72700615e-002	9.48555415e-001	2.41242263e-002	3.97293912e-006	1.14537345e-019	1.53447375e-036	1.39561050e-055	8.01384154e-075	3.70274063e-094	1.14582721e-113	2.85052917e-133	6.28118895e-153	1.08590304e-172	1.37235462e-192	1.35514429e-212	1.01921201e-232	6.43523177e-253	3.35938180e-273	1.54881595e-293	1.00000000e-300	1.00000000e-300	1.00000000e-300	
4.6	2.05351776e-005	1.63764392e-002	8.63691411e-001	1.19234769e-001	6.76846291e-004	1.71070394e-014	1.38352073e-027	2.48541257e-043	1.71254225e-062	8.61266471e-082	2.64671175e-101	6.15385559e-121	1.59174765e-140	3.32695354e-160	5.05247469e-180	5.99522361e-200	5.38170880e-220	4.08261933e-240	2.47581524e-260	1.27652242e-280	1.00000000e-300	1.00000000e-300	1.00000000e-300	
4.7	7.28046128e-006	8.11472591e-003	6.09530388e-001	3.50446088e-001	3.19015178e-002	1.26546408e-010	6.68812013e-021	7.09362983e-033	3.22619983e-048	2.36808872e-066	5.26054896e-086	8.83457714e-106	2.68585326e-125	6.78691379e-145	1.23801350e-164	1.76511092e-184	1.89099442e-204	1.72362995e-224	1.15031363e-244	6.26021025e-265	5.13426577e-285	1.00000000e-300	1.00000000e-300	
4.8	1.46147824e-006	2.32285644e-003	2.47858101e-001	4.82524683e-001	2.67292841e-001	5.79711246e-008	4.68620948e-016	4.17578590e-025	6.52174320e-037	2.76714131e-051	3.36184880e-068	3.63027104e-088	1.29889121e-107	3.96801861e-127	8.67193786e-147	1.48456498e-166	1.89602035e-186	2.07480642e-206	1.41403014e-226	7.74513962e-247	7.40240812e-267	5.64638301e-287	1.00000000e-300	
4.9	2.05793299e-007	4.72110107e-004	7.21277851e-002	4.03967691e-001	5.23429291e-001	2.91742145e-006	1.32906438e-012	1.70618448e-019	1.18737652e-028	4.17528890e-040	1.22009453e-053	3.19165798e-070	3.86637647e-088	1.42760273e-107	3.70459500e-127	7.57400025e-147	1.14341791e-166	1.49423422e-186	9.80790431e-207	5.32170608e-227	5.93430432e-247	5.25252639e-267	3.77445127e-287	
5	3.04493185e-008	1.01493084e-004	2.23711365e-002	3.17374284e-001	6.60100243e-001	5.28128325e-005	6.39889921e-010	3.28600616e-015	2.28466891e-022	1.70155196e-031	2.55937389e-042	1.60205296e-055	1.62022460e-069	7.21864379e-089	2.17868705e-108	5.19712565e-128	8.93606433e-148	1.36239184e-167	8.47944135e-188	4.62573856e-208	6.02545077e-228	6.19418024e-248	5.13954551e-268	
5.1	4.75458222e-009	2.30847961e-005	7.38082616e-003	2.40382393e-001	7.51668491e-001	5.45103192e-004	9.77836655e-008	9.02686722e-012	2.35615027e-017	1.33638632e-024	3.16421723e-033	1.02969120e-043	1.43399010e-054	7.66143133e-074	2.60592903e-093	6.82448350e-113	1.21648547e-132	2.03531174e-152	1.22764445e-172	6.94997992e-193	1.05878642e-212	1.26518942e-232	1.21279661e-252	
5.2	7.56432535e-010	5.34921842e-006	2.48911212e-003	1.72584965e-001	8.21170764e-001	3.74355025e-003	6.25276489e-006	6.03954122e-009	2.97000701e-013	5.78804915e-019	8.50288373e-026	4.32493609e-034	1.98083878e-042	1.24989827e-061	4.64232012e-081	1.21485361e-100	1.97075728e-120	3.29095798e-140	1.99924548e-160	1.21608606e-180	2.16941283e-200	3.01592174e-220	3.34259340e-240	
5.3	1.19731552e-010	1.23067233e-006	8.34505797e-004	1.16183524e-001	8.64292854e-001	1.84883214e-002	1.98223134e-004	1.33980953e-006	7.35908073e-010	2.62740845e-014	1.14467763e-019	3.61657399e-026	1.74595488e-032	2.37775660e-051	9.47162443e-071	2.28733474e-090	3.09907562e-110	4.76656200e-130	3.02927360e-150	2.04005226e-170	4.26699907e-190	6.90743529e-210	8.85727603e-230	
5.4	1.83281964e-011	2.72840776e-007	2.69503879e-004	7.18772751e-002	8.56274305e-001	6.80002105e-002	3.45810759e-003	1.19834396e-004	4.90460565e-007	1.96886459e-010	1.46432284e-014	1.66951759e-019	3.44560360e-024	7.25233809e-039	1.74023246e-055	3.81330061e-074	4.30162058e-094	5.94713274e-114	4.06947635e-134	3.10410095e-154	7.62247613e-174	1.43814877e-193	2.13511405e-213	
5.5	2.53198686e-012	5.43325017e-008	7.80225568e-005	3.83038254e-002	7.41414419e-001	1.81201205e-001	3.40853303e-002	4.80595035e-003	1.10823326e-004	3.69068597e-007	3.66549498e-010	1.39416392e-013	6.04103701e-017	2.77271843e-028	2.95183660e-041	5.16905404e-056	6.91881589e-073	3.12199516e-091	2.34489647e-111	2.06180996e-131	5.95210729e-151	1.31008458e-170	2.25367632e-190	
5.6	2.51242066e-013	7.72925144e-009	1.60814639e-005	1.40263717e-002	4.42895554e-001	2.86636379e-001	1.62531948e-001	8.35263974e-002	1.00875303e-002	2.75769138e-004	3.91867031e-006	4.16224042e-008	2.17870943e-010	4.61516093e-019	4.10320916e-029	9.61803858e-041	3.65594508e-054	9.48050826e-069	6.58394180e-085	1.20575661e-102	3.34462015e-121	8.59666927e-141	1.71497781e-160	
5.7	7.45299113e-015	3.26722583e-010	9.80393310e-007	1.47068091e-003	7.53970885e-002	1.14527810e-001	1.65769177e-001	3.35144348e-001	2.36805060e-001	5.80289161e-002	1.07568422e-002	2.01673660e-003	8.23599061e-005	2.28955205e-011	4.45404454e-019	3.43545891e-028	7.86897315e-039	2.14571857e-050	3.04522846e-063	2.35418111e-077	4.39493686e-092	1.32051465e-111	3.05773781e-131	
5.8	3.09163871e-018	1.91897223e-013	8.25851556e-010	2.06770553e-006	1.70279671e-004	5.50896820e-004	1.78308362e-003	1.62312416e-002	6.77236098e-002	1.29773071e-001	2.25925807e-001	4.59590810e-001	9.82479027e-002	1.22978818e-006	1.75031882e-012	1.46616770e-019	5.92610404e-028	4.42768567e-037	2.87485283e-047	1.80781337e-058	3.91802710e-070	1.37764666e-089	3.70624051e-109	
5.9	2.97504847e-023	2.59750947e-018	1.59328013e-014	6.47652429e-011	8.44651288e-009	5.37996922e-008	3.51158123e-007	1.40969064e-005	2.93853248e-004	3.35021599e-003	3.81937739e-002	5.53728625e-001	4.04328214e-001	9.08040486e-005	3.79436728e-009	1.42669635e-014	3.82949917e-021	2.68832606e-028	2.43595988e-036	3.37522868e-045	2.10191053e-054	8.65945918e-074	2.70946783e-093	
6	7.15167548e-028	8.72541730e-023	7.57725327e-019	4.87549851e-015	9.91130551e-013	1.16586151e-011	1.41650085e-010	2.16372343e-008	1.80418376e-006	9.27947156e-005	5.05990164e-003	3.69175063e-001	6.24444919e-001	1.22479111e-003	7.03585883e-007	5.79616655e-011	4.71710431e-016	1.31668146e-021	6.47558127e-028	7.00639738e-035	4.13412789e-042	1.99803194e-061	7.27933526e-081	
6.1	6.49526881e-032	1.10026626e-026	1.34340374e-022	1.33709429e-018	4.16813061e-016	8.59100833e-015	1.82652774e-013	8.89165604e-011	2.40792835e-008	4.39875911e-006	8.86251393e-004	2.44038798e-001	7.47292644e-001	7.74438963e-003	3.34601954e-005	3.31424738e-008	4.31656185e-012	2.37108864e-016	2.96946582e-021	1.09605009e-026	2.53708898e-032	1.44038207e-051	6.11783075e-071	
6.2	1.84925371e-035	4.32235766e-030	7.36967138e-026	1.11124362e-021	5.22771114e-019	1.80746835e-017	6.40764607e-016	8.43839804e-013	6.21683380e-010	3.31164740e-007	2.00129432e-004	1.63772577e-001	8.04010866e-001	3.13596953e-002	6.51734040e-004	4.65999473e-006	5.71366851e-009	3.43664845e-012	5.93697409e-016	3.83145503e-020	1.72620386e-024	1.15295476e-043	5.71703654e-063	
6.3	1.29942730e-038	4.16583253e-033	9.85052199e-029	2.20858571e-024	1.54407021e-021	8.63471217e-020	4.91266195e-018	1.52162710e-014	2.63619589e-011	3.48771639e-008	5.34532997e-005	1.06788088e-001	7.94029719e-001	9.21730048e-002	6.72585302e-003	2.28145925e-004	1.69391216e-006	6.86367370e-009	9.92899672e-012	6.47686486e-015	3.25238760e-018	7.75468930e-035	6.84345711e-053	
6.4	1.77116732e-041	7.74510160e-036	2.52342403e-031	8.27248470e-027	8.47090019e-024	7.43012500e-022	6.57763258e-020	4.26570293e-016	1.54346236e-012	4.45401332e-009	1.51245272e-005	6.30007128e-002	6.89417515e-001	2.01211302e-001	4.13723776e-002	4.82809138e-003	1.52030519e-004	2.81877648e-006	2.28261312e-008	9.58330423e-011	3.44265702e-013	1.90387088e-026	6.07054337e-041	
6.5	3.55511433e-044	2.10918605e-038	9.40902026e-034	4.44330489e-029	6.57491750e-026	8.81162731e-024	1.18323778e-021	1.46039057e-017	1.00222170e-013	5.67828473e-010	3.83109825e-006	2.94317868e-002	4.66279680e-001	3.01970445e-001	1.49518302e-001	4.76419027e-002	4.83742669e-003	3.06328009e-004	1.01039876e-005	1.89628386e-007	3.42390927e-009	9.44434607e-020	2.13212356e-031	
6.6	7.42683474e-047	5.94921167e-041	3.61255852e-036	2.42465368e-031	5.11998194e-028	1.02509697e-025	2.04393499e-023	4.43975622e-019	5.34430071e-015	5.45989417e-011	6.70240960e-007	8.65671017e-003	1.96404106e-001	2.56646354e-001	2.72529525e-001	2.01473935e-001	5.38356223e-002	9.39843749e-003	9.87959553e-004	6.24052298e-005	4.27480762e-006	1.73469648e-014	7.59745741e-024	
6.7	1.20006558e-049	1.29209903e-043	1.06205473e-038	1.00105496e-033	2.98219737e-030	8.74830941e-028	2.54324863e-025	9.12024661e-021	1.80699602e-016	3.10649265e-012	6.45911745e-008	1.30898895e-003	4.21779954e-002	1.03298783e-001	2.15398446e-001	3.28904247e-001	1.99335277e-001	8.20511295e-002	2.27990168e-002	3.91395066e-003	8.12100855e-004	1.83748047e-010	5.58220120e-018	
6.8	1.29662841e-052	1.86869497e-046	2.06829917e-041	2.70860276e-036	1.12642858e-032	4.76026575e-030	1.98612030e-027	1.11589941e-022	3.45546702e-018	9.45020148e-014	3.14045442e-009	9.48526305e-005	4.30960317e-003	1.86620601e-002	7.13428157e-002	2.06524842e-001	2.54359107e-001	2.19817055e-001	1.40001525e-001	5.57372769e-002	2.91506893e-002	1.69958695e-007	1.58225275e-013	
6.9	8.00098065e-056	1.53752214e-049	2.28044622e-044	4.10976763e-039	2.36313302e-035	1.41754310e-032	8.37296122e-030	7.06192316e-025	3.27696736e-020	1.36204821e-015	6.89913862e-011	2.98779998e-006	1.90167167e-004	1.38935807e-003	9.21827601e-003	4.73935295e-002	1.09199863e-001	1.81410685e-001	2.37326103e-001	1.94606471e-001	2.19244780e-001	1.77795209e-005	2.65036694e-010	
7	3.45259432e-059	8.81605193e-053	1.74431698e-047	4.28861001e-042	3.37961325e-038	2.84044443e-035	2.34673210e-032	2.86893907e-027	1.92733207e-022	1.17289935e-017	8.71149222e-013	5.25200338e-008	4.65321785e-006	5.52065170e-005	6.08076365e-004	5.27467210e-003	2.13270092e-002	6.35935321e-002	1.56846497e-001	2.42058701e-001	5.09881191e-001	3.50359217e-004	4.99296645e-008	
7.1	1.72386863e-062	5.83071600e-056	1.53255600e-050	5.10070617e-045	5.46485915e-041	6.36125531e-038	7.27247832e-035	1.25213078e-029	1.18401463e-024	1.02335512e-019	1.07961368e-014	8.85551583e-010	1.08559207e-007	2.02631265e-006	3.57183584e-005	5.01637977e-004	3.38325914e-003	1.71433923e-002	7.44563259e-002	2.01636690e-001	7.00104994e-001	2.73337570e-003	2.47166002e-006	
7.2	1.23458090e-065	5.51500367e-059	1.91799523e-053	8.58146870e-048	1.24111216e-043	1.98087714e-040	3.10400383e-037	7.35057891e-032	9.55995154e-027	1.14462666e-021	1.67099224e-016	1.83121783e-011	3.08756956e-009	8.82822242e-008	2.41508160e-006	5.30713221e-005	5.72981589e-004	4.71886869e-003	3.41446709e-002	1.53480763e-001	7.94188349e-001	1.27858302e-002	5.29590401e-005	
7.3	1.26333786e-068	7.43359103e-062	3.40844529e-056	2.03688051e-050	3.94986720e-046	8.56583387e-043	1.82409365e-039	5.82652567e-034	1.02275134e-028	1.66200236e-023	3.28548739e-018	4.74069068e-013	1.09314444e-010	4.68037987e-009	1.93575581e-007	6.46828808e-006	1.08054241e-004	1.39393133e-003	1.60519067e-002	1.14472732e-001	8.24826793e-001	4.25174545e-002	6.22461575e-004	
7.4	1.71999650e-071	1.32992213e-064	8.01244922e-059	6.35819383e-053	1.64347374e-048	4.80393950e-045	1.37961701e-041	5.84902906e-036	1.36409523e-030	2.95820275e-025	7.77726534e-020	1.45982794e-014	4.57830865e-012	2.87850163e-010	1.75976892e-008	8.72463160e-007	2.19086217e-005	4.29126711e-004	7.56690813e-003	8.24662005e-002	7.96856228e-001	1.08107401e-001	4.55133619e-003	
7.5	2.86620513e-074	2.90560479e-067	2.29246427e-061	2.40261294e-055	8.23331103e-051	3.22028071e-047	1.23860424e-043	6.87571646e-038	2.10312825e-032	6.00278332e-027	2.06729397e-021	4.99753362e-016	2.12039929e-013	1.92449241e-011	1.70517677e-009	1.22766578e-007	4.51995055e-006	1.30856907e-004	3.41815623e-003	5.51488436e-002	7.03073882e-001	2.16034541e-001	2.21890752e-002	
7.6	5.41242804e-077	7.17945107e-070	7.39468040e-064	1.01844204e-057	4.60393504e-053	2.39406943e-049	1.22551570e-045	8.80664175e-040	3.49476261e-034	1.29754422e-028	5.77907892e-023	1.78387732e-017	1.01874891e-014	1.31477892e-012	1.65910717e-010	1.70200359e-008	8.98865661e-007	3.75747940e-005	1.41256339e-003	3.28162470e-002	5.49698824e-001	3.41073053e-001	7.49608225e-002	
7.7	1.09912935e-079	1.90431403e-072	2.55302193e-066	4.59856821e-060	2.73001608e-055	1.87609216e-051	1.27091552e-047	1.17080425e-041	5.97271090e-036	2.85650587e-030	1.62722603e-024	6.36508875e-019	4.86875509e-016	8.81606769e-014	1.55970499e-011	2.24136410e-009	1.66512145e-007	9.84221550e-006	5.18994553e-004	1.69350914e-002	3.73217319e-001	4.28050863e-001	1.81267722e-001	
7.8	2.37087895e-082	5.35548777e-075	9.31820506e-069	2.18514275e-062	1.69658030e-057	1.53258189e-053	1.36678417e-049	1.60051994e-043	1.04133148e-037	6.36141079e-032	4.59028080e-026	2.26015994e-020	2.30487308e-017	5.78527839e-015	1.41466617e-012	2.80358369e-010	2.87793602e-008	2.36070255e-006	1.70644619e-004	7.64628800e-003	2.22336671e-001	4.39859448e-001	3.29984559e-001	
7.9	5.56110569e-085	1.63514679e-077	3.68167739e-071	1.11912719e-064	1.13196170e-059	1.33741659e-055	1.56264946e-051	2.30821379e-045	1.90219211e-039	1.47353231e-033	1.33521175e-027	8.22451534e-022	1.11337373e-018	3.83180309e-016	1.27818368e-013	3.44335742e-011	4.80512201e-009	5.37658957e-007	5.21663576e-005	3.14311630e-003	1.20917104e-001	3.90593401e-001	4.85293669e-001	
8	1.46774882e-087	5.60990783e-080	1.62985778e-073	6.39441675e-067	8.39657339e-062	1.29144518e-057	1.96803057e-053	3.64232767e-047	3.77856435e-041	3.68750704e-035	4.16277656e-029	3.18896179e-023	5.70753608e-020	2.66655468e-017	1.19874397e-014	4.33121324e-012	8.09121509e-010	1.21551610e-007	1.55278018e-005	1.23365296e-003	6.28881753e-002	3.17339501e-001	6.18523020e-001	
