4	4.94881079e-003	9.94580351e-001	4.70838434e-004	6.56375428e-013	1.23147360e-031	1.07084661e-050	3.37806501e-070	9.03225937e-090	1.94242137e-109	2.84395516e-129	3.39779588e-149	3.00689901e-169	2.22733260e-189	1.86465685e-209	9.27689973e-230	3.60968861e-250	1.13156383e-270	2.86471855e-291	1.00000000e-300	1.00000000e-300	1.00000000e-300	1.00000000e-300	1.00000000e-300	1.00000000e-300	
4.1	1.02909602e-003	9.78311706e-001	2.06591867e-002	1.16905137e-008	1.25485210e-024	1.31007162e-043	4.93212716e-063	1.58988046e-082	4.11630193e-102	7.27930596e-122	1.05236385e-141	1.12664345e-161	1.00845278e-181	9.83376677e-202	5.92003297e-222	2.77194033e-242	1.04518696e-262	3.16876958e-283	1.00000000e-300	1.00000000e-300	1.00000000e-300	1.00000000e-300	1.00000000e-300	1.00000000e-300	
4.2	4.95257385e-004	6.98952620e-001	3.00530811e-001	2.13122853e-005	2.15751922e-017	3.93016217e-036	1.76580948e-055	6.86230951e-075	2.13905723e-094	4.56878027e-114	7.99240828e-134	1.03513855e-153	1.11958916e-173	1.27356292e-193	9.27711917e-214	5.22742952e-234	2.37082386e-254	8.60803085e-275	2.61395975e-295	1.00000000e-300	1.00000000e-300	1.00000000e-300	1.00000000e-300	1.00000000e-300	
4.3	1.69908733e-004	2.16179512e-001	7.80929019e-001	2.72155961e-003	4.19961800e-012	1.90294203e-026	1.02039896e-045	4.78072978e-065	1.79409682e-084	4.62837452e-104	9.79716041e-124	1.53502764e-143	2.00560205e-163	2.66503940e-183	2.34908717e-203	1.59281745e-223	8.68920107e-244	3.77824205e-264	1.37937354e-284	1.00000000e-300	1.00000000e-300	1.00000000e-300	1.00000000e-300	1.00000000e-300	
4.4	6.18131331e-005	7.25275934e-002	8.59153404e-001	6.82571520e-002	3.77329853e-008	5.62224753e-019	3.59800815e-038	2.03231368e-057	9.18186358e-077	2.86083925e-096	7.32534248e-116	1.38813789e-135	2.18181773e-155	3.39139138e-175	3.61729121e-195	2.95144518e-215	1.93664382e-235	1.00845856e-255	4.42636422e-276	1.66755735e-296	1.00000000e-300	1.00000000e-300	1.00000000e-300	1.00000000e-300	
4.5	1.85161614e-005	2.22604542e-002	5.25331779e-001	4.52360910e-001	2.83401385e-005	2.78109046e-013	1.23252390e-031	8.39308070e-051	4.56493022e-070	1.71581666e-089	5.28398823e-109	1.20650019e-128	2.21213823e-148	4.02763496e-168	5.19822274e-188	5.10430356e-208	4.02865316e-228	2.51225565e-248	1.32572858e-268	5.99172275e-289	1.00000000e-300	1.00000000e-300	1.00000000e-300	1.00000000e-300	
4.6	3.62971280e-006	4.92355010e-003	1.98112230e-001	7.94704646e-001	2.25594017e-003	4.04780423e-009	3.77342683e-023	3.04570336e-040	1.99130654e-059	8.89373177e-079	3.12785108e-098	8.36480380e-118	1.58571473e-137	3.38625338e-157	5.28837672e-177	6.24859892e-197	5.93183873e-217	4.42972051e-237	2.81037972e-257	1.52192121e-277	6.73446265e-298	1.00000000e-300	1.00000000e-300	1.00000000e-300	
4.7	8.17796444e-007	1.35034592e-003	8.82122584e-002	8.58690902e-001	5.17397945e-002	5.88186183e-006	1.56427437e-016	1.39663974e-029	3.27866407e-045	1.88500678e-064	6.06306458e-084	1.69307324e-103	2.63763767e-123	6.61526301e-143	1.25012057e-162	1.77705204e-182	2.02908464e-202	1.81459903e-222	1.38402794e-242	8.91483377e-263	4.18595754e-283	1.00000000e-300	1.00000000e-300	1.00000000e-300	
4.8	1.55829136e-007	3.31391331e-004	3.44145822e-002	6.13738796e-001	3.50634552e-001	8.80522274e-004	1.27319323e-011	1.77221916e-021	1.90144498e-033	1.78926753e-048	4.34741197e-066	1.01020378e-085	1.08577362e-105	3.20230527e-125	7.32223274e-145	1.25027452e-164	1.71651408e-184	1.83729805e-204	1.68358659e-224	1.25537737e-244	5.99368523e-265	5.11406590e-285	1.00000000e-300	1.00000000e-300	
4.9	2.37872884e-008	6.78453311e-005	1.10573112e-002	3.27839999e-001	6.49201506e-001	1.18332957e-002	1.93817563e-008	6.75149829e-016	4.49318914e-025	6.82325943e-037	6.15629670e-051	7.93814756e-067	2.88375926e-086	1.00147917e-105	2.76965394e-125	5.64555726e-145	9.29187475e-165	1.18446292e-184	1.29731649e-204	1.05361527e-224	5.04363462e-245	5.01904132e-265	3.99509776e-285	1.00000000e-300	
5	4.34648466e-009	1.70986379e-005	4.32970223e-003	2.05364480e-001	7.41926187e-001	4.83603386e-002	2.18826732e-006	4.03046652e-012	3.23829875e-019	1.51149033e-028	9.12153561e-040	2.01831165e-052	6.33573113e-068	2.21174661e-084	7.38307111e-104	1.76844262e-123	3.43854292e-143	5.09210082e-163	6.52415223e-183	5.31499163e-203	2.58637062e-223	3.00517130e-243	2.77716597e-263	2.08183356e-283	
5.1	8.32170770e-010	4.60040468e-006	1.79405574e-003	1.33499866e-001	7.36302604e-001	1.28332728e-001	6.61427725e-005	2.42618339e-009	7.77142573e-015	3.45801130e-022	3.90783272e-031	3.37520537e-041	1.51417017e-053	2.12171211e-066	8.49364334e-086	2.32747194e-105	5.11892306e-125	8.19119431e-145	1.16103164e-164	8.92483387e-185	4.54606452e-205	6.17520786e-225	6.63116689e-245	5.74226437e-265	
5.2	1.46675062e-010	1.15293708e-006	6.86873857e-004	7.92147663e-002	6.51348620e-001	2.67795500e-001	9.52704350e-004	3.82563791e-007	2.33241346e-011	4.11464286e-017	3.25237280e-024	3.52518732e-032	5.49528037e-042	5.92587015e-052	2.80660706e-071	8.53616917e-091	1.96324038e-110	3.01128962e-130	4.33023629e-150	3.10255520e-170	1.70836143e-190	2.71621183e-210	3.39225417e-230	3.39537791e-250	
5.3	2.23512122e-011	2.51497165e-007	2.27144340e-004	4.02473370e-002	4.98935631e-001	4.52587715e-001	7.97888016e-003	2.30253304e-005	1.56285459e-008	5.52297592e-013	1.40571807e-018	7.85860277e-025	1.41325660e-032	3.15687867e-040	1.73464403e-059	5.73341276e-079	1.27022460e-098	1.68661647e-118	2.28238828e-138	1.56725145e-158	9.58739492e-179	1.78646001e-198	2.59705182e-218	3.00671702e-238	
5.4	2.86095486e-012	4.62109721e-008	6.27976445e-005	1.69797408e-002	3.22576955e-001	6.17571856e-001	4.21706627e-002	6.34758733e-004	3.18239827e-006	1.31765504e-009	5.86919880e-014	8.57942766e-019	8.48857753e-025	1.38564146e-030	1.20773515e-047	1.07184335e-066	2.19527567e-086	2.45559309e-106	3.04879765e-126	2.10247407e-146	1.45832980e-166	3.18886075e-186	5.40118691e-206	7.23815939e-226	
5.5	3.01573373e-013	6.99161390e-009	1.41872700e-005	5.81711053e-003	1.71560503e-001	6.67711247e-001	1.45761115e-001	8.89417135e-003	2.40874566e-004	7.83443276e-007	3.98676441e-010	1.05070919e-013	4.64475419e-018	2.43103045e-022	1.32344901e-035	1.52787707e-050	2.70302560e-067	3.06529493e-086	3.57006665e-106	2.59792363e-126	2.07468745e-146	5.33092002e-166	1.05297964e-185	1.63463005e-205	
5.6	2.46795673e-014	8.19577662e-010	2.46397087e-006	1.52231447e-003	7.01624404e-002	5.35040080e-001	3.20437146e-001	6.48215261e-002	7.84844536e-003	1.64730098e-004	8.48697173e-007	4.08463786e-009	7.03620758e-012	6.20965600e-015	3.63215824e-025	8.26217085e-037	4.76386133e-050	3.87237522e-065	1.73078768e-081	1.86228205e-099	4.19425546e-119	1.26821948e-138	2.92418603e-158	5.26282963e-178	
5.7	1.28470396e-015	6.08866045e-011	2.68972280e-007	2.48650123e-004	1.79159671e-002	2.57786625e-001	3.74551912e-001	2.13737230e-001	1.17788860e-001	1.69223190e-002	9.66765316e-004	7.80875487e-005	3.28597993e-006	2.99035590e-008	4.54877095e-016	4.53761599e-025	1.73753656e-035	1.77057855e-047	1.82069462e-060	9.01180015e-075	1.98785330e-090	9.60136968e-107	2.58692434e-126	5.40248170e-146	
5.8	1.04830377e-017	7.05687506e-013	4.54272990e-009	6.23449055e-006	6.98936425e-004	1.82720027e-002	5.82929310e-002	8.23587012e-002	2.38031060e-001	2.45744200e-001	1.39687068e-001	1.32389495e-001	7.94448529e-002	5.07450768e-003	6.15619263e-009	7.95084420e-016	5.76558930e-024	1.85368342e-033	9.73276955e-044	4.21448835e-055	1.47336767e-067	1.64838935e-080	5.19537741e-100	1.26015752e-119	
5.9	1.41911806e-022	1.34948552e-017	1.25487485e-013	2.53489455e-010	4.38467052e-008	2.00860660e-006	1.29724234e-005	4.08245608e-005	6.15648728e-004	3.91046998e-003	1.65111299e-002	1.22320996e-001	6.52704081e-001	2.03874594e-001	7.23044506e-006	4.37003575e-011	2.21549900e-017	7.51094148e-025	6.08751080e-033	6.11531486e-042	7.99123193e-052	4.44752240e-062	1.64163679e-081	4.62941483e-101	
6	9.51938021e-028	1.27118836e-022	1.69270350e-018	4.98636983e-015	1.31661589e-012	1.02169767e-010	1.24949484e-009	8.03552248e-009	5.37789325e-007	1.64613735e-005	3.78413806e-004	1.53210910e-002	4.91729313e-001	4.92328514e-001	2.25632938e-004	2.71899856e-008	4.32044110e-013	6.43051859e-019	3.09243544e-025	2.49896635e-032	3.87638128e-040	3.16180622e-048	1.36851031e-067	4.49177901e-087	
6.1	2.52614968e-032	4.70822909e-027	8.90052953e-023	3.78724084e-019	1.50840856e-016	1.92242144e-014	4.21324652e-013	5.15958119e-012	1.25173637e-009	1.45559656e-007	1.38872801e-005	2.27769295e-003	3.18381078e-001	6.77144826e-001	2.17973110e-003	2.63774066e-006	6.76877900e-010	2.17561176e-014	2.86204315e-019	8.00278998e-025	5.90572355e-031	2.67287572e-037	1.35837563e-056	5.19554648e-076	
6.2	2.62860145e-036	6.79635873e-031	1.80873017e-026	1.10109223e-022	6.53440897e-020	1.33017268e-017	4.98932737e-016	1.09780306e-014	8.00114770e-012	2.88203032e-009	9.11236209e-007	4.71399269e-004	2.19148936e-001	7.68952298e-001	1.13439752e-002	8.22823859e-005	1.94460084e-007	7.51754022e-011	1.42611219e-014	7.04052273e-019	1.18456064e-023	1.37448437e-028	8.21323197e-048	3.66547595e-067	
6.3	8.36653089e-040	2.98284392e-034	1.10844459e-029	9.56192251e-026	8.35074879e-023	2.64816569e-020	1.63574741e-018	6.16242656e-017	1.14964802e-013	1.08329854e-010	9.44923631e-008	1.25064485e-004	1.54364102e-001	8.03797681e-001	4.04812254e-002	1.21523804e-003	1.65470450e-005	4.72642041e-008	7.57025480e-011	3.84517072e-014	8.09736857e-018	1.30394283e-021	6.95540171e-040	3.62713898e-059	
6.4	6.30993900e-043	3.08439475e-037	1.58796675e-032	1.92324930e-028	2.44258442e-025	1.18006738e-022	1.16177016e-020	7.19795944e-019	3.01039162e-015	6.46393830e-012	1.34015417e-008	3.82088708e-005	1.04184048e-001	7.76305260e-001	1.08531481e-001	1.03699424e-002	5.62992747e-004	7.98324063e-006	6.97089060e-008	2.35772145e-010	3.79999629e-013	5.21168325e-016	1.32628383e-030	1.80936359e-046	
6.5	8.77895606e-046	5.85088474e-040	4.14305505e-035	6.98276072e-031	1.27519023e-027	9.20195360e-025	1.40416552e-022	1.38304225e-020	1.16311336e-016	5.08603892e-013	2.22094563e-009	1.19032908e-005	6.21049095e-002	6.54570440e-001	2.18663190e-001	5.50631137e-002	9.10062633e-003	4.69639223e-004	1.59205391e-005	2.52911511e-007	2.09542117e-009	1.65951933e-011	3.73518027e-023	6.50235660e-036	
6.6	1.67757729e-048	1.51653174e-042	1.46677971e-037	3.41135488e-033	8.86122816e-030	9.38371035e-027	2.16677997e-024	3.29676322e-022	5.10036410e-018	4.14553531e-014	3.45598325e-010	3.13993930e-006	2.81411953e-002	4.17899232e-001	2.98239463e-001	1.72304212e-001	7.16027503e-002	1.06555506e-002	1.09070701e-003	6.17587917e-005	1.92502978e-006	6.46095689e-008	3.37199459e-017	1.81822460e-027	
6.7	3.03783233e-051	3.70685393e-045	4.86598221e-040	1.54933029e-035	5.66752775e-032	8.66885839e-029	2.96645273e-026	6.80284236e-024	1.80053744e-019	2.52494146e-015	3.71003746e-011	5.29505209e-007	7.53468854e-003	1.57283755e-001	2.20044838e-001	2.62716223e-001	2.39482285e-001	8.66275606e-002	2.23041189e-002	3.63273589e-003	3.35939553e-004	3.73249312e-005	1.55943248e-012	8.45903426e-021	
6.8	3.86206889e-054	6.33268052e-048	1.12141364e-042	4.85195448e-038	2.47646607e-034	5.39448836e-031	2.68632676e-028	9.09127529e-026	3.87929758e-021	8.83384741e-017	2.14359555e-012	4.54743592e-008	9.70388947e-004	2.84004442e-002	7.28145682e-002	1.65733083e-001	2.99928592e-001	2.32473721e-001	1.31707324e-001	5.23341881e-002	1.20162666e-002	3.62137320e-003	5.19913735e-009	1.16112672e-015	
6.9	2.96170019e-057	6.49866580e-051	1.54386851e-045	9.01373841e-041	6.36427541e-037	1.94947251e-033	1.39015756e-030	6.81688771e-028	4.46700883e-023	1.57194939e-018	5.97329286e-014	1.80927655e-009	5.55312102e-005	2.27094428e-003	1.01109471e-002	4.11761041e-002	1.37170412e-001	2.07254032e-001	2.33754990e-001	1.99682661e-001	9.95665539e-002	6.89560880e-002	1.73338985e-006	7.83806356e-012	
7	1.32145734e-060	3.86532269e-054	1.22568484e-048	9.59371312e-044	9.29739024e-040	3.95951117e-036	3.98639142e-033	2.78746344e-030	2.69565089e-025	1.40781105e-020	8.02161591e-016	3.36749007e-011	1.44132624e-006	8.20256577e-005	6.07039529e-004	4.20355268e-003	2.43042813e-002	6.65654653e-002	1.38398468e-001	2.30489456e-001	2.25278911e-001	3.09989867e-001	7.94880541e-005	4.14063396e-009	
7.1	5.04064550e-064	1.95856213e-057	8.24986105e-052	8.60417662e-047	1.13622918e-042	6.65892927e-039	9.34635999e-036	9.18915197e-033	1.26923074e-027	9.51698019e-023	7.84683085e-018	4.46459932e-013	2.60261744e-008	2.05144668e-006	2.43422755e-005	2.74959915e-004	2.63238711e-003	1.23418200e-002	4.45219592e-002	1.33888381e-001	2.36849157e-001	5.68502058e-001	9.62488489e-004	3.68963905e-007	
7.2	2.45068747e-067	1.26085775e-060	7.02306106e-055	9.70394744e-050	1.73468288e-045	1.38609965e-041	2.68166215e-038	3.66160301e-035	7.03117634e-030	7.36638707e-025	8.53628866e-020	6.47013974e-015	5.04369380e-010	5.47884026e-008	1.01148649e-006	1.80077000e-005	2.74689461e-004	2.10553018e-003	1.25508900e-002	6.41023534e-002	1.92608949e-001	7.22630437e-001	5.69682231e-003	1.12547525e-005	
7.3	1.69671661e-070	1.15249650e-063	8.45418667e-058	1.53914488e-052	3.70206033e-048	3.99955377e-044	1.05578092e-040	1.98006338e-037	5.16977240e-032	7.40082622e-027	1.17667189e-021	1.17214000e-016	1.20416423e-011	1.79348630e-009	5.02222407e-008	1.36884328e-006	3.22197293e-005	3.88774912e-004	3.67858317e-003	3.03557880e-002	1.47142048e-001	7.96083139e-001	2.21481547e-002	1.69870973e-004	
7.4	1.62179052e-073	1.45048647e-066	1.39573496e-060	3.33082322e-055	1.07198212e-050	1.55412483e-046	5.54618058e-043	1.41481633e-039	4.92985190e-034	9.46683511e-029	2.02446922e-023	2.62178664e-018	3.50762385e-013	7.12464753e-011	2.96085441e-009	1.20532225e-007	4.25952691e-006	7.83731848e-005	1.13810984e-003	1.45572189e-002	1.09085753e-001	8.09591931e-001	6.40226059e-002	1.52162556e-003	
7.5	1.99330340e-076	2.34157350e-069	2.94459315e-063	9.16527639e-058	3.92709584e-053	7.58705656e-049	3.62955270e-045	1.24815661e-041	5.71491986e-036	1.44972254e-030	4.10153223e-025	6.84378692e-020	1.18076331e-014	3.25386637e-012	1.96924549e-010	1.17191240e-008	6.07264473e-007	1.65827955e-005	3.59064914e-004	6.87242748e-003	7.67953966e-002	7.62060577e-001	1.44972935e-001	8.92239762e-003	
7.6	2.92166319e-079	4.49784000e-072	7.36548584e-066	2.97544917e-060	1.68946634e-055	4.32153211e-051	2.74984090e-047	1.26475812e-043	7.50968987e-038	2.48443189e-032	9.17035885e-027	1.95679375e-021	4.31714805e-016	1.60588723e-013	1.39211229e-011	1.18850713e-009	8.84447198e-008	3.50073960e-006	1.10233361e-004	3.06252932e-003	4.94648272e-002	6.49655413e-001	2.61576404e-001	3.61270025e-002	
7.7	4.79201062e-082	9.64757881e-075	2.05012446e-068	1.06975306e-062	8.01460983e-058	2.69847924e-053	2.26746507e-049	1.38462303e-045	1.05410896e-039	4.49892293e-034	2.14115029e-028	5.80535137e-023	1.62605986e-017	8.12469863e-015	9.94162799e-013	1.19735150e-010	1.25612774e-008	7.05686060e-007	3.16075731e-005	1.24096688e-003	2.81827949e-002	4.88824642e-001	3.77390759e-001	1.04328512e-001	
7.8	8.49208402e-085	2.23165354e-077	6.13282308e-071	4.11392153e-065	4.05073170e-060	1.78529980e-055	1.96757779e-051	1.58446837e-047	1.53138438e-041	8.35394926e-036	5.07448759e-030	1.73826226e-024	6.14189492e-019	4.10220979e-016	6.99272630e-014	1.17025362e-011	1.70185731e-009	1.33182346e-007	8.31770294e-006	4.50558693e-004	1.40320478e-002	3.21780917e-001	4.41031504e-001	2.22696520e-001	
7.9	1.62930791e-087	5.57909108e-080	1.97607498e-073	1.69585732e-067	2.18632661e-062	1.25474683e-057	1.80204202e-053	1.90179939e-049	2.31280829e-043	1.59955580e-037	1.22909681e-031	5.29221090e-026	2.34488519e-020	2.08422917e-017	4.89168820e-015	1.12185840e-012	2.22688804e-010	2.38625177e-008	2.04060422e-006	1.49245991e-004	6.23012484e-003	1.89217611e-001	4.33154350e-001	3.71246603e-001	
8	3.47808385e-090	1.54926329e-082	7.04812552e-076	7.70098635e-070	1.29539244e-064	9.63200421e-060	1.79139660e-055	2.46294665e-051	3.73870701e-045	3.25449696e-039	3.13826493e-033	1.69045785e-027	9.34155024e-022	1.10033142e-018	3.51749824e-016	1.09145853e-013	2.91511750e-011	4.20987676e-009	4.84796369e-007	4.69315504e-005	2.57091042e-003	1.03530815e-001	3.76940770e-001	5.16910084e-001	
